AIMSum (Version 17.11.14, Professional)
Copyright (c) 1997-2017 by Todd A. Keith
AIMSum is a component of the AIMAll package ( http://aim.tkgristmill.com )

TP:  64-bit Linux

Much of the Quantum Theory of Atoms in Molecules (QTAIM) is described in the book:
  "Atoms in Molecules - A Quantum Theory"
  R.F.W. Bader, Oxford University Press, Oxford, 1990

For additional references see:  http://aim.tkgristmill.com/references.html

Wfn File:  /home/bruns/metodo_ts/QCISD/clch3f_ts/RUN/GAUSSIAN.wfn
Sum File:  /home/bruns/metodo_ts/QCISD/clch3f_ts/RUN/GAUSSIAN.sum

SumViz File:  /home/bruns/metodo_ts/QCISD/clch3f_ts/RUN/GAUSSIAN.sumviz

Wfn Title:   clch3f_ts-wavefunction                                                        
 
Total memory allocated for AIMSum =        1.289 Megabytes

Atomic units (a.u.) used throughout, except where stated otherwise

Model:  Unknown
 
Restricted, natural orbital wavefunction.
  Number of electrons (from MO Occs)                   =          36.0000005000
  Number of Alpha electrons (from MO Occs)             =          18.0000002500
  Number of Beta electrons (from MO Occs)              =          18.0000002500
  Number of electron pairs (N*(N-1)/2)                 =         630.0000177500
  Number of electron pairs (from Muller 2EDM)          =         630.0000177500
  Number of electron pairs (from Muller 2EDM, no SOSI) =         630.4343790091
 
Nuclear Charges and Cartesian Coordinates:
-------------------------------------------------------------------------------
Atom      Charge                X                  Y                  Z
-------------------------------------------------------------------------------
C1         6.0           3.3070000000E-04   5.4800000000E-05  -9.4053370000E-01
H2         1.0           3.5900000000E-05  -1.9890690400E+00  -1.1730021400E+00
H3         1.0          -1.7221301000E+00   9.9468570000E-01  -1.1739829100E+00
H4         1.0           1.7229578000E+00   9.7534813000E-01  -1.1745970700E+00
Cl5       17.0           1.0488000000E-03   1.8179200000E-03   3.1080665900E+00
F6         9.0          -3.5149000000E-04  -1.7404400000E-03  -4.9009442500E+00
 
Some Atomic Properties:
----------------------
  q(A) = Net Charge of Atom A
  L(A) = Lagrangian of Atom A = -(1/4) Times Atomic Integral of the Laplacian of the Electron Density
  K(A) = Electronic Kinetic Energy of Atom A (Hamiltonian Form)
  K_Scaled(A) = K(A) * E(Mol)/K(Mol) = Approximation to Virial-Based Total Energy of Atom A.
  |Mu_Intra(A)| = Magnitude of Intraatomic Dipole Moment of Atom A
--------------------------------------------------------------------------------------------------
Atom A          q(A)              L(A)              K(A)          K_Scaled(A)      |Mu_Intra(A)|
--------------------------------------------------------------------------------------------------
C1        2.2896288350E-01 -6.2518837819E-05  3.7798355857E+01 -3.7805686470E+01  2.5291116693E-02
H2        9.0609055380E-02  3.0658262448E-05  6.1577139101E-01 -6.1589081371E-01  1.4498739623E-01
H3        9.2135361440E-02  2.0892992670E-05  6.1488030513E-01 -6.1499955501E-01  1.4471696230E-01
H4        8.8875726030E-02  2.9806631479E-05  6.1948361072E-01 -6.1960375337E-01  1.4499796353E-01
Cl5      -6.4155052900E-01  8.7187977848E-06  4.5981432770E+02 -4.5990350409E+02  1.6756518781E-01
F6       -8.5898866920E-01  1.1600355994E-05  9.9740038093E+01 -9.9759381676E+01  1.0484666508E-01
--------------------------------------------------------------------------------------------------
Total    -9.9995617185E-01  3.9158202557E-05  5.9920285696E+02 -5.9931906636E+02
 
1st Largest |L(A)| = 6.2518837819E-05, atom C1      
2nd Largest |L(A)| = 3.0658262448E-05, atom H2      
 
Molecular charge q(Mol) from the wfn file:  -1.0000005000E+00
Molecular energy E(Mol) from the wfn file:  -5.9931906485E+02
Molecular virial ratio (-V(Mol)/T(Mol)) from the wfn file:   2.0001939400E+00
Note.  K_Scaled(A) = (1+V(Mol)/T(Mol))*K(A) = (E(Mol)/T(Mol))*K(A)
       Only use K_Scaled(A) data with caution.
 
N_AIMInt(SumA)     =         35.999956
N_Analytic(Mol)    =         36.000000
 
G_AIMInt(SumA)     =        599.202818
G_Analytic(Mol)    =        599.202854
 
K_AIMInt(SumA)     =        599.202857
K_Analytic(Mol)    =        599.202854
 
L_AIMInt(SumA)     =          0.000039
L_Analytic(Mol)    =          0.000000
 
VenT_AIMInt(SumA)  =      -1604.225398
VenT_Analytic(Mol) =      -1604.225845
 
Some Information About the Atomic Calculations:
----------------------------------------------
  Time(sec) = "Elapsed User Time", in Seconds, for Atom A by AIMInt and, if used, by TWOe
  NProc = Number of Processors Used for AIMInt Job
  BIM = Basin Integration Method
  OAQ = Angular Quadrature Outside of Beta Sphere
  ORQ = Multiple of Default for Radial Quadrature Outside of Beta Sphere
  IAQ = Multiple of Default for Angular Quadrature Inside of Beta Sphere
  IRQ = Multiple of Default for Radial Quadrature Inside of Beta Sphere
  MIR = Maximum Integration Radius
------------------------------------------------------------------------------------------------------
Atom A     Time(sec)   NProc      BIM          OAQ                     ORQ      IAQ      IRQ      MIR
------------------------------------------------------------------------------------------------------
C1             85        8     Proaim(5)    4500(GS4)                  1.00     1.00     1.00    13.00
H2             16        8     Proaim(5)    1800(GS4)                  1.00     1.00     1.00    13.00
H3             16        8     Proaim(5)    1800(GS4)                  1.00     1.00     1.00    13.00
H4             15        8     Proaim(5)    1800(GS4)                  1.00     1.00     1.00    13.00
Cl5            33        8     Proaim(5)    3150(GS4)                  1.00     1.00     1.00    13.00
F6             34        8     Proaim(5)    2700(GS4)                  1.00     1.00     1.00    13.00
------------------------------------------------------------------------------------------------------
Total         199
Note:  Total wall clock time is less than total of atomic times if more than one atom
       was calculated at a time
 
Electron Density Critical Point Analysis of Molecular Structure:               
---------------------------------------------------------------                
  NACP = Nuclear Attractor Critical Point                                      
  NNACP = Non-Nuclear Attractor Critical Point                                 
  BCP = Bond Critical Point                                                    
  RCP = Ring Critical Point                                                    
  CCP = Cage Critical Point                                                    
  Rho = Electron Density                                                       
  GradRho = Gradient of Electron Density                                       
  HessRho_EigVals = Eigenvalues of the Hessian of Rho, Ascending Order         
  HessRho_EigVecs = Eigenvectors of the Hessian of Rho                         
  DelSqRho = Laplacian of Rho = Trace of Hessian of Rho                        
  Bond Ellipticity = (HessRho_EigVal(1) / HessRho_EigVal(2)) - 1               
  V = Virial Field = Potential Energy Density = Trace of Stress Tensor         
  G = Lagrangian Form of Kinetic Energy Density                                
  K = Hamiltonian Form of Kinetic Energy Density                               
  L = K - G = Lagrangian Density = (-1/4)DelSqRho                              
  Vnuc = Electrostatic Potential from Nuclei                                   
  Ven = Electron-nuclear attractive contribution to Virial Field V             
  Vrep = V - Ven = Repulsive contribution to Virial Field V                    
  DelSqV = Laplacian of V                                                      
  DelSqVen = Laplacian of Ven                                                  
  DelSqVrep = Laplacian of Vrep                                                
  DelSqG = Laplacian of G                                                      
  DelSqK = Laplacian of K                                                      
  Stress_EigVals = Eigenvalues of Stress Tensor, Ascending Order               
  Stress_EigVecs = Eigenvectors of Stress Tensor                               
  -DivStress = Ehrenfest Force Density = Minus Divergence of Stress Tensor     
  ESP = Total Electrostatic Potential                                          
  ESPe = Electrostatic Potential from Electrons                                
  ESPn = Electrostatic Potential from Nuclei                                   
  BP = Bond Path                                                               
  BPL = Bond Path Length                                                       
  GBL = Geometric Bond Length                                                  
  GBL_I = Distance Between Nuclear Attractors                                  
  GBL_II = Distance Between Nuclei                                             
  GBL_III = Sum of Distances Between BCP and Nuclear Attractors                
  GBL_IV = Sum of Distances Between BCP and Nuclei                             

CP# 1      Coords =  3.30641934696761E-04  5.47590196756139E-05 -9.40530822172418E-01
           Type = (3,-3) NACP C1
           Rho =  1.2141035948E+02     Rho at Nucleus =  1.2141035845E+02
           GradRho =  2.2724834257E-15 -7.4057040443E-16 -4.6187149497E-12
           HessRho_EigVals = -2.4893650151E+05 -2.4892939614E+05 -2.4892935832E+05
           HessRho_EigVec1 =  9.4090259292E-04  7.9532308292E-04  9.9999924108E-01
           HessRho_EigVec2 = -6.2294163155E-01  7.8226831866E-01 -3.6028681853E-05
           HessRho_EigVec3 =  7.8226775364E-01  6.2294112489E-01 -1.2314781483E-03
           DelSqRho = -7.4679525596E+05
           Bond Ellipticity = NA
           V = -1.8671235342E+05
           G =  6.7697167549E+00
           K =  1.8670558371E+05
           L =  1.8669881399E+05
           Vnuc =  2.0842784931E+06
           Ven = -2.5305300110E+08
           Vrep =  2.5286628875E+08
           DelSqV =  1.1231728857E+10
           DelSqVen =  1.5565292749E+12
           DelSqVrep = -1.5452975542E+12
           DelSqG =  3.8282360692E+08
           DelSqK = -1.1614552464E+10
           Stress_EigVals = -6.2238178999E+04 -6.2238167113E+04 -6.2236007312E+04
           Stress_EigVec1 =  8.9944750446E-01  4.3702738305E-01 -1.1194564309E-03
           Stress_EigVec2 = -4.3702788349E-01  8.9944792665E-01 -2.3726539667E-04
           Stress_EigVec3 =  9.0320129036E-04  7.0264144358E-04  9.9999934526E-01
           -DivStress =  2.1362818195E+02  1.5072452013E+02 -1.0578758838E+04
           ESP =  -1.4869881523E+01     ESP at Nucleus =  -1.4869881546E+01
           ESPe = -2.2841695178E+01     ESPe at Nucleus = -2.2841694120E+01
           ESPn =  7.9718136554E+00     ESPn at Nucleus =  7.9718125741E+00

CP# 2      Coords =  1.39630340457026E-05 -1.95534951228777E+00 -1.16801257793044E+00
           Type = (3,-3) NACP H2
           Rho =  4.4830457313E-01     Rho at Nucleus =  4.4343007140E-01
           GradRho =  1.0348651246E-17  1.2472867183E-15  9.2505493764E-17
           HessRho_EigVals = -8.9822085296E+00 -8.9688855313E+00 -8.0259161870E+00
           HessRho_EigVec1 =  8.6225645509E-04 -1.3701750695E-01  9.9056825070E-01
           HessRho_EigVec2 =  9.9999947694E-01  6.6307043502E-04 -7.7874870873E-04
           HessRho_EigVec3 = -5.5011431430E-04  9.9056840406E-01  1.3701800702E-01
           DelSqRho = -2.5977010248E+01
           Bond Ellipticity = NA
           V = -6.5221082355E+00
           G =  1.3927836746E-02
           K =  6.5081803987E+00
           L =  6.4942525620E+00
           Vnuc =  3.8722791282E+01
           Ven = -1.7359604416E+01
           Vrep =  1.0837496181E+01
           DelSqV =  1.6603273346E+03
           DelSqVen =  1.0059023460E+03
           DelSqVrep =  6.5442498866E+02
           DelSqG =  1.2683121481E+02
           DelSqK = -1.7871585494E+03
           Stress_EigVals = -2.2541683280E+00 -2.2518727066E+00 -2.0160672008E+00
           Stress_EigVec1 = -5.7191474717E-04 -1.3641761563E-01  9.9065125400E-01
           Stress_EigVec2 =  9.9999963394E-01  5.5245923238E-04  6.5338806811E-04
           Stress_EigVec3 = -6.3642807367E-04  9.9065126505E-01  1.3641724973E-01
           -DivStress =  1.1997531963E-02 -1.8235170865E+01 -2.6984926105E+00
           ESP =  -1.2610381403E+00     ESP at Nucleus =  -1.2629246970E+00
           ESPe = -1.0646869448E+01     ESPe at Nucleus = -1.0571912096E+01
           ESPn =  9.3858313075E+00     ESPn at Nucleus =  9.3089873990E+00

CP# 3      Coords = -1.69288670374432E+00  9.77826024861981E-01 -1.16898026949611E+00
           Type = (3,-3) NACP H3
           Rho =  4.4800161322E-01     Rho at Nucleus =  4.4312043310E-01
           GradRho =  4.6129506338E-13 -2.6558860373E-13  7.8290338231E-14
           HessRho_EigVals = -8.9755343593E+00 -8.9621757275E+00 -8.0185162103E+00
           HessRho_EigVec1 = -1.1897127280E-01  6.8591782054E-02  9.9052561990E-01
           HessRho_EigVec2 =  4.9958727813E-01  8.6626355759E-01  1.8145124540E-05
           HessRho_EigVec3 =  8.5805500277E-01 -4.9485615711E-01  1.3732805972E-01
           DelSqRho = -2.5956226297E+01
           Bond Ellipticity = NA
           V = -6.5168549521E+00
           G =  1.3899188911E-02
           K =  6.5029557632E+00
           L =  6.4890565743E+00
           Vnuc =  3.8689324536E+01
           Ven = -1.7332879807E+01
           Vrep =  1.0816024855E+01
           DelSqV =  1.6588513160E+03
           DelSqVen =  1.0042288629E+03
           DelSqVrep =  6.5462245304E+02
           DelSqG =  1.2671409504E+02
           DelSqK = -1.7855654110E+03
           Stress_EigVals = -2.2524939705E+00 -2.2501813520E+00 -2.0141796296E+00
           Stress_EigVec1 = -1.1768734976E-01  6.9529513554E-02  9.9061361512E-01
           Stress_EigVec2 =  4.9968100318E-01  8.6620831077E-01 -1.4343730727E-03
           Stress_EigVec3 =  8.5817747743E-01 -4.9482199740E-01  1.3668433752E-01
           -DivStress = -1.5802057369E+01  9.1101463616E+00 -2.7033569529E+00
           ESP =  -1.2604223626E+00     ESP at Nucleus =  -1.2623032415E+00
           ESPe = -1.0644907997E+01     ESPe at Nucleus = -1.0569872267E+01
           ESPn =  9.3844856348E+00     ESPn at Nucleus =  9.3075690250E+00

CP# 4      Coords =  1.69337186734569E+00  9.58655484300847E-01 -1.16953176131630E+00
           Type = (3,-3) NACP H4
           Rho =  4.5140235467E-01     Rho at Nucleus =  4.4642517765E-01
           GradRho = -6.0768155564E-13 -3.4260798533E-13  1.0279771765E-13
           HessRho_EigVals = -9.0410094135E+00 -9.0275102008E+00 -8.0660080357E+00
           HessRho_EigVec1 =  1.2076021398E-01  6.7250687673E-02  9.9040108831E-01
           HessRho_EigVec2 = -4.9150081373E-01  8.7087675315E-01  7.9430739367E-04
           HessRho_EigVec3 =  8.6246386639E-01  4.8687886156E-01 -1.3822103077E-01
           DelSqRho = -2.6134527650E+01
           Bond Ellipticity = NA
           V = -6.5619719304E+00
           G =  1.4170008965E-02
           K =  6.5478019214E+00
           L =  6.5336319125E+00
           Vnuc =  3.8521795848E+01
           Ven = -1.7388829352E+01
           Vrep =  1.0826857421E+01
           DelSqV =  1.6693631120E+03
           DelSqVen =  1.0067489387E+03
           DelSqVrep =  6.6261417325E+02
           DelSqG =  1.2750843157E+02
           DelSqK = -1.7968715435E+03
           Stress_EigVals = -2.2690249027E+00 -2.2667494551E+00 -2.0261975726E+00
           Stress_EigVec1 =  1.1876429653E-01  6.9528332370E-02  9.9048516035E-01
           Stress_EigVec2 = -4.9170411193E-01  8.7075965338E-01 -2.1661845382E-03
           Stress_EigVec3 =  8.6262512610E-01  4.8676836077E-01 -1.3760252460E-01
           -DivStress =  1.6095358300E+01  9.0807815120E+00 -2.7558012893E+00
           ESP =  -1.2611261575E+00     ESP at Nucleus =  -1.2631849831E+00
           ESPe = -1.0667221336E+01     ESPe at Nucleus = -1.0591386057E+01
           ESPn =  9.4060951785E+00     ESPn at Nucleus =  9.3282010735E+00

CP# 5      Coords =  1.04880005833810E-03  1.81791997340233E-03  3.10806651429483E+00
           Type = (3,-3) NACP Cl5
           Rho =  3.1725876323E+03     Rho at Nucleus =  3.1725876319E+03
           GradRho =  1.1624887292E-11 -1.0089080631E-11 -1.5344629253E-08
           HessRho_EigVals = -1.3891680303E+08 -1.3891657950E+08 -1.3891657940E+08
           HessRho_EigVec1 = -1.7861225412E-04  4.1048825943E-04  9.9999989980E-01
           HessRho_EigVec2 =  9.9994191745E-01  1.0776427093E-02  1.7417830052E-04
           HessRho_EigVec3 = -1.0776354515E-02  9.9994184837E-01 -4.1238921916E-04
           DelSqRho = -4.1674996193E+08
           Bond Ellipticity = NA
           V = -1.0421593652E+08
           G =  1.4223019089E+04
           K =  1.0420171350E+08
           L =  1.0418749048E+08
           Vnuc =  2.2455525323E+08
           Ven = -7.1242121917E+11
           Vrep =  7.1231700324E+11
           DelSqV =  3.3656980255E+14
           DelSqVen =  9.3583179851E+16
           DelSqVrep = -9.3246644409E+16
           DelSqG =  4.5632224527E+12
           DelSqK = -3.4113302500E+14
           Stress_EigVals = -3.4738664241E+07 -3.4738664218E+07 -3.4738608062E+07
           Stress_EigVec1 = -1.0597943393E-02  9.9994375533E-01 -4.1202644543E-04
           Stress_EigVec2 =  9.9994382360E-01  1.0598017441E-02  1.7795028033E-04
           Stress_EigVec3 = -1.8230693503E-04  4.1011739227E-04  9.9999989928E-01
           -DivStress = -6.4997296649E+03  2.9676197338E+03  8.4340076439E+06
           ESP =  -6.4638351404E+01     ESP at Nucleus =  -6.4638351405E+01
           ESPe = -6.7879667714E+01     ESPe at Nucleus = -6.7879667667E+01
           ESPn =  3.2413163100E+00     ESPn at Nucleus =  3.2413162624E+00

CP# 6      Coords = -3.51488703819466E-04 -1.74043999494348E-03 -4.90094353741906E+00
           Type = (3,-3) NACP F6
           Rho =  4.3109873438E+02     Rho at Nucleus =  4.3109873386E+02
           GradRho =  1.5565438016E-11 -5.3637596805E-14  9.0783350822E-09
           HessRho_EigVals = -2.0428404690E+06 -2.0428278483E+06 -2.0428278333E+06
           HessRho_EigVec1 =  6.9259173956E-04  3.6624629818E-04  9.9999969309E-01
           HessRho_EigVec2 =  9.9697435171E-01 -7.7728397274E-02 -6.6202866597E-04
           HessRho_EigVec3 =  7.7728130953E-02  9.9697450425E-01 -4.1897221158E-04
           DelSqRho = -6.1284961506E+06
           Bond Ellipticity = NA
           V = -1.5324329538E+06
           G =  1.5445808619E+02
           K =  1.5322784957E+06
           L =  1.5321240376E+06
           Vnuc =  1.2630127631E+07
           Ven = -5.4448320367E+09
           Vrep =  5.4432996038E+09
           DelSqV =  2.1792668768E+11
           DelSqVen =  7.7403690893E+13
           DelSqVrep = -7.7185768400E+13
           DelSqG =  7.2617666942E+09
           DelSqK = -2.2518845437E+11
           Stress_EigVals = -5.1081202488E+05 -5.1081202123E+05 -5.1080890771E+05
           Stress_EigVec1 =  7.8498231576E-02  9.9691416332E-01 -4.2263149371E-04
           Stress_EigVec2 =  9.9691401469E-01 -7.8498498835E-02 -6.5802378758E-04
           Stress_EigVec3 =  6.8916917146E-04  3.6967355547E-04  9.9999969419E-01
           -DivStress = -9.2516989897E+01 -2.2065861128E-01 -5.0796891941E+04
           ESP =  -2.6928487315E+01     ESP at Nucleus =  -2.6928487318E+01
           ESPe = -3.1276462723E+01     ESPe at Nucleus = -3.1276462159E+01
           ESPn =  4.3479754088E+00     ESPn at Nucleus =  4.3479748416E+00

CP# 7      Coords = -2.81998135339377E-04 -1.31264951281009E+00 -1.08189138209799E+00
           Type = (3,-1) BCP C1 H2
           Rho =  3.1739462903E-01
           GradRho =  2.6080545774E-17 -3.6678610683E-14  2.4283041992E-14
           HessRho_EigVals = -9.6997165992E-01 -9.2844956861E-01  5.1070184265E-01
           HessRho_EigVec1 =  1.5494722284E-03 -1.2937547025E-01  9.9159446692E-01
           HessRho_EigVec2 =  9.9999871340E-01  6.1210137541E-04 -1.4827425733E-03
           HessRho_EigVec3 = -4.1512581938E-04  9.9159548861E-01  1.2937625222E-01
           DelSqRho = -1.3877193859E+00
           Bond Ellipticity =  4.4721967372E-02
           V = -4.3561064351E-01
           G =  4.4340398519E-02
           K =  3.9127024499E-01
           L =  3.4692984647E-01
           Vnuc =  1.2805923065E+01
           Ven = -4.0645312007E+00
           Vrep =  3.6289205572E+00
           DelSqV = -2.5033784923E+00
           DelSqVen =  1.7771027692E+01
           DelSqVrep = -2.0274406184E+01
           DelSqG =  1.9013927737E+00
           DelSqK =  6.0198571865E-01
           Stress_EigVals = -2.7413088867E-01 -2.6816854198E-01  1.0668878714E-01
           Stress_EigVec1 =  9.9999728255E-01  8.4635682363E-04 -2.1722278641E-03
           Stress_EigVec2 =  2.2620143292E-03 -1.2680253012E-01  9.9192540125E-01
           Stress_EigVec3 = -5.6407884271E-04  9.9192761935E-01  1.2680410001E-01
           -DivStress =  5.1647442986E-04 -1.8404640346E-02 -1.2039405099E-02
           ESP =   7.5082548130E-01
           ESPe = -1.2055097584E+01
           ESPn =  1.2805923065E+01
           BPL =  1.9689945697E+00 =  1.3205473407E+00 +  6.4844722900E-01                
           GBL_I =  1.9685918606E+00                                                      
           GBL_II =  2.0026620567E+00                                                     
           GBL_III =  1.9687382638E+00 =  1.3202937887E+00 +  6.4844447511E-01            
           GBL_IV =  2.0028216512E+00 =  1.3202935214E+00 +  6.8252812984E-01             

CP# 8      Coords = -1.13663499970408E+00  6.56937186190902E-01 -1.08268597583465E+00
           Type = (3,-1) BCP C1 H3
           Rho =  3.1735060053E-01
           GradRho = -9.7814300819E-16  5.3615237620E-16 -8.9519396720E-17
           HessRho_EigVals = -9.7005774533E-01 -9.2879172591E-01  5.1099055001E-01
           HessRho_EigVec1 = -1.1247644406E-01  6.4780754374E-02  9.9154046987E-01
           HessRho_EigVec2 =  4.9976858889E-01  8.6615896176E-01  1.0263099296E-04
           HessRho_EigVec3 =  8.5882501541E-01 -4.9555232502E-01  1.2979786621E-01
           DelSqRho = -1.3878589212E+00
           Bond Ellipticity =  4.4429787932E-02
           V = -4.3540276064E-01
           G =  4.4219015166E-02
           K =  3.9118374547E-01
           L =  3.4696473031E-01
           Vnuc =  1.2803408869E+01
           Ven = -4.0631694933E+00
           Vrep =  3.6277667327E+00
           DelSqV = -2.5114724396E+00
           DelSqVen =  1.7769325221E+01
           DelSqVrep = -2.0280797660E+01
           DelSqG =  1.9005424472E+00
           DelSqK =  6.1092999239E-01
           Stress_EigVals = -2.7407204417E-01 -2.6815602220E-01  1.0682530572E-01
           Stress_EigVec1 =  4.9969539097E-01  8.6620106484E-01 -4.8116071559E-04
           Stress_EigVec2 = -1.0989149009E-01  6.3945346186E-02  9.9188449585E-01
           Stress_EigVec3 =  8.5920217449E-01 -4.9558723548E-01  1.2714132049E-01
           -DivStress = -1.7940476216E-02  1.0002111943E-02 -1.2201090325E-02
           ESP =   7.5130446978E-01
           ESPe = -1.2052104399E+01
           ESPn =  1.2803408869E+01
           BPL =  1.9689545043E+00 =  1.3210071361E+00 +  6.4794736817E-01                
           GBL_I =  1.9685555054E+00                                                      
           GBL_II =  2.0026633188E+00                                                     
           GBL_III =  1.9686995720E+00 =  1.3207548906E+00 +  6.4794468140E-01            
           GBL_IV =  2.0028203707E+00 =  1.3207546105E+00 +  6.8206576020E-01             

CP# 9      Coords =  5.65218518060777E-04 -4.21089580554358E-04 -2.75726869439578E+00
           Type = (3,-1) BCP C1 F6
           Rho =  4.6121847259E-02
           GradRho = -7.4583302176E-19  8.7426847612E-19 -1.0470601284E-16
           HessRho_EigVals = -3.8381379915E-02 -3.8257317104E-02  2.3483864293E-01
           HessRho_EigVec1 = -6.5208242098E-02  9.9787141429E-01 -7.2505980036E-04
           HessRho_EigVec2 =  9.9787151255E-01  6.5207796046E-02 -6.2272070929E-04
           HessRho_EigVec3 =  5.7411564330E-04  7.6412304244E-04  9.9999954325E-01
           DelSqRho =  1.5819994591E-01
           Bond Ellipticity =  3.2428518311E-03
           V = -4.4908669091E-02
           G =  4.2229327784E-02
           K =  2.6793413065E-03
           L = -3.9549986478E-02
           Vnuc =  1.1580571104E+01
           Ven = -5.3411733163E-01
           Vrep =  4.8920866254E-01
           DelSqV = -3.9600684285E-01
           DelSqVen = -1.8320457223E+00
           DelSqVrep =  1.4360388794E+00
           DelSqG =  2.8769770516E-01
           DelSqK =  1.0830913769E-01
           Stress_EigVals = -2.4700628577E-02 -2.4679045780E-02  4.4710052662E-03
           Stress_EigVec1 =  3.4878809280E-01  9.3720148239E-01 -4.9771148199E-04
           Stress_EigVec2 =  9.3720160121E-01 -3.4878812827E-01  1.6471097220E-05
           Stress_EigVec3 =  1.5815911949E-04  4.7220092044E-04  9.9999987601E-01
           -DivStress =  3.9275808251E-06 -2.5948462800E-07  2.0418303250E-02
           ESP =  -1.7914572914E-02
           ESPe = -1.1598485677E+01
           ESPn =  1.1580571104E+01
           BPL =  3.9604253980E+00 =  1.8167499493E+00 +  2.1436754487E+00                
           GBL_I =  3.9604131809E+00                                                      
           GBL_II =  3.9604110156E+00                                                     
           GBL_III =  3.9604133947E+00 =  1.8167379497E+00 +  2.1436754450E+00            
           GBL_IV =  3.9604112295E+00 =  1.8167350719E+00 +  2.1436761576E+00             

CP# 10     Coords =  5.63564962998377E-04  9.90203941756072E-04  7.24443824384701E-01
           Type = (3,-1) BCP Cl5 C1
           Rho =  8.0650294430E-02
           GradRho = -7.8668585250E-19  1.1838754912E-18 -3.1841879614E-17
           HessRho_EigVals = -8.4452980903E-02 -8.4416219199E-02  2.0950896810E-01
           HessRho_EigVec1 = -3.7410010302E-01  9.2738832109E-01 -1.2175219087E-04
           HessRho_EigVec2 =  9.2738829420E-01  3.7410004972E-01 -3.2339177422E-04
           HessRho_EigVec3 =  2.5436225389E-04  2.3389245266E-04  9.9999994030E-01
           DelSqRho =  4.0639768000E-02
           Bond Ellipticity =  4.3548152598E-04
           V = -6.9112901593E-02
           G =  3.9636421797E-02
           K =  2.9476479797E-02
           L = -1.0159942000E-02
           Vnuc =  1.3427545102E+01
           Ven = -1.0829354659E+00
           Vrep =  1.0138225644E+00
           DelSqV = -4.4021815388E-01
           DelSqVen = -5.4569231775E-01
           DelSqVrep =  1.0547416387E-01
           DelSqG =  2.9798183528E-01
           DelSqK =  1.4223631860E-01
           Stress_EigVals = -4.1850456884E-02 -4.1828357270E-02  1.4565912561E-02
           Stress_EigVec1 =  3.9480092608E-01  9.1876655685E-01 -4.9273069162E-04
           Stress_EigVec2 =  9.1876667067E-01 -3.9480096849E-01  1.2116417781E-05
           Stress_EigVec3 =  1.8339839481E-04  4.5748811003E-04  9.9999987853E-01
           -DivStress =  2.7942904970E-06 -2.3529779184E-05 -4.1270915747E-02
           ESP =   1.7988588245E-01
           ESPe = -1.3247659219E+01
           ESPn =  1.3427545102E+01
           BPL =  4.0485988687E+00 =  2.3836228859E+00 +  1.6649759828E+00                
           GBL_I =  4.0485977841E+00                                                      
           GBL_II =  4.0486007376E+00                                                     
           GBL_III =  4.0485978086E+00 =  2.3836228830E+00 +  1.6649749256E+00            
           GBL_IV =  4.0486007621E+00 =  2.3836229587E+00 +  1.6649778034E+00             

CP# 11     Coords =  1.13567043066716E+00  6.43668623838472E-01 -1.08284824576176E+00
           Type = (3,-1) BCP H4 C1
           Rho =  3.2088198125E-01
           GradRho =  1.0721696605E-16  9.5608402236E-17 -5.1646458122E-17
           HessRho_EigVals = -9.8474479351E-01 -9.4230562025E-01  5.0952173119E-01
           HessRho_EigVec1 =  1.1463494013E-01  6.2962483889E-02  9.9141038734E-01
           HessRho_EigVec2 = -4.9171811148E-01  8.7075305088E-01  1.5566725454E-03
           HessRho_EigVec3 =  8.6317560748E-01  4.8767289243E-01 -1.3077851752E-01
           DelSqRho = -1.4175286826E+00
           Bond Ellipticity =  4.5037589017E-02
           V = -4.4467401500E-01
           G =  4.5145922178E-02
           K =  3.9952809282E-01
           L =  3.5438217064E-01
           Vnuc =  1.2838729189E+01
           Ven = -4.1197168590E+00
           Vrep =  3.6750428440E+00
           DelSqV = -2.5136395598E+00
           DelSqVen =  1.8199266873E+01
           DelSqVrep = -2.0712906433E+01
           DelSqG =  1.9396231203E+00
           DelSqK =  5.7401643954E-01
           Stress_EigVals = -2.7857900161E-01 -2.7239558586E-01  1.0630057247E-01
           Stress_EigVec1 = -4.9144657093E-01  8.7090616536E-01  1.6489574165E-03
           Stress_EigVec2 =  1.1239436182E-01  6.1545620752E-02  9.9175583890E-01
           Stress_EigVec3 =  8.6362478853E-01  4.8758033974E-01 -1.2813132694E-01
           -DivStress =  1.6246632553E-02  8.2264925735E-03 -1.2224382884E-02
           ESP =   7.6193472475E-01
           ESPe = -1.2076794464E+01
           ESPn =  1.2838729189E+01
           BPL =  1.9594163936E+00 =  6.4634748333E-01 +  1.3130689102E+00                
           GBL_I =  1.9590164296E+00                                                      
           GBL_II =  1.9933456465E+00                                                     
           GBL_III =  1.9591622228E+00 =  6.4634483568E-01 +  1.3128173871E+00            
           GBL_IV =  1.9935045952E+00 =  6.8068759041E-01 +  1.3128170048E+00             

Number of NACPs  =      6
Number of NNACPs =      0
Number of BCPs   =      5
Number of RCPs   =      0
Number of CCPs   =      0
NumNACP + NumNNACP - NumBCP + NumRCP - NumCCP =      1
Poincare-Hopf Relationship is Satisfied

Bond Path Angles and Corresponding Geometric Bond Angles:
--------------------------------------------------------
  BPA     = A-B-C Bond Path Angle
  GBA_I   = A-B-C Geometric Bond Angle in Terms of Nuclear Attractors
  GBA_II  = A-B-C Geometric Bond Angle in Terms of Nuclei
  GBA_III = A-B-C Geometric Bond Angle in Terms of A|B and C|B BCPs and Nuclear Attractor B
  GBA_IV  = A-B-C Geometric Bond Angle in Terms of A|B and C|B BCPs and Nucleus B
-------------------------------------------------------------------------------------------------
Atom A    Atom B    Atom C        BPA          GBA_I         GBA_II       GBA_III       GBA_IV
-------------------------------------------------------------------------------------------------
H3        C1        H2        119.31034000  118.67357661  118.66180707  118.85348562  118.85352583
F6        C1        H2         85.53363956   83.33835660   83.30812142   83.83869892   83.83882196
F6        C1        H3         85.65256978   83.34029288   83.31028923   83.83509936   83.83522270
Cl5       C1        H2         94.73326532   96.66062434   96.69085831   96.17849199   96.17836616
Cl5       C1        H3         94.44343590   96.66047217   96.69047495   96.16964956   96.16952430
Cl5       C1        F6        179.62433956  179.99893909  179.99893840  179.97691635  179.97692098
H4        C1        H2        119.05386362  118.20844189  118.19435120  118.43948365  118.43953111
H4        C1        H3        119.72591039  119.12652520  119.11655753  119.27300260  119.27305180
H4        C1        F6         85.01008322   83.30839575   83.27802120   83.77752256   83.77764932
H4        C1        Cl5        94.62802424   96.69184977   96.72222637   96.20059407   96.20047202

Total time for electron density critical point search, analysis and connectivity = 262 sec (NProc = 8)             
 
Virial-Based Atomic Energy Components:
-------------------------------------
  Ee(A) = E(A) - W(A) = -T(A)
        = Contribution of Atom A to Electronic Energy of Molecule.
          Not additive to give molecular Ee unless molecular electronic virial theorem is satisfied.
  T(A) = Electronic Kinetic Energy of Atom A (Hamiltonian Form)
  Ven(A) = Ven(A,Mol) = VenT(A)
         = Attraction Energy Between Electron Density Distribution of Atom A and Nuclei of Molecule
  VenO(A) = Ven(A,A)
          = Attraction Energy Between Electron Density Distribution of Atom A and Nucleus of Atom A
  Vee(A) = Vee(A,A) + Vee(A,A')/2
         = Two-Electron Interaction Energy of Atom A with Itself Plus Half of Two-Electron Interaction Energy
           Between Atom A and Other Atoms of Molecule
  Vnn(A) - W(A) = Contribution of Atom A to the Nuclear Repulsion Energy of Molecule Minus
                  the Nuclear Virial of Energy-Gradient-Based Forces on Nuclei of Molecule.
                  Calculation of Vnn(A) - W(A) assumes satisfaction of the atomic virial theorem:
                       2T(A) + Ven(A) + Vee(A) + Vnn(A) - W(A) = 0
See "2EDM Note" and "DFT Note".
--------------------------------------------------------------------------------------------------------------------
Atom A         Ee(A)              T(A)             Ven(A)           VenO(A)            Vee(A)        Vnn(A) - W(A)
--------------------------------------------------------------------------------------------------------------------
C1       -3.7798355857E+01  3.7798355857E+01 -1.3437393635E+02 -8.8870751452E+01
H2       -6.1577139101E-01  6.1577139101E-01 -9.3033269831E+00 -1.2234422520E+00
H3       -6.1488030513E-01  6.1488030513E-01 -9.2868801553E+00 -1.2218896061E+00
H4       -6.1948361072E-01  6.1948361072E-01 -9.3395546165E+00 -1.2284215163E+00
Cl5      -4.5981432770E+02  4.5981432770E+02 -1.1562521474E+03 -1.0993384685E+03
F6       -9.9740038093E+01  9.9740038093E+01 -2.8566955251E+02 -2.4295989980E+02
--------------------------------------------------------------------------------------------------------------------
Total    -5.9920285696E+02  5.9920285696E+02 -1.6042253980E+03 -1.4348428731E+03
 
More Virial-Based Atomic Energy Components:
------------------------------------------
  E(A) = Ee(A) + W(A)
       = T(A) + Ven(A) + Vee(A) + Vnn(A) = Contribution of Atom A to Total Energy E of Molecule
         Not additive to give molecular E unless molecular virial theorem is satisfied.
  Ee(A) = E(A) - W(A) = Contribution of Atom A to Electronic Energy of Molecule
          Not additive to give molecular Ee unless molecular virial theorem is satisfied.
  W(A) = Contribution of Atom A to Nuclear Virial of Energy-Gradient-Based Forces on Nuclei of Molecule
  Vnn(A) = Contribution of Atom A to Nuclear Repulsion Energy of Molecule
           Calculation of Vnn(A) assumes satisfaction of the atomic virial theorem:
                2T(A) + Ven(A) + Vee(A) + Vnn(A) - W(A) = 0
  VeeC(A) = Coulomb Part of Vee(A)
  VeeX(A) = Exchange-Correlation Part of Vee(A)
See "2EDM Note" and "DFT Note".
--------------------------------------------------------------------------------------------------------------------
Atom A          E(A)             Ee(A)              W(A)             Vnn(A)           VeeC(A)           VeeX(A)
--------------------------------------------------------------------------------------------------------------------
C1                         -3.7798355857E+01
H2                         -6.1577139101E-01
H3                         -6.1488030513E-01
H4                         -6.1948361072E-01
Cl5                        -4.5981432770E+02
F6                         -9.9740038093E+01
--------------------------------------------------------------------------------------------------------------------
Total                      -5.9920285696E+02
 
IQA Atomic Energy Components:
----------------------------
  E_IQA(A) = Contribution of Atom A to Total Energy E of Molecule, Using IQA Additive Atomic Energy Definition
           = T(A) + Vne(A,Mol)/2 + Ven(A,Mol)/2 + Vee(A) + Vnn(A,Mol)/2
  T(A) = Electronic Kinetic Energy of Atom A (Hamiltonian Form)
  Vne(A,Mol)/2 = Half of Attraction Energy Between Nucleus of Atom A and Electron Density Distribution of Molecule
  Ven(A,Mol)/2 = Half of Attraction Energy Between Electron Density Distribution of Atom A and Nuclei of Molecule
  Vee(A) = Vee(A,A) + Vee(A,A')/2
         = Two-Electron Interaction Energy of Atom A with Itself Plus Half of Two-Electron Interaction Energy
           Between Atom A and Other Atoms of Molecule
  Vnn(A,Mol)/2 = Vnn(A,A')/2 = Half of Repulsion Energy Between Nucleus of Atom A and Other Nuclei of Molecule
  VeeC(A) = Coulomb Part of Vee(A)
  VeeX(A) = Exchange-Correlation Part of Vee(A)
See "2EDM Note" and "DFT Note".
--------------------------------------------------------------------------------------------------------------------------------------------------------
Atom A        E_IQA(A)            T(A)          Vne(A,Mol)/2      Ven(A,Mol)/2         Vee(A)         Vnn(A,Mol)/2        VeeC(A)           VeeX(A)
--------------------------------------------------------------------------------------------------------------------------------------------------------
C1                          3.7798355857E+01 -6.8525082361E+01 -6.7186968173E+01                    2.3915437722E+01
H2                          6.1577139101E-01 -5.2859560481E+00 -4.6516634916E+00                    4.6544936995E+00
H3                          6.1488030513E-01 -5.2849361334E+00 -4.6434400776E+00                    4.6537845125E+00
H4                          6.1948361072E-01 -5.2956930281E+00 -4.6697773082E+00                    4.6641005368E+00
Cl5                         4.5981432770E+02 -5.7697717517E+02 -5.7812607369E+02                    2.7551188231E+01
F6                          9.9740038093E+01 -1.4074407972E+02 -1.4283477626E+02                    1.9565886787E+01
--------------------------------------------------------------------------------------------------------------------------------------------------------
Total                       5.9920285696E+02 -8.0211292246E+02 -8.0211269900E+02                    8.5004891489E+01
 
More IQA Atomic Energy Components:
---------------------------------
  Vneen(A) = Vne(A,Mol)/2 + Ven(A,Mol)/2
  V_IQA(A) = Vne(A,Mol)/2 + Ven(A,Mol)/2 + Vee(A,A) + Vee(A,A')/2 + Vnn(A,A')/2
           = VC_IQA(A) + VX_IQA(A) = Potential Energy Contribution to E_IQA(A)
           = E_IQA(A) - T(A)
  VC_IQA(A) = Vne(A,Mol)/2 + Ven(A,Mol)/2 + VeeC(A,A) + VeeC(A,A')/2 + Vnn(A,A')/2
            = Coulomb Potential Energy Contribution to E_IQA(A)
            = E_IQA(A) - T(A) - VeeX(A)
  VX_IQA(A) = VeeX(A,A) + VeeX(A,A')/2
            = Exchange-Correlation Energy Contribution to E_IQA(A)
            = E_IQA(A) - T(A) - VC_IQA(A)
See "2EDM Note" and "DFT Note".
--------------------------------------------------------------------------------
Atom A        Vneen(A)          V_IQA(A)         VC_IQA(A)         VX_IQA(A)
--------------------------------------------------------------------------------
C1       -1.3571205053E+02
H2       -9.9376195397E+00
H3       -9.9283762110E+00
H4       -9.9654703363E+00
Cl5      -1.1551032489E+03
F6       -2.8357885598E+02
--------------------------------------------------------------------------------
Total    -1.6042256215E+03
 
IQA Intraatomic ("Self") Energy Components:
------------------------------------------
  E_IQA_Intra(A) = T(A) + Vne(A,A) + Vee(A,A)
                 = Intraatomic ("Self") Contribution to E_IQA(A)
  T(A) = Electronic Kinetic Energy of Atom A (Hamiltonian Form)
  Vne(A,A) = Attraction Energy Between Electron Density Distribution of Atom A and Nucleus of Atom A
  Vee(A,A) = Two-electron Interaction Energy of Atom A With Itself
  VeeC(A,A) = Coulomb Part of Vee(A,A)
