AIMSum (Version 17.11.14, Professional)
Copyright (c) 1997-2017 by Todd A. Keith
AIMSum is a component of the AIMAll package ( http://aim.tkgristmill.com )

TP:  64-bit Linux

Much of the Quantum Theory of Atoms in Molecules (QTAIM) is described in the book:
  "Atoms in Molecules - A Quantum Theory"
  R.F.W. Bader, Oxford University Press, Oxford, 1990

For additional references see:  http://aim.tkgristmill.com/references.html

Wfn File:  /home/bruns/metodo_ts/QCISD/clch3f_ts/RUN/GAUSSIAN.wfn
Sum File:  /home/bruns/metodo_ts/QCISD/clch3f_ts/RUN/GAUSSIAN.sum

SumViz File:  /home/bruns/metodo_ts/QCISD/clch3f_ts/RUN/GAUSSIAN.sumviz

Wfn Title:   clch3f_ts-wavefunction                                                        
 
Total memory allocated for AIMSum =        1.289 Megabytes

Atomic units (a.u.) used throughout, except where stated otherwise

Model:  Unknown
 
Restricted, natural orbital wavefunction.
  Number of electrons (from MO Occs)                   =          35.9999999000
  Number of Alpha electrons (from MO Occs)             =          17.9999999500
  Number of Beta electrons (from MO Occs)              =          17.9999999500
  Number of electron pairs (N*(N-1)/2)                 =         629.9999964500
  Number of electron pairs (from Muller 2EDM)          =         629.9999964500
  Number of electron pairs (from Muller 2EDM, no SOSI) =         630.4346106485
 
Nuclear Charges and Cartesian Coordinates:
-------------------------------------------------------------------------------
Atom      Charge                X                  Y                  Z
-------------------------------------------------------------------------------
C1         6.0           3.3070000000E-04   5.4800000000E-05  -9.4053370000E-01
H2         1.0           3.5900000000E-05  -1.9890690400E+00  -1.1730021400E+00
H3         1.0          -1.7221301000E+00   9.9468570000E-01  -1.1739829100E+00
H4         1.0           1.7229578000E+00   9.9424539000E-01  -1.1745970700E+00
Cl5       17.0           1.0488000000E-03   1.8179200000E-03   3.1080665900E+00
F6         9.0          -3.5149000000E-04   1.7156820000E-02  -4.9009442500E+00
 
Some Atomic Properties:
----------------------
  q(A) = Net Charge of Atom A
  L(A) = Lagrangian of Atom A = -(1/4) Times Atomic Integral of the Laplacian of the Electron Density
  K(A) = Electronic Kinetic Energy of Atom A (Hamiltonian Form)
  K_Scaled(A) = K(A) * E(Mol)/K(Mol) = Approximation to Virial-Based Total Energy of Atom A.
  |Mu_Intra(A)| = Magnitude of Intraatomic Dipole Moment of Atom A
--------------------------------------------------------------------------------------------------
Atom A          q(A)              L(A)              K(A)          K_Scaled(A)      |Mu_Intra(A)|
--------------------------------------------------------------------------------------------------
C1        2.2583388390E-01  7.2553261747E-05  3.7795358122E+01 -3.7803161729E+01  2.3952229063E-02
H2        9.0937774910E-02  3.0545210716E-05  6.1545919005E-01 -6.1558626391E-01  1.4485096194E-01
H3        9.1962632050E-02  2.1303439861E-05  6.1509022091E-01 -6.1521721859E-01  1.4490555370E-01
H4        9.1959687630E-02  2.9755644265E-05  6.1509963125E-01 -6.1522663087E-01  1.4488305705E-01
Cl5      -6.4153784500E-01  8.3227541075E-06  4.5981441170E+02 -4.5990934959E+02  1.6788759005E-01
F6       -8.5897962830E-01  1.1484997708E-05  9.9740054180E+01 -9.9760647509E+01  1.0491615583E-01
--------------------------------------------------------------------------------------------------
Total    -9.9982349481E-01  1.7396530840E-04  5.9919547304E+02 -5.9931918894E+02
 
1st Largest |L(A)| = 7.2553261747E-05, atom C1      
2nd Largest |L(A)| = 3.0545210716E-05, atom H2      
 
Molecular charge q(Mol) from the wfn file:  -9.9999990000E-01
Molecular energy E(Mol) from the wfn file:  -5.9931916654E+02
Molecular virial ratio (-V(Mol)/T(Mol)) from the wfn file:   2.0002064700E+00
Note.  K_Scaled(A) = (1+V(Mol)/T(Mol))*K(A) = (E(Mol)/T(Mol))*K(A)
       Only use K_Scaled(A) data with caution.
 
N_AIMInt(SumA)     =         35.999823
N_Analytic(Mol)    =         36.000000
 
G_AIMInt(SumA)     =        599.195299
G_Analytic(Mol)    =        599.195450
 
K_AIMInt(SumA)     =        599.195473
K_Analytic(Mol)    =        599.195450
 
L_AIMInt(SumA)     =          0.000174
L_Analytic(Mol)    =          0.000000
 
VenT_AIMInt(SumA)  =      -1604.178496
VenT_Analytic(Mol) =      -1604.180165
 
Some Information About the Atomic Calculations:
----------------------------------------------
  Time(sec) = "Elapsed User Time", in Seconds, for Atom A by AIMInt and, if used, by TWOe
  NProc = Number of Processors Used for AIMInt Job
  BIM = Basin Integration Method
  OAQ = Angular Quadrature Outside of Beta Sphere
  ORQ = Multiple of Default for Radial Quadrature Outside of Beta Sphere
  IAQ = Multiple of Default for Angular Quadrature Inside of Beta Sphere
  IRQ = Multiple of Default for Radial Quadrature Inside of Beta Sphere
  MIR = Maximum Integration Radius
------------------------------------------------------------------------------------------------------
Atom A     Time(sec)   NProc      BIM          OAQ                     ORQ      IAQ      IRQ      MIR
------------------------------------------------------------------------------------------------------
C1             81        8     Proaim(5)    4500(GS4)                  1.00     1.00     1.00    13.00
H2             17        8     Proaim(5)    1800(GS4)                  1.00     1.00     1.00    13.00
H3             17        8     Proaim(5)    1800(GS4)                  1.00     1.00     1.00    13.00
H4             16        8     Proaim(5)    1800(GS4)                  1.00     1.00     1.00    13.00
Cl5            32        8     Proaim(5)    3150(GS4)                  1.00     1.00     1.00    13.00
F6             32        8     Proaim(5)    2700(GS4)                  1.00     1.00     1.00    13.00
------------------------------------------------------------------------------------------------------
Total         195
Note:  Total wall clock time is less than total of atomic times if more than one atom
       was calculated at a time
 
Electron Density Critical Point Analysis of Molecular Structure:               
---------------------------------------------------------------                
  NACP = Nuclear Attractor Critical Point                                      
  NNACP = Non-Nuclear Attractor Critical Point                                 
  BCP = Bond Critical Point                                                    
  RCP = Ring Critical Point                                                    
  CCP = Cage Critical Point                                                    
  Rho = Electron Density                                                       
  GradRho = Gradient of Electron Density                                       
  HessRho_EigVals = Eigenvalues of the Hessian of Rho, Ascending Order         
  HessRho_EigVecs = Eigenvectors of the Hessian of Rho                         
  DelSqRho = Laplacian of Rho = Trace of Hessian of Rho                        
  Bond Ellipticity = (HessRho_EigVal(1) / HessRho_EigVal(2)) - 1               
  V = Virial Field = Potential Energy Density = Trace of Stress Tensor         
  G = Lagrangian Form of Kinetic Energy Density                                
  K = Hamiltonian Form of Kinetic Energy Density                               
  L = K - G = Lagrangian Density = (-1/4)DelSqRho                              
  Vnuc = Electrostatic Potential from Nuclei                                   
  Ven = Electron-nuclear attractive contribution to Virial Field V             
  Vrep = V - Ven = Repulsive contribution to Virial Field V                    
  DelSqV = Laplacian of V                                                      
  DelSqVen = Laplacian of Ven                                                  
  DelSqVrep = Laplacian of Vrep                                                
  DelSqG = Laplacian of G                                                      
  DelSqK = Laplacian of K                                                      
  Stress_EigVals = Eigenvalues of Stress Tensor, Ascending Order               
  Stress_EigVecs = Eigenvectors of Stress Tensor                               
  -DivStress = Ehrenfest Force Density = Minus Divergence of Stress Tensor     
  ESP = Total Electrostatic Potential                                          
  ESPe = Electrostatic Potential from Electrons                                
  ESPn = Electrostatic Potential from Nuclei                                   
  BP = Bond Path                                                               
  BPL = Bond Path Length                                                       
  GBL = Geometric Bond Length                                                  
  GBL_I = Distance Between Nuclear Attractors                                  
  GBL_II = Distance Between Nuclei                                             
  GBL_III = Sum of Distances Between BCP and Nuclear Attractors                
  GBL_IV = Sum of Distances Between BCP and Nuclei                             

CP# 1      Coords =  3.30700462830090E-04  5.47828096508657E-05 -9.40530832409550E-01
           Type = (3,-3) NACP C1
           Rho =  1.2140875555E+02     Rho at Nucleus =  1.2140875453E+02
           GradRho =  2.6595744091E-15  5.4089758627E-16  1.1728791391E-11
           HessRho_EigVals = -2.4893321207E+05 -2.4892610722E+05 -2.4892610166E+05
           HessRho_EigVec1 =  1.7759475301E-04 -1.6755789500E-04  9.9999997019E-01
           HessRho_EigVec2 = -1.5531418326E-03  9.9999877979E-01  1.6783352539E-04
           HessRho_EigVec3 =  9.9999877810E-01  1.5531715926E-03 -1.7733429513E-04
           DelSqRho = -7.4678542094E+05
           Bond Ellipticity = NA
           V = -1.8670987662E+05
           G =  6.7606922652E+00
           K =  1.8670311593E+05
           L =  1.8669635524E+05
           Vnuc =  2.0923193436E+06
           Ven = -2.5402588773E+08
           Vrep =  2.5383917786E+08
           DelSqV =  1.1231581086E+10
           DelSqVen =  1.5625136210E+12
           DelSqVrep = -1.5512820399E+12
           DelSqG =  3.8281854377E+08
           DelSqK = -1.1614399629E+10
           Stress_EigVals = -6.2237346506E+04 -6.2237344840E+04 -6.2235185275E+04
           Stress_EigVec1 =  9.9999857498E-01  1.6788731984E-03 -1.7725343435E-04
           Stress_EigVec2 = -1.6788394245E-03  9.9999857260E-01  1.9051727205E-04
           Stress_EigVec3 =  1.7757303568E-04 -1.9021942051E-04  9.9999996614E-01
           -DivStress = -1.7012457419E+00  6.3187267087E+01 -1.0540949837E+04
           ESP =  -1.4869247908E+01     ESP at Nucleus =  -1.4869247931E+01
           ESPe = -2.2838707495E+01     ESPe at Nucleus = -2.2838706439E+01
           ESPn =  7.9694595871E+00     ESPn at Nucleus =  7.9694585083E+00

CP# 2      Coords =  4.10728566192118E-05 -1.95533669107891E+00 -1.16803507786493E+00
           Type = (3,-3) NACP H2
           Rho =  4.4820261442E-01     Rho at Nucleus =  4.4332673233E-01
           GradRho =  3.5610787622E-19  9.5377643763E-16 -2.8229660325E-16
           HessRho_EigVals = -8.9799366085E+00 -8.9666872847E+00 -8.0235665826E+00
           HessRho_EigVec1 =  1.5480359891E-04 -1.3654434087E-01  9.9063394804E-01
           HessRho_EigVec2 =  9.9999997672E-01 -1.2779227850E-04 -1.7388149082E-04
           HessRho_EigVec3 =  1.5033790294E-04  9.9063395189E-01  1.3654431790E-01
           DelSqRho = -2.5970190476E+01
           Bond Ellipticity = NA
           V = -6.5203767390E+00
           G =  1.3914560037E-02
           K =  6.5064621790E+00
           L =  6.4925476190E+00
           Vnuc =  3.8708875694E+01
           Ven = -1.7349419287E+01
           Vrep =  1.0829042548E+01
           DelSqV =  1.6598562984E+03
           DelSqVen =  1.0052768749E+03
           DelSqVrep =  6.5457942351E+02
           DelSqG =  1.2679319685E+02
           DelSqK = -1.7866494952E+03
           Stress_EigVals = -2.2535860226E+00 -2.2513243666E+00 -2.0154663498E+00
           Stress_EigVec1 =  1.5386063173E-04 -1.3593242150E-01  9.9071809972E-01
           Stress_EigVec2 =  9.9999997688E-01 -1.2793324923E-04 -1.7285533047E-04
           Stress_EigVec3 =  1.5024242921E-04  9.9071810341E-01  1.3593239868E-01
           -DivStress = -2.7967449446E-03 -1.8237407168E+01 -2.6855669194E+00
           ESP =  -1.2604729276E+00     ESP at Nucleus =  -1.2623579456E+00
           ESPe = -1.0640469259E+01     ESPe at Nucleus = -1.0565471074E+01
           ESPn =  9.3799963317E+00     ESPn at Nucleus =  9.3031131280E+00

CP# 3      Coords = -1.69290886427654E+00  9.77803742798895E-01 -1.16896891262545E+00
           Type = (3,-3) NACP H3
           Rho =  4.4810436535E-01     Rho at Nucleus =  4.4322368526E-01
           GradRho =  4.5464627456E-13 -2.6319243307E-13  7.6545181169E-14
           HessRho_EigVals = -8.9778825536E+00 -8.9645168175E+00 -8.0207843695E+00
           HessRho_EigVec1 = -1.2037538681E-01  6.6616874190E-02  9.9049076640E-01
           HessRho_EigVec2 =  4.9987553577E-01  8.6609364307E-01  2.5000331187E-03
           HessRho_EigVec3 =  8.5769121191E-01 -4.9542304499E-01  1.3755650298E-01
           DelSqRho = -2.5963183741E+01
           Bond Ellipticity = NA
           V = -6.5186296625E+00
           G =  1.3916863670E-02
           K =  6.5047127988E+00
           L =  6.4907959351E+00
           Vnuc =  3.8696929855E+01
           Ven = -1.7340263194E+01
           Vrep =  1.0821633531E+01
           DelSqV =  1.6593259248E+03
           DelSqVen =  1.0046955000E+03
           DelSqVrep =  6.5463042476E+02
           DelSqG =  1.2675340693E+02
           DelSqK = -1.7860793317E+03
           Stress_EigVals = -2.2530921639E+00 -2.2507708063E+00 -2.0147666923E+00
           Stress_EigVec1 = -1.2029888928E-01  6.5497527586E-02  9.9057470749E-01
           Stress_EigVec2 =  4.9976617449E-01  8.6615359854E-01  3.4226560119E-03
           Stress_EigVec3 =  8.5776567201E-01 -4.9546747383E-01  1.3693076465E-01
           -DivStress = -1.5794203518E+01  9.1247694937E+00 -2.7102692815E+00
           ESP =  -1.2607279745E+00     ESP at Nucleus =  -1.2626118530E+00
           ESPe = -1.0647406483E+01     ESPe at Nucleus = -1.0572415214E+01
           ESPn =  9.3866785089E+00     ESPn at Nucleus =  9.3098033612E+00

CP# 4      Coords =  1.69373394999924E+00  9.77370817057382E-01 -1.16957258576296E+00
           Type = (3,-3) NACP H4
           Rho =  4.4810557129E-01     Rho at Nucleus =  4.4322484383E-01
           GradRho = -4.5529243085E-13 -2.6355866153E-13  7.8136052435E-14
           HessRho_EigVals = -8.9779054464E+00 -8.9645395007E+00 -8.0207987393E+00
           HessRho_EigVec1 =  1.2074418853E-01  6.6590525814E-02  9.9044764769E-01
           HessRho_EigVec2 = -4.9965456873E-01  8.6622062001E-01  2.6738403524E-03
           HessRho_EigVec3 =  8.5776812303E-01  4.9520454294E-01 -1.3786336630E-01
           DelSqRho = -2.5963243686E+01
           Bond Ellipticity = NA
           V = -6.5186448618E+00
           G =  1.3916970078E-02
           K =  6.5047278917E+00
           L =  6.4908109216E+00
           Vnuc =  3.8696834610E+01
           Ven = -1.7340267180E+01
           Vrep =  1.0821622318E+01
           DelSqV =  1.6593292580E+03
           DelSqVen =  1.0046953469E+03
           DelSqVrep =  6.5463391113E+02
           DelSqG =  1.2675365843E+02
           DelSqK = -1.7860829164E+03
           Stress_EigVals = -2.2530979731E+00 -2.2507765576E+00 -2.0147703310E+00
           Stress_EigVec1 =  1.2066692880E-01  6.5472057407E-02  9.9053162594E-01
           Stress_EigVec2 = -4.9954498476E-01  8.6628048636E-01  3.5954363112E-03
           Stress_EigVec3 =  8.5784281806E-01  4.9524895624E-01 -1.3723764369E-01
           -DivStress =  1.5795652337E+01  9.1207989879E+00 -2.7159437683E+00
           ESP =  -1.2607284070E+00     ESP at Nucleus =  -1.2626123564E+00
           ESPe = -1.0647422424E+01     ESPe at Nucleus = -1.0572430805E+01
           ESPn =  9.3866940173E+00     ESPn at Nucleus =  9.3098184489E+00

CP# 5      Coords =  1.04879998652778E-03  1.81791986748405E-03  3.10806651434188E+00
           Type = (3,-3) NACP Cl5
           Rho =  3.1725878045E+03     Rho at Nucleus =  3.1725878041E+03
           GradRho =  1.5021052113E-12  1.0074761010E-11  2.6700736334E-08
           HessRho_EigVals = -1.3891681078E+08 -1.3891658721E+08 -1.3891658719E+08
           HessRho_EigVec1 =  1.7757403471E-04  1.0799767255E-03  9.9999940106E-01
           HessRho_EigVec2 =  7.3500441067E-04  9.9999914657E-01 -1.0801069684E-03
           HessRho_EigVec3 =  9.9999971412E-01 -7.3519576939E-04 -1.7678009551E-04
           DelSqRho = -4.1674998518E+08
           Bond Ellipticity = NA
           V = -1.0421594234E+08
           G =  1.4223020564E+04
           K =  1.0420171932E+08
           L =  1.0418749630E+08
           Vnuc =  2.2469465206E+08
           Ven = -7.1286351288E+11
           Vrep =  7.1275929694E+11
           DelSqV =  3.3656981870E+14
           DelSqVen =  9.3641453968E+16
           DelSqVrep = -9.3304884149E+16
           DelSqG =  4.5632227147E+12
           DelSqK = -3.4113304142E+14
           Stress_EigVals = -3.4738666170E+07 -3.4738666166E+07 -3.4738610000E+07
           Stress_EigVec1 =  9.9999971648E-01 -7.3197974510E-04 -1.7678341532E-04
           Stress_EigVec2 =  7.3178774416E-04  9.9999914503E-01 -1.0837136122E-03
           Stress_EigVec3 =  1.7757652059E-04  1.0835839370E-03  9.9999939716E-01
           -DivStress =  1.5008822555E+03  1.4756907416E+04  8.4287666399E+06
           ESP =  -6.4638379079E+01     ESP at Nucleus =  -6.4638379079E+01
           ESPe = -6.7879516717E+01     ESPe at Nucleus = -6.7879516670E+01
           ESPn =  3.2411376385E+00     ESPn at Nucleus =  3.2411375909E+00

CP# 6      Coords = -3.51489880480229E-04  1.71568139441041E-02 -4.90094353794711E+00
           Type = (3,-3) NACP F6
           Rho =  4.3109894114E+02     Rho at Nucleus =  4.3109894063E+02
           GradRho =  1.3892476152E-12 -7.3114364885E-11  7.7323486303E-09
           HessRho_EigVals = -2.0428416354E+06 -2.0428290045E+06 -2.0428289972E+06
           HessRho_EigVec1 =  1.6725968698E-04 -8.5876809982E-03  9.9996311120E-01
           HessRho_EigVec2 = -3.0092857758E-04  9.9996307948E-01  8.5877310609E-03
           HessRho_EigVec3 =  9.9999994073E-01  3.0235385790E-04 -1.6466923303E-04
           DelSqRho = -6.1284996371E+06
           Bond Ellipticity = NA
           V = -1.5324338251E+06
           G =  1.5445789360E+02
           K =  1.5322793672E+06
           L =  1.5321249093E+06
           Vnuc =  1.2639057593E+07
           Ven = -5.4486843453E+09
           Vrep =  5.4471519115E+09
           DelSqV =  2.1792681465E+11
           DelSqVen =  7.7458460115E+13
           DelSqVrep = -7.7240529106E+13
           DelSqG =  7.2617714810E+09
           DelSqK = -2.2518858613E+11
           Stress_EigVals = -5.1081231498E+05 -5.1081231303E+05 -5.1080919706E+05
           Stress_EigVec1 =  9.9999993658E-01  3.1588537000E-04 -1.6447527805E-04
           Stress_EigVec2 = -3.1445281609E-04  9.9996264050E-01  8.6382132871E-03
           Stress_EigVec3 =  1.6719781854E-04 -8.6381610196E-03  9.9996267641E-01
           -DivStress = -8.5199341903E+00  4.3180737372E+02 -5.0759149792E+04
           ESP =  -2.6928496817E+01     ESP at Nucleus =  -2.6928496820E+01
           ESPe = -3.1276203434E+01     ESPe at Nucleus = -3.1276202870E+01
           ESPn =  4.3477066171E+00     ESPn at Nucleus =  4.3477060504E+00

CP# 7      Coords =  1.38148939511291E-04 -1.31272187149763E+00 -1.08215587707306E+00
           Type = (3,-1) BCP C1 H2
           Rho =  3.1736635353E-01
           GradRho = -9.1306918919E-18 -3.2411840786E-14  2.0171022503E-14
           HessRho_EigVals = -9.6984941546E-01 -9.2855858139E-01  5.1066918577E-01
           HessRho_EigVec1 =  1.5809038846E-04 -1.2912841780E-01  9.9162786706E-01
           HessRho_EigVec2 =  9.9999997637E-01 -1.2757082249E-04 -1.7603721012E-04
           HessRho_EigVec3 =  1.4923418902E-04  9.9162787145E-01  1.2912839458E-01
           DelSqRho = -1.3877388111E+00
           Bond Ellipticity =  4.4467667301E-02
           V = -4.3549670569E-01
           G =  4.4281001460E-02
           K =  3.9121570423E-01
           L =  3.4693470277E-01
           Vnuc =  1.2800445730E+01
           Ven = -4.0624307848E+00
           Vrep =  3.6269340791E+00
           DelSqV = -2.5048246346E+00
           DelSqVen =  1.7763675339E+01
           DelSqVrep = -2.0268499973E+01
           DelSqG =  1.9003515106E+00
           DelSqK =  6.0447312402E-01
           Stress_EigVals = -2.7409313813E-01 -2.6811219579E-01  1.0670862823E-01
           Stress_EigVec1 =  9.9999997589E-01 -1.2721400217E-04 -1.7898362263E-04
           Stress_EigVec2 =  1.6144785323E-04 -1.2653568294E-01  9.9196204306E-01
           Stress_EigVec3 =  1.4883927643E-04  9.9196204804E-01  1.2653565935E-01
           -DivStress = -4.4434233629E-06 -1.8892963164E-02 -1.1829938019E-02
           ESP =   7.5136778307E-01
           ESPe = -1.2049077947E+01
           ESPn =  1.2800445730E+01
           BPL =  1.9689695243E+00 =  1.3206390304E+00 +  6.4833049386E-01                
           GBL_I =  1.9685817437E+00                                                      
           GBL_II =  2.0026620567E+00                                                     
           GBL_III =  1.9687218594E+00 =  1.3203939694E+00 +  6.4832788996E-01            
           GBL_IV =  2.0028147705E+00 =  1.3203936789E+00 +  6.8242109162E-01             

CP# 8      Coords = -1.13687810268870E+00  6.56663661565909E-01 -1.08258200847057E+00
           Type = (3,-1) BCP C1 H3
           Rho =  3.1741291707E-01
           GradRho = -9.7066816533E-16  2.5542272175E-16 -4.5669389031E-17
           HessRho_EigVals = -9.7040101794E-01 -9.2914009758E-01  5.1132539629E-01
           HessRho_EigVec1 = -1.1299326567E-01  6.4058594708E-02  9.9152862710E-01
           HessRho_EigVec2 =  4.9998010103E-01  8.6603628439E-01  1.0260087445E-03
           HessRho_EigVec3 =  8.5863404340E-01 -4.9586051523E-01  1.2988429062E-01
           DelSqRho = -1.3882157192E+00
           Bond Ellipticity =  4.4407641499E-02
           V = -4.3553513942E-01
           G =  4.4240604808E-02
           K =  3.9129453462E-01
           L =  3.4705392981E-01
           Vnuc =  1.2804726907E+01
           Ven = -4.0643857197E+00
           Vrep =  3.6288505803E+00
           DelSqV = -2.5132251080E+00
           DelSqVen =  1.7775723172E+01
           DelSqVrep = -2.0288948280E+01
           DelSqG =  1.9012478212E+00
           DelSqK =  6.1197728680E-01
           Stress_EigVals = -2.7414696248E-01 -2.6825959552E-01  1.0687141857E-01
           Stress_EigVec1 =  5.0019655692E-01  8.6591130558E-01 -1.0076295882E-03
           Stress_EigVec2 = -1.0969753094E-01  6.4521346624E-02  9.9186866446E-01
           Stress_EigVec3 =  8.5893530382E-01 -4.9601875640E-01  1.2726168766E-01
           -DivStress = -1.7870396994E-02  1.0351814286E-02 -1.2340943819E-02
           ESP =   7.5115519538E-01
           ESPe = -1.2053571711E+01
           ESPn =  1.2804726907E+01
           BPL =  1.9689658580E+00 =  1.3210712254E+00 +  6.4789463254E-01                
           GBL_I =  1.9685622187E+00                                                      
           GBL_II =  2.0026633188E+00                                                     
           GBL_III =  1.9687088826E+00 =  1.3208170268E+00 +  6.4789185580E-01            
           GBL_IV =  2.0028232517E+00 =  1.3208167094E+00 +  6.8200654222E-01             

CP# 9      Coords =  2.19892648415938E-05  1.10098297331465E-02 -2.75724703807792E+00
           Type = (3,-1) BCP C1 F6
           Rho =  4.6123415463E-02
           GradRho =  1.7497881342E-18 -1.9362242478E-18 -1.1231552201E-16
           HessRho_EigVals = -3.8549157610E-02 -3.8134231935E-02  2.3478513776E-01
           HessRho_EigVec1 = -4.7403571863E-04  9.9999808451E-01  1.8990161946E-03
           HessRho_EigVec2 =  9.9999987224E-01  4.7436813701E-04 -1.7460108544E-04
           HessRho_EigVec3 =  1.7550158377E-04 -1.8989331848E-03  9.9999818162E-01
           DelSqRho =  1.5810174822E-01
           Bond Ellipticity =  1.0880661634E-02
           V = -4.4888913384E-02
           G =  4.2207175219E-02
           K =  2.6817381649E-03
           L = -3.9525437055E-02
           Vnuc =  1.1579367259E+01
           Ven = -5.3407996689E-01
           Vrep =  4.8919105351E-01
           DelSqV = -3.9587327627E-01
           DelSqVen = -1.8307182069E+00
           DelSqVrep =  1.4348449307E+00
           DelSqG =  2.8749510064E-01
           DelSqK =  1.0837817563E-01
           Stress_EigVals = -2.4687514924E-02 -2.4682036313E-02  4.4806378528E-03
           Stress_EigVec1 =  9.9999984065E-01  5.3860404136E-04 -1.6912667306E-04
           Stress_EigVec2 = -5.3779101977E-04  9.9998847421E-01  4.7709769035E-03
           Stress_EigVec3 =  1.7169439119E-04 -4.7708851884E-03  9.9998860452E-01
           -DivStress =  3.4892039666E-06 -1.1013024655E-04  2.0421932118E-02
           ESP =  -1.7925172562E-02
           ESPe = -1.1597292432E+01
           ESPn =  1.1579367259E+01
           BPL =  3.9605861903E+00 =  1.8168807030E+00 +  2.1437054873E+00                
           GBL_I =  3.9604496895E+00                                                      
           GBL_II =  3.9604475339E+00                                                     
           GBL_III =  3.9604546073E+00 =  1.8167492618E+00 +  2.1437053455E+00            
           GBL_IV =  3.9604524518E+00 =  1.8167463942E+00 +  2.1437060576E+00             

CP# 10     Coords =  6.26076115927955E-04  7.94546325980100E-04  7.24585685547894E-01
           Type = (3,-1) BCP Cl5 C1
           Rho =  8.0662298877E-02
           GradRho =  3.7595576674E-18 -2.6103678692E-18 -1.5176248115E-17
           HessRho_EigVals = -8.4490924784E-02 -8.4467488111E-02  2.0957160720E-01
           HessRho_EigVec1 =  3.0158391733E-04  9.9999994654E-01 -1.2634499459E-04
           HessRho_EigVec2 =  9.9999993882E-01 -3.0160629816E-04 -1.7715904079E-04
           HessRho_EigVec3 =  1.7719713777E-04  1.2629155854E-04  9.9999997633E-01
           DelSqRho =  4.0613194303E-02
           Bond Ellipticity =  2.7746383723E-04
           V = -6.9105327880E-02
           G =  3.9629313228E-02
           K =  2.9476014652E-02
           L = -1.0153298576E-02
           Vnuc =  1.3426679019E+01
           Ven = -1.0830267959E+00
           Vrep =  1.0139214680E+00
           DelSqV = -4.4008887680E-01
           DelSqVen = -5.4530032383E-01
           DelSqVrep =  1.0521144702E-01
           DelSqG =  2.9777378078E-01
           DelSqK =  1.4231509603E-01
           Stress_EigVals = -4.1840090658E-02 -4.1836622796E-02  1.4571385574E-02
           Stress_EigVec1 =  9.9999995021E-01  2.6086482301E-04 -1.7758540562E-04
           Stress_EigVec2 = -2.6097013596E-04  9.9999978997E-01 -5.9326242069E-04
           Stress_EigVec3 =  1.7743060703E-04  5.9330873564E-04  9.9999980825E-01
           -DivStress = -7.3281209356E-06 -2.8698381590E-05 -4.1253038629E-02
           ESP =   1.7981297836E-01
           ESPe = -1.3246866040E+01
           ESPn =  1.3426679019E+01
           BPL =  4.0485993678E+00 =  2.3834811002E+00 +  1.6651182676E+00                
           GBL_I =  4.0485977944E+00                                                      
           GBL_II =  4.0486007376E+00                                                     
           GBL_III =  4.0485977945E+00 =  2.3834810860E+00 +  1.6651167085E+00            
           GBL_IV =  4.0486007377E+00 =  2.3834811616E+00 +  1.6651195761E+00             

CP# 11     Coords =  1.13765350928444E+00  6.56373022133130E-01 -1.08298704548379E+00
           Type = (3,-1) BCP H4 C1
           Rho =  3.1741442743E-01
           GradRho =  5.2768302913E-16  4.5113633402E-16 -3.6062400613E-17
           HessRho_EigVals = -9.7040784496E-01 -9.2914652310E-01  5.1132571614E-01
           HessRho_EigVec1 =  1.1336258363E-01  6.4032101417E-02  9.9148818179E-01
           HessRho_EigVec2 = -4.9975947876E-01  8.6616339025E-01  1.2019948166E-03
           HessRho_EigVec3 =  8.5871379867E-01  4.9564187816E-01 -1.3019116939E-01
           DelSqRho = -1.3882286519E+00
           Bond Ellipticity =  4.4407766522E-02
           V = -4.3553896562E-01
           G =  4.4240901319E-02
           K =  3.9129806430E-01
           L =  3.4705716298E-01
           Vnuc =  1.2804745053E+01
           Ven = -4.0644108194E+00
           Vrep =  3.6288718538E+00
           DelSqV = -2.5132389611E+00
           DelSqVen =  1.7775913963E+01
           DelSqVrep = -2.0289152924E+01
           DelSqG =  1.9012648291E+00
           DelSqK =  6.1197413207E-01
           Stress_EigVals = -2.7414888637E-01 -2.6826152819E-01  1.0687144894E-01
           Stress_EigVec1 = -4.9997637764E-01  8.6603864535E-01 -8.2859491282E-04
           Stress_EigVec2 =  1.1006853876E-01  6.4493073605E-02  9.9182940077E-01
           Stress_EigVec3 =  8.5901602929E-01  4.9580006880E-01 -1.2756862153E-01
           -DivStress =  1.7870239049E-02  1.0348112362E-02 -1.2348118523E-02
           ESP =   7.5115951293E-01
           ESPe = -1.2053585540E+01
           ESPn =  1.2804745053E+01
           BPL =  1.9689618489E+00 =  6.4789327441E-01 +  1.3210685745E+00                
           GBL_I =  1.9685581833E+00                                                      
           GBL_II =  2.0026594109E+00                                                     
           GBL_III =  1.9687048581E+00 =  6.4789049744E-01 +  1.3208143607E+00            
           GBL_IV =  2.0028193558E+00 =  6.8200531251E-01 +  1.3208140433E+00             

Number of NACPs  =      6
Number of NNACPs =      0
Number of BCPs   =      5
Number of RCPs   =      0
Number of CCPs   =      0
NumNACP + NumNNACP - NumBCP + NumRCP - NumCCP =      1
Poincare-Hopf Relationship is Satisfied

Bond Path Angles and Corresponding Geometric Bond Angles:
--------------------------------------------------------
  BPA     = A-B-C Bond Path Angle
  GBA_I   = A-B-C Geometric Bond Angle in Terms of Nuclear Attractors
  GBA_II  = A-B-C Geometric Bond Angle in Terms of Nuclei
  GBA_III = A-B-C Geometric Bond Angle in Terms of A|B and C|B BCPs and Nuclear Attractor B
  GBA_IV  = A-B-C Geometric Bond Angle in Terms of A|B and C|B BCPs and Nucleus B
-------------------------------------------------------------------------------------------------
Atom A    Atom B    Atom C        BPA          GBA_I         GBA_II       GBA_III       GBA_IV
-------------------------------------------------------------------------------------------------
H3        C1        H2        119.34150503  118.67341367  118.66180707  118.85497488  118.85501952
F6        C1        H2         86.72688817   83.61105052   83.58150902   84.18812333   84.18824712
F6        C1        H3         84.67630081   83.20398196   83.17362261   83.64490900   83.64503263
Cl5       C1        H2         94.77973402   96.66131710   96.69085831   96.18282878   96.18270435
Cl5       C1        H3         94.57317059   96.66011611   96.69047495   96.17005855   96.16993524
Cl5       C1        F6        178.49337681  179.72763226  179.72763255  179.62904770  179.62904833
H4        C1        H2        119.34166986  118.67342714  118.66181947  118.85500321  118.85504786
H4        C1        H3        119.37336258  118.67420743  118.66178955  118.86552209  118.86556871
H4        C1        F6         84.67394027   83.20342728   83.17306654   83.64416384   83.64428747
H4        C1        Cl5        94.57252584   96.66022281   96.69058303   96.17014462   96.17002131

Total time for electron density critical point search, analysis and connectivity = 260 sec (NProc = 8)             
 
Virial-Based Atomic Energy Components:
-------------------------------------
  Ee(A) = E(A) - W(A) = -T(A)
        = Contribution of Atom A to Electronic Energy of Molecule.
          Not additive to give molecular Ee unless molecular electronic virial theorem is satisfied.
  T(A) = Electronic Kinetic Energy of Atom A (Hamiltonian Form)
  Ven(A) = Ven(A,Mol) = VenT(A)
         = Attraction Energy Between Electron Density Distribution of Atom A and Nuclei of Molecule
  VenO(A) = Ven(A,A)
          = Attraction Energy Between Electron Density Distribution of Atom A and Nucleus of Atom A
  Vee(A) = Vee(A,A) + Vee(A,A')/2
         = Two-Electron Interaction Energy of Atom A with Itself Plus Half of Two-Electron Interaction Energy
           Between Atom A and Other Atoms of Molecule
  Vnn(A) - W(A) = Contribution of Atom A to the Nuclear Repulsion Energy of Molecule Minus
                  the Nuclear Virial of Energy-Gradient-Based Forces on Nuclei of Molecule.
                  Calculation of Vnn(A) - W(A) assumes satisfaction of the atomic virial theorem:
                       2T(A) + Ven(A) + Vee(A) + Vnn(A) - W(A) = 0
See "2EDM Note" and "DFT Note".
--------------------------------------------------------------------------------------------------------------------
Atom A         Ee(A)              T(A)             Ven(A)           VenO(A)            Vee(A)        Vnn(A) - W(A)
--------------------------------------------------------------------------------------------------------------------
C1       -3.7795358122E+01  3.7795358122E+01 -1.3438673723E+02 -8.8872396099E+01
H2       -6.1545919005E-01  6.1545919005E-01 -9.2944808013E+00 -1.2230276780E+00
H3       -6.1509022091E-01  6.1509022091E-01 -9.2906853351E+00 -1.2221338053E+00
H4       -6.1509963125E-01  6.1509963125E-01 -9.2907726076E+00 -1.2221425626E+00
Cl5      -4.5981441170E+02  4.5981441170E+02 -1.1562489648E+03 -1.0993385773E+03
F6       -9.9740054180E+01  9.9740054180E+01 -2.8566685558E+02 -2.4295985341E+02
--------------------------------------------------------------------------------------------------------------------
Total    -5.9919547304E+02  5.9919547304E+02 -1.6041784964E+03 -1.4348381309E+03
 
More Virial-Based Atomic Energy Components:
------------------------------------------
  E(A) = Ee(A) + W(A)
       = T(A) + Ven(A) + Vee(A) + Vnn(A) = Contribution of Atom A to Total Energy E of Molecule
         Not additive to give molecular E unless molecular virial theorem is satisfied.
  Ee(A) = E(A) - W(A) = Contribution of Atom A to Electronic Energy of Molecule
          Not additive to give molecular Ee unless molecular virial theorem is satisfied.
  W(A) = Contribution of Atom A to Nuclear Virial of Energy-Gradient-Based Forces on Nuclei of Molecule
  Vnn(A) = Contribution of Atom A to Nuclear Repulsion Energy of Molecule
           Calculation of Vnn(A) assumes satisfaction of the atomic virial theorem:
                2T(A) + Ven(A) + Vee(A) + Vnn(A) - W(A) = 0
  VeeC(A) = Coulomb Part of Vee(A)
  VeeX(A) = Exchange-Correlation Part of Vee(A)
See "2EDM Note" and "DFT Note".
--------------------------------------------------------------------------------------------------------------------
Atom A          E(A)             Ee(A)              W(A)             Vnn(A)           VeeC(A)           VeeX(A)
--------------------------------------------------------------------------------------------------------------------
C1                         -3.7795358122E+01
H2                         -6.1545919005E-01
H3                         -6.1509022091E-01
H4                         -6.1509963125E-01
Cl5                        -4.5981441170E+02
F6                         -9.9740054180E+01
--------------------------------------------------------------------------------------------------------------------
Total                      -5.9919547304E+02
 
IQA Atomic Energy Components:
----------------------------
  E_IQA(A) = Contribution of Atom A to Total Energy E of Molecule, Using IQA Additive Atomic Energy Definition
           = T(A) + Vne(A,Mol)/2 + Ven(A,Mol)/2 + Vee(A) + Vnn(A,Mol)/2
  T(A) = Electronic Kinetic Energy of Atom A (Hamiltonian Form)
  Vne(A,Mol)/2 = Half of Attraction Energy Between Nucleus of Atom A and Electron Density Distribution of Molecule
  Ven(A,Mol)/2 = Half of Attraction Energy Between Electron Density Distribution of Atom A and Nuclei of Molecule
  Vee(A) = Vee(A,A) + Vee(A,A')/2
         = Two-Electron Interaction Energy of Atom A with Itself Plus Half of Two-Electron Interaction Energy
           Between Atom A and Other Atoms of Molecule
  Vnn(A,Mol)/2 = Vnn(A,A')/2 = Half of Repulsion Energy Between Nucleus of Atom A and Other Nuclei of Molecule
  VeeC(A) = Coulomb Part of Vee(A)
  VeeX(A) = Exchange-Correlation Part of Vee(A)
See "2EDM Note" and "DFT Note".
--------------------------------------------------------------------------------------------------------------------------------------------------------
Atom A        E_IQA(A)            T(A)          Vne(A,Mol)/2      Ven(A,Mol)/2         Vee(A)         Vnn(A,Mol)/2        VeeC(A)           VeeX(A)
--------------------------------------------------------------------------------------------------------------------------------------------------------
C1                          3.7795358122E+01 -6.8516119318E+01 -6.7193368617E+01                    2.3908375525E+01
H2                          6.1545919005E-01 -5.2827355368E+00 -4.6472404006E+00                    4.6515565640E+00
H3                          6.1509022091E-01 -5.2862076064E+00 -4.6453426675E+00                    4.6549016806E+00
H4                          6.1509963125E-01 -5.2862154034E+00 -4.6453863038E+00                    4.6549092244E+00
Cl5                         4.5981441170E+02 -5.7697589170E+02 -5.7812448240E+02                    2.7549669523E+01
F6                          9.9740054180E+01 -1.4074291292E+02 -1.4283342779E+02                    1.9564677227E+01
--------------------------------------------------------------------------------------------------------------------------------------------------------
Total                       5.9919547304E+02 -8.0209008248E+02 -8.0208924818E+02                    8.4984089744E+01
 
More IQA Atomic Energy Components:
---------------------------------
  Vneen(A) = Vne(A,Mol)/2 + Ven(A,Mol)/2
  V_IQA(A) = Vne(A,Mol)/2 + Ven(A,Mol)/2 + Vee(A,A) + Vee(A,A')/2 + Vnn(A,A')/2
           = VC_IQA(A) + VX_IQA(A) = Potential Energy Contribution to E_IQA(A)
           = E_IQA(A) - T(A)
  VC_IQA(A) = Vne(A,Mol)/2 + Ven(A,Mol)/2 + VeeC(A,A) + VeeC(A,A')/2 + Vnn(A,A')/2
            = Coulomb Potential Energy Contribution to E_IQA(A)
            = E_IQA(A) - T(A) - VeeX(A)
  VX_IQA(A) = VeeX(A,A) + VeeX(A,A')/2
            = Exchange-Correlation Energy Contribution to E_IQA(A)
            = E_IQA(A) - T(A) - VC_IQA(A)
See "2EDM Note" and "DFT Note".
--------------------------------------------------------------------------------
Atom A        Vneen(A)          V_IQA(A)         VC_IQA(A)         VX_IQA(A)
--------------------------------------------------------------------------------
C1       -1.3570948793E+02
H2       -9.9299759374E+00
H3       -9.9315502739E+00
H4       -9.9316017072E+00
Cl5      -1.1551003741E+03
F6       -2.8357634071E+02
--------------------------------------------------------------------------------
Total    -1.6041793307E+03
 
IQA Intraatomic ("Self") Energy Components:
------------------------------------------
  E_IQA_Intra(A) = T(A) + Vne(A,A) + Vee(A,A)
                 = Intraatomic ("Self") Contribution to E_IQA(A)
  T(A) = Electronic Kinetic Energy of Atom A (Hamiltonian Form)
  Vne(A,A) = Attraction Energy Between Electron Density Distribution of Atom A and Nucleus of Atom A
  Vee(A,A) = Two-electron Interaction Energy of Atom A With Itself
  VeeC(A,A) = Coulomb Part of Vee(A,A)
