AIMSum (Version 17.11.14, Professional)
Copyright (c) 1997-2017 by Todd A. Keith
AIMSum is a component of the AIMAll package ( http://aim.tkgristmill.com )

TP:  64-bit Linux

Much of the Quantum Theory of Atoms in Molecules (QTAIM) is described in the book:
  "Atoms in Molecules - A Quantum Theory"
  R.F.W. Bader, Oxford University Press, Oxford, 1990

For additional references see:  http://aim.tkgristmill.com/references.html

Wfn File:  /home/bruns/metodo_ts/QCISD/clch3f_ts/RUN/GAUSSIAN.wfn
Sum File:  /home/bruns/metodo_ts/QCISD/clch3f_ts/RUN/GAUSSIAN.sum

SumViz File:  /home/bruns/metodo_ts/QCISD/clch3f_ts/RUN/GAUSSIAN.sumviz

Wfn Title:   clch3f_ts-wavefunction                                                        
 
Total memory allocated for AIMSum =        1.289 Megabytes

Atomic units (a.u.) used throughout, except where stated otherwise

Model:  Unknown
 
Restricted, natural orbital wavefunction.
  Number of electrons (from MO Occs)                   =          36.0000002000
  Number of Alpha electrons (from MO Occs)             =          18.0000001000
  Number of Beta electrons (from MO Occs)              =          18.0000001000
  Number of electron pairs (N*(N-1)/2)                 =         630.0000071000
  Number of electron pairs (from Muller 2EDM)          =         630.0000071000
  Number of electron pairs (from Muller 2EDM, no SOSI) =         630.4341807601
 
Nuclear Charges and Cartesian Coordinates:
-------------------------------------------------------------------------------
Atom      Charge                X                  Y                  Z
-------------------------------------------------------------------------------
C1         6.0           3.3070000000E-04   5.4800000000E-05  -9.4053370000E-01
H2         1.0           3.5900000000E-05  -1.9890690400E+00  -1.1730021400E+00
H3         1.0          -1.7221301000E+00   9.9468570000E-01  -1.1739829100E+00
H4         1.0           1.7040605400E+00   9.9424539000E-01  -1.1745970700E+00
Cl5       17.0           1.0488000000E-03   1.8179200000E-03   3.1080665900E+00
F6         9.0          -3.5149000000E-04  -1.7404400000E-03  -4.9009442500E+00
 
Some Atomic Properties:
----------------------
  q(A) = Net Charge of Atom A
  L(A) = Lagrangian of Atom A = -(1/4) Times Atomic Integral of the Laplacian of the Electron Density
  K(A) = Electronic Kinetic Energy of Atom A (Hamiltonian Form)
  K_Scaled(A) = K(A) * E(Mol)/K(Mol) = Approximation to Virial-Based Total Energy of Atom A.
  |Mu_Intra(A)| = Magnitude of Intraatomic Dipole Moment of Atom A
--------------------------------------------------------------------------------------------------
Atom A          q(A)              L(A)              K(A)          K_Scaled(A)      |Mu_Intra(A)|
--------------------------------------------------------------------------------------------------
C1        2.3173422500E-01  1.5503146428E-04  3.7800596854E+01 -3.7807571064E+01  2.7597533527E-02
H2        9.1633145580E-02  3.0635947538E-05  6.1515393521E-01 -6.1526743112E-01  1.4473432388E-01
H3        9.0739746960E-02  2.1111121006E-05  6.1566250380E-01 -6.1577609354E-01  1.4491626477E-01
H4        8.6709886160E-02  3.0552592645E-05  6.2275127195E-01 -6.2286616956E-01  1.4504895236E-01
Cl5      -6.4155638400E-01  8.3433726863E-06  4.5981426621E+02 -4.5989910194E+02  1.6732129465E-01
F6       -8.5899882510E-01  1.0910462429E-05  9.9740024268E+01 -9.9758426302E+01  1.0479433146E-01
--------------------------------------------------------------------------------------------------
Total    -9.9973820540E-01  2.5658496058E-04  5.9920845504E+02 -5.9931900900E+02
 
1st Largest |L(A)| = 1.5503146428E-04, atom C1      
2nd Largest |L(A)| = 3.0635947538E-05, atom H2      
 
Molecular charge q(Mol) from the wfn file:  -1.0000002000E+00
Molecular energy E(Mol) from the wfn file:  -5.9931897345E+02
Molecular virial ratio (-V(Mol)/T(Mol)) from the wfn file:   2.0001845000E+00
Note.  K_Scaled(A) = (1+V(Mol)/T(Mol))*K(A) = (E(Mol)/T(Mol))*K(A)
       Only use K_Scaled(A) data with caution.
 
N_AIMInt(SumA)     =         35.999738
N_Analytic(Mol)    =         36.000000
 
G_AIMInt(SumA)     =        599.208198
G_Analytic(Mol)    =        599.208422
 
K_AIMInt(SumA)     =        599.208455
K_Analytic(Mol)    =        599.208422
 
L_AIMInt(SumA)     =          0.000257
L_Analytic(Mol)    =          0.000000
 
VenT_AIMInt(SumA)  =      -1604.257165
VenT_Analytic(Mol) =      -1604.259637
 
Some Information About the Atomic Calculations:
----------------------------------------------
  Time(sec) = "Elapsed User Time", in Seconds, for Atom A by AIMInt and, if used, by TWOe
  NProc = Number of Processors Used for AIMInt Job
  BIM = Basin Integration Method
  OAQ = Angular Quadrature Outside of Beta Sphere
  ORQ = Multiple of Default for Radial Quadrature Outside of Beta Sphere
  IAQ = Multiple of Default for Angular Quadrature Inside of Beta Sphere
  IRQ = Multiple of Default for Radial Quadrature Inside of Beta Sphere
  MIR = Maximum Integration Radius
------------------------------------------------------------------------------------------------------
Atom A     Time(sec)   NProc      BIM          OAQ                     ORQ      IAQ      IRQ      MIR
------------------------------------------------------------------------------------------------------
C1             86        8     Proaim(5)    4500(GS4)                  1.00     1.00     1.00    13.00
H2             17        8     Proaim(5)    1800(GS4)                  1.00     1.00     1.00    13.00
H3             16        8     Proaim(5)    1800(GS4)                  1.00     1.00     1.00    13.00
H4             17        8     Proaim(5)    1800(GS4)                  1.00     1.00     1.00    13.00
Cl5            25        8     Proaim(5)    3150(GS4)                  1.00     1.00     1.00    13.00
F6             35        8     Proaim(5)    2700(GS4)                  1.00     1.00     1.00    13.00
------------------------------------------------------------------------------------------------------
Total         196
Note:  Total wall clock time is less than total of atomic times if more than one atom
       was calculated at a time
 
Electron Density Critical Point Analysis of Molecular Structure:               
---------------------------------------------------------------                
  NACP = Nuclear Attractor Critical Point                                      
  NNACP = Non-Nuclear Attractor Critical Point                                 
  BCP = Bond Critical Point                                                    
  RCP = Ring Critical Point                                                    
  CCP = Cage Critical Point                                                    
  Rho = Electron Density                                                       
  GradRho = Gradient of Electron Density                                       
  HessRho_EigVals = Eigenvalues of the Hessian of Rho, Ascending Order         
  HessRho_EigVecs = Eigenvectors of the Hessian of Rho                         
  DelSqRho = Laplacian of Rho = Trace of Hessian of Rho                        
  Bond Ellipticity = (HessRho_EigVal(1) / HessRho_EigVal(2)) - 1               
  V = Virial Field = Potential Energy Density = Trace of Stress Tensor         
  G = Lagrangian Form of Kinetic Energy Density                                
  K = Hamiltonian Form of Kinetic Energy Density                               
  L = K - G = Lagrangian Density = (-1/4)DelSqRho                              
  Vnuc = Electrostatic Potential from Nuclei                                   
  Ven = Electron-nuclear attractive contribution to Virial Field V             
  Vrep = V - Ven = Repulsive contribution to Virial Field V                    
  DelSqV = Laplacian of V                                                      
  DelSqVen = Laplacian of Ven                                                  
  DelSqVrep = Laplacian of Vrep                                                
  DelSqG = Laplacian of G                                                      
  DelSqK = Laplacian of K                                                      
  Stress_EigVals = Eigenvalues of Stress Tensor, Ascending Order               
  Stress_EigVecs = Eigenvectors of Stress Tensor                               
  -DivStress = Ehrenfest Force Density = Minus Divergence of Stress Tensor     
  ESP = Total Electrostatic Potential                                          
  ESPe = Electrostatic Potential from Electrons                                
  ESPn = Electrostatic Potential from Nuclei                                   
  BP = Bond Path                                                               
  BPL = Bond Path Length                                                       
  GBL = Geometric Bond Length                                                  
  GBL_I = Distance Between Nuclear Attractors                                  
  GBL_II = Distance Between Nuclei                                             
  GBL_III = Sum of Distances Between BCP and Nuclear Attractors                
  GBL_IV = Sum of Distances Between BCP and Nuclei                             

CP# 1      Coords =  3.30589415251557E-04  5.47420084034817E-05 -9.40530814360235E-01
           Type = (3,-3) NACP C1
           Rho =  1.2141159990E+02     Rho at Nucleus =  1.2141159886E+02
           GradRho = -6.1253197971E-15 -3.4229155186E-16 -1.3375153084E-11
           HessRho_EigVals = -2.4893904832E+05 -2.4893194327E+05 -2.4893187994E+05
           HessRho_EigVec1 =  1.4271099419E-03  1.2052405882E-03  9.9999825537E-01
           HessRho_EigVec2 = -4.5638328352E-01  8.8978318775E-01 -4.2109442599E-04
           HessRho_EigVec3 =  8.8978214293E-01  4.5638188635E-01 -1.8198700904E-03
           DelSqRho = -7.4680287153E+05
           Bond Ellipticity = NA
           V = -1.8671427087E+05
           G =  6.7764915333E+00
           K =  1.8670749437E+05
           L =  1.8670071788E+05
           Vnuc =  2.0773256274E+06
           Ven = -2.5221142792E+08
           Vrep =  2.5202471365E+08
           DelSqV =  1.1231843348E+10
           DelSqVen =  1.5513527337E+12
           DelSqVrep = -1.5401208985E+12
           DelSqG =  3.8282753222E+08
           DelSqK = -1.1614670881E+10
           Stress_EigVals = -6.2238823839E+04 -6.2238803236E+04 -6.2236643791E+04
           Stress_EigVec1 =  8.5314104437E-01  5.2167751862E-01 -1.7102546797E-03
           Stress_EigVec2 = -5.2167872514E-01  8.5314195985E-01 -3.2261353589E-04
           Stress_EigVec3 =  1.2907898004E-03  1.1674383299E-03  9.9999848547E-01
           -DivStress =  4.0680728423E+02  2.1336294874E+02 -1.0607614280E+04
           ESP =  -1.4870355241E+01     ESP at Nucleus =  -1.4870355265E+01
           ESPe = -2.2843915954E+01     ESPe at Nucleus = -2.2843914894E+01
           ESPn =  7.9735607128E+00     ESPn at Nucleus =  7.9735596298E+00

CP# 2      Coords =  5.18370204677529E-05 -1.95532295859366E+00 -1.16801486385347E+00
           Type = (3,-3) NACP H2
           Rho =  4.4807775142E-01     Rho at Nucleus =  4.4319882302E-01
           GradRho = -1.2488227434E-17  5.1302677209E-16  6.5408815424E-16
           HessRho_EigVals = -8.9771680591E+00 -8.9638075419E+00 -8.0204405431E+00
           HessRho_EigVec1 = -1.0414516190E-04 -1.3690525519E-01  9.9058414093E-01
           HessRho_EigVec2 =  9.9999992860E-01 -3.7409849093E-04  5.3432215303E-05
           HessRho_EigVec3 =  3.6326088119E-04  9.9058407576E-01  1.3690528437E-01
           DelSqRho = -2.5961416144E+01
           Bond Ellipticity = NA
           V = -6.5181598321E+00
           G =  1.3902898052E-02
           K =  6.5042569341E+00
           L =  6.4903540360E+00
           Vnuc =  3.8699961525E+01
           Ven = -1.7340591740E+01
           Vrep =  1.0822431908E+01
           DelSqV =  1.6592250692E+03
           DelSqVen =  1.0047058059E+03
           DelSqVrep =  6.5451926330E+02
           DelSqG =  1.2674303646E+02
           DelSqK = -1.7859681057E+03
           Stress_EigVals = -2.2529024509E+00 -2.2505908946E+00 -2.0146664866E+00
           Stress_EigVec1 =  7.7024062782E-04 -1.3626985785E-01  9.9067145541E-01
           Stress_EigVec2 =  9.9999961520E-01 -3.1104067079E-04 -8.2027779743E-04
           Stress_EigVec3 =  4.1991825288E-04  9.9067170601E-01  1.3626956584E-01
           -DivStress = -8.7408007305E-03 -1.8238639908E+01 -2.6955962192E+00
           ESP =  -1.2606185487E+00     ESP at Nucleus =  -1.2625002054E+00
           ESPe = -1.0645920220E+01     ESPe at Nucleus = -1.0570898510E+01
           ESPn =  9.3853016711E+00     ESPn at Nucleus =  9.3083983044E+00

CP# 3      Coords = -1.69293676052882E+00  9.77807709082920E-01 -1.16897724575177E+00
           Type = (3,-3) NACP H3
           Rho =  4.4825355201E-01     Rho at Nucleus =  4.4337856994E-01
           GradRho =  4.4425254982E-13 -2.5634472545E-13  7.5426984509E-14
           HessRho_EigVals = -8.9810439831E+00 -8.9677049954E+00 -8.0247491315E+00
           HessRho_EigVec1 = -1.1858440179E-01  6.9588226796E-02  9.9050250799E-01
           HessRho_EigVec2 =  5.0059899048E-01  8.6567884652E-01 -8.8624114832E-04
           HessRho_EigVec3 =  8.5751874054E-01 -4.9573946120E-01  1.3749180424E-01
           DelSqRho = -2.5973498110E+01
           Bond Ellipticity = NA
           V = -6.5212134511E+00
           G =  1.3919461774E-02
           K =  6.5072939893E+00
           L =  6.4933745275E+00
           Vnuc =  3.8719567735E+01
           Ven = -1.7356183769E+01
           Vrep =  1.0834970318E+01
           DelSqV =  1.6600839905E+03
           DelSqVen =  1.0056826194E+03
           DelSqVrep =  6.5440137112E+02
           DelSqG =  1.2681120340E+02
           DelSqK = -1.7868951939E+03
           Stress_EigVals = -2.2538746563E+00 -2.2515733316E+00 -2.0157654632E+00
           Stress_EigVec1 = -1.1845226098E-01  6.8596905808E-02  9.9058746529E-01
           Stress_EigVec2 =  5.0054480598E-01  8.6571062609E-01 -9.5303331917E-05
           Stress_EigVec3 =  8.5756863229E-01 -4.9582212172E-01  1.3688120592E-01
           -DivStress = -1.5785293914E+01  9.1262541727E+00 -2.7068181407E+00
           ESP =  -1.2609729192E+00     ESP at Nucleus =  -1.2628578576E+00
           ESPe = -1.0647008415E+01     ESPe at Nucleus = -1.0572032437E+01
           ESPn =  9.3860354959E+00     ESPn at Nucleus =  9.3091745792E+00

CP# 4      Coords =  1.67458644773152E+00  9.77012832061162E-01 -1.16949345821661E+00
           Type = (3,-3) NACP H4
           Rho =  4.5386271465E-01     Rho at Nucleus =  4.4881123688E-01
           GradRho = -6.2221805775E-13 -3.6355930628E-13  1.0602767215E-13
           HessRho_EigVals = -9.0880309087E+00 -9.0744022858E+00 -8.0992965997E+00
           HessRho_EigVec1 =  1.1919933770E-01  7.0768602424E-02  9.9034505239E-01
           HessRho_EigVec2 = -5.0472961359E-01  8.6327697544E-01 -9.3853086614E-04
           HessRho_EigVec3 =  8.5500849999E-01  4.9974460336E-01 -1.3862105308E-01
           DelSqRho = -2.6261729794E+01
           Bond Ellipticity = NA
           V = -6.5941553580E+00
           G =  1.4361454713E-02
           K =  6.5797939033E+00
           L =  6.5654324486E+00
           Vnuc =  3.8389744602E+01
           Ven = -1.7423673700E+01
           Vrep =  1.0829518342E+01
           DelSqV =  1.6767746523E+03
           DelSqVen =  1.0081810996E+03
           DelSqVrep =  6.6859355265E+02
           DelSqG =  1.2806604247E+02
           DelSqK = -1.8048406947E+03
           Stress_EigVals = -2.2808994800E+00 -2.2786434559E+00 -2.0346124221E+00
           Stress_EigVec1 =  1.1954720435E-01  6.8951512323E-02  9.9043129741E-01
           Stress_EigVec2 = -5.0460825534E-01  8.6334805483E-01  8.0303619254E-04
           Stress_EigVec3 =  8.5503156350E-01  4.9987580975E-01 -1.3800434867E-01
           -DivStress =  1.6111005099E+01  9.4198043724E+00 -2.7899529261E+00
           ESP =  -1.2614731083E+00     ESP at Nucleus =  -1.2636658809E+00
           ESPe = -1.0683714751E+01     ESPe at Nucleus = -1.0607247790E+01
           ESPn =  9.4222416428E+00     ESPn at Nucleus =  9.3435819092E+00

CP# 5      Coords =  1.04880007613709E-03  1.81792003964172E-03  3.10806651425897E+00
           Type = (3,-3) NACP Cl5
           Rho =  3.1725875251E+03     Rho at Nucleus =  3.1725875247E+03
           GradRho = -5.6712879849E-12 -9.8686253903E-12  1.4354910687E-08
           HessRho_EigVals = -1.3891679815E+08 -1.3891657462E+08 -1.3891657452E+08
           HessRho_EigVec1 = -2.6069741769E-04  7.4694727454E-05  9.9999996323E-01
           HessRho_EigVec2 =  7.1528037836E-01  6.9883757934E-01  1.3427226998E-04
           HessRho_EigVec3 = -6.9883754362E-01  7.1528038707E-01 -2.3561282523E-04
           DelSqRho = -4.1674994729E+08
           Bond Ellipticity = NA
           V = -1.0421593286E+08
           G =  1.4223017897E+04
           K =  1.0420170984E+08
           L =  1.0418748682E+08
           Vnuc =  2.2444887867E+08
           Ven = -7.1208371247E+11
           Vrep =  7.1197949654E+11
           DelSqV =  3.3656978887E+14
           DelSqVen =  9.3539027588E+16
           DelSqVrep = -9.3202457799E+16
           DelSqG =  4.5632222869E+12
           DelSqK = -3.4113301116E+14
           Stress_EigVals = -3.4738663021E+07 -3.4738662996E+07 -3.4738606841E+07
           Stress_EigVec1 = -6.9895377247E-01  7.1516681142E-01 -2.3621734043E-04
           Stress_EigVec2 =  7.1516680120E-01  6.9895380878E-01  1.4017416395E-04
           Stress_EigVec3 = -2.6535291967E-04  7.0959539042E-05  9.9999996228E-01
           -DivStress = -8.4782455951E+03 -4.4168103857E+03  8.4380015201E+06
           ESP =  -6.4638329549E+01     ESP at Nucleus =  -6.4638329550E+01
           ESPe = -6.7879777293E+01     ESPe at Nucleus = -6.7879777246E+01
           ESPn =  3.2414477437E+00     ESPn at Nucleus =  3.2414476961E+00

CP# 6      Coords = -3.51488845588533E-04 -1.74043847945331E-03 -4.90094353707873E+00
           Type = (3,-3) NACP F6
           Rho =  4.3109858029E+02     Rho at Nucleus =  4.3109857977E+02
           GradRho =  1.3872259276E-11  1.8397702585E-11  7.7334840699E-09
           HessRho_EigVals = -2.0428396112E+06 -2.0428269944E+06 -2.0428269818E+06
           HessRho_EigVec1 =  6.7204638163E-04  1.0033155489E-03  9.9999927086E-01
           HessRho_EigVec2 =  6.4272930135E-01  7.6609242510E-01 -1.2005772188E-03
           HessRho_EigVec3 =  7.6609307107E-01 -6.4272963955E-01  1.3001065951E-04
           DelSqRho = -6.1284935875E+06
           Bond Ellipticity = NA
           V = -1.5324323133E+06
           G =  1.5445823433E+02
           K =  1.5322778551E+06
           L =  1.5321233969E+06
           Vnuc =  1.2624073922E+07
           Ven = -5.4422203454E+09
           Vrep =  5.4406879131E+09
           DelSqV =  2.1792659827E+11
           DelSqVen =  7.7366554526E+13
           DelSqVrep = -7.7148627927E+13
           DelSqG =  7.2617632117E+09
           DelSqK = -2.2518836149E+11
           Stress_EigVals = -5.1081181065E+05 -5.1081180760E+05 -5.1080869508E+05
           Stress_EigVec1 =  7.6669200111E-01 -6.4201507711E-01  1.2723048759E-04
           Stress_EigVec2 =  6.4201473863E-01  7.6669135953E-01 -1.1977478548E-03
           Stress_EigVec3 =  6.7142566588E-04  9.9998754790E-04  9.9999927461E-01
           -DivStress = -8.2288904082E+01 -1.0851271677E+02 -5.0821226503E+04
           ESP =  -2.6928481558E+01     ESP at Nucleus =  -2.6928481561E+01
           ESPe = -3.1276640042E+01     ESPe at Nucleus = -3.1276639477E+01
           ESPn =  4.3481584836E+00     ESPn at Nucleus =  4.3481579160E+00

CP# 7      Coords =  2.34674009379812E-04 -1.31289568932773E+00 -1.08197466924708E+00
           Type = (3,-1) BCP C1 H2
           Rho =  3.1734315286E-01
           GradRho = -4.9179960505E-17 -3.9069552731E-14  2.6417536030E-14
           HessRho_EigVals = -9.6989669540E-01 -9.2849178139E-01  5.1073995485E-01
           HessRho_EigVec1 =  2.3954214551E-04 -1.2935133040E-01  9.9159879787E-01
           HessRho_EigVec2 =  9.9999995315E-01 -1.5796708721E-04 -2.6217799753E-04
           HessRho_EigVec3 =  1.9055304657E-04  9.9159881422E-01  1.2935128650E-01
           DelSqRho = -1.3876485219E+00
           Bond Ellipticity =  4.4593732373E-02
           V = -4.3543606347E-01
           G =  4.4261966491E-02
           K =  3.9117409698E-01
           L =  3.4691213048E-01
           Vnuc =  1.2804948100E+01
           Ven = -4.0635626024E+00
           Vrep =  3.6281265390E+00
           DelSqV = -2.5075953706E+00
           DelSqVen =  1.7768767305E+01
           DelSqVrep = -2.0276362676E+01
           DelSqG =  1.9007484062E+00
           DelSqK =  6.0684696441E-01
           Stress_EigVals = -2.7406467984E-01 -2.6812475431E-01  1.0675337068E-01
           Stress_EigVec1 =  9.9999907850E-01 -1.2095639750E-04 -1.3521750275E-03
           Stress_EigVec2 =  1.3259495862E-03 -1.2671096945E-01  9.9193879452E-01
           Stress_EigVec3 =  2.9131675172E-04  9.9193967336E-01  1.2671069230E-01
           -DivStress = -5.7043772417E-05 -1.9663611205E-02 -1.2125808188E-02
           ESP =   7.5108337815E-01
           ESPe = -1.2053864722E+01
           ESPn =  1.2804948100E+01
           BPL =  1.9689669632E+00 =  1.3208008989E+00 +  6.4816606426E-01                
           GBL_I =  1.9685657273E+00                                                      
           GBL_II =  2.0026620567E+00                                                     
           GBL_III =  1.9687106767E+00 =  1.3205473140E+00 +  6.4816336276E-01            
           GBL_IV =  2.0028200578E+00 =  1.3205470626E+00 +  6.8227299529E-01             

CP# 8      Coords = -1.13653749986742E+00  6.56178019924549E-01 -1.08253892503255E+00
           Type = (3,-1) BCP C1 H3
           Rho =  3.1736731353E-01
           GradRho = -2.8263403110E-16  2.2889695876E-16 -3.4444865260E-17
           HessRho_EigVals = -9.6983818116E-01 -9.2828349848E-01  5.1056669860E-01
           HessRho_EigVec1 = -1.1160844911E-01  6.6438519550E-02  9.9152885848E-01
           HessRho_EigVec2 =  5.0065347941E-01  8.6564621765E-01 -1.6490642310E-03
           HessRho_EigVec3 =  8.5842276743E-01 -4.9622832344E-01  1.2987610781E-01
           DelSqRho = -1.3875549810E+00
           Bond Ellipticity =  4.4765077422E-02
           V = -4.3555461701E-01
           G =  4.4332935873E-02
           K =  3.9122168113E-01
           L =  3.4688874526E-01
           Vnuc =  1.2806376848E+01
           Ven = -4.0643254163E+00
           Vrep =  3.6287707993E+00
           DelSqV = -2.5028256462E+00
           DelSqVen =  1.7769551984E+01
           DelSqVrep = -2.0272377630E+01
           DelSqG =  1.9012294769E+00
           DelSqK =  6.0159616926E-01
           Stress_EigVals = -2.7409742218E-01 -2.6812983134E-01  1.0667263651E-01
           Stress_EigVec1 =  5.0084375739E-01  8.6553325253E-01 -2.7783889178E-03
           Stress_EigVec2 = -1.0879020112E-01  6.6135728534E-02  9.9186226743E-01
           Stress_EigVec3 =  8.5867352517E-01 -4.9646576335E-01  1.2728520339E-01
           -DivStress = -1.5724327568E-02  9.5667028226E-03 -1.2042036858E-02
           ESP =   7.5080598309E-01
           ESPe = -1.2055570865E+01
           ESPn =  1.2806376848E+01
           BPL =  1.9689924925E+00 =  1.3205320625E+00 +  6.4846042994E-01                
           GBL_I =  1.9685890772E+00                                                      
           GBL_II =  2.0026633188E+00                                                     
           GBL_III =  1.9687353560E+00 =  1.3202776646E+00 +  6.4845769138E-01            
           GBL_IV =  2.0028227636E+00 =  1.3202774207E+00 +  6.8254534295E-01             

CP# 9      Coords =  1.01446960545694E-03 -2.35566644787427E-04 -2.75728997174651E+00
           Type = (3,-1) BCP C1 F6
           Rho =  4.6119752648E-02
           GradRho = -2.2620641972E-19  6.8605966882E-19 -4.9688221001E-17
           HessRho_EigVals = -3.8375695162E-02 -3.8230779759E-02  2.3487949370E-01
           HessRho_EigVec1 = -6.7305789188E-01  7.3958980095E-01  2.2530782506E-05
           HessRho_EigVec2 =  7.3958917589E-01  6.7305736203E-01 -1.2799696120E-03
           HessRho_EigVec3 =  9.6181697964E-04  8.4483012588E-04  9.9999918058E-01
           DelSqRho =  1.5827301878E-01
           Bond Ellipticity =  3.7905427106E-03
           V = -4.4922192977E-02
           G =  4.2245223836E-02
           K =  2.6769691411E-03
           L = -3.9568254695E-02
           Vnuc =  1.1581404417E+01
           Ven = -5.3413150704E-01
           Vrep =  4.8920931406E-01
           DelSqV = -3.9608127653E-01
           DelSqVen = -1.8330238388E+00
           DelSqVrep =  1.4369425623E+00
           DelSqG =  2.8783651120E-01
           DelSqK =  1.0824476533E-01
           Stress_EigVals = -2.4699590949E-02 -2.4685584554E-02  4.4629825256E-03
           Stress_EigVec1 =  9.9995766604E-01 -9.1998428228E-03 -1.7035530597E-04
           Stress_EigVec2 =  9.1997663664E-03  9.9995758256E-01 -4.4427812447E-04
           Stress_EigVec3 =  1.7443536884E-04  4.4269208740E-04  9.9999988680E-01
           -DivStress = -5.8631187710E-06  9.6789288165E-06  2.0413046761E-02
           ESP =  -1.7922697836E-02
           ESPe = -1.1599327115E+01
           ESPn =  1.1581404417E+01
           BPL =  3.9604507837E+00 =  1.8167962455E+00 +  2.1436545383E+00                
           GBL_I =  3.9604131883E+00                                                      
           GBL_II =  3.9604110156E+00                                                     
           GBL_III =  3.9604138381E+00 =  1.8167593093E+00 +  2.1436545288E+00            
           GBL_IV =  3.9604116653E+00 =  1.8167564236E+00 +  2.1436552417E+00             

CP# 10     Coords =  7.64328794567714E-04  7.16894409160005E-04  7.24339867030733E-01
           Type = (3,-1) BCP Cl5 C1
           Rho =  8.0641547050E-02
           GradRho =  3.5942491978E-18 -2.6832367522E-18 -7.4828188896E-17
           HessRho_EigVals = -8.4432735512E-02 -8.4371298437E-02  2.0946249558E-01
           HessRho_EigVec1 = -5.4095968518E-01  8.4104842970E-01 -3.9738025451E-04
           HessRho_EigVec2 =  8.4104852111E-01  5.4095958703E-01 -3.3216849548E-04
           HessRho_EigVec3 =  6.4403133139E-05  5.1390584012E-04  9.9999986588E-01
           DelSqRho =  4.0658461629E-02
           Bond Ellipticity =  7.2817505106E-04
           V = -6.9118376109E-02
           G =  3.9641495758E-02
           K =  2.9476880351E-02
           L = -1.0164615407E-02
           Vnuc =  1.3428186817E+01
           Ven = -1.0828697590E+00
           Vrep =  1.0137513829E+00
           DelSqV = -4.4031423376E-01
           DelSqVen = -5.4596941847E-01
           DelSqVrep =  1.0565518471E-01
           DelSqG =  2.9813710812E-01
           DelSqK =  1.4217712563E-01
           Stress_EigVals = -4.1848355677E-02 -4.1832095222E-02  1.4562074790E-02
           Stress_EigVec1 =  9.9543783631E-01  9.5412016943E-02 -2.4712631535E-04
           Stress_EigVec2 = -9.5412114629E-02  9.9543776929E-01 -4.1935855782E-04
           Stress_EigVec3 =  2.0598702226E-04  4.4102421976E-04  9.9999988153E-01
           -DivStress = -1.1627826843E-06 -7.7004668377E-06 -4.1283982418E-02
           ESP =   1.7994060254E-01
           ESPe = -1.3248246215E+01
           ESPn =  1.3428186817E+01
           BPL =  4.0485989626E+00 =  2.3837269205E+00 +  1.6648720421E+00                
           GBL_I =  4.0485977763E+00                                                      
           GBL_II =  4.0486007376E+00                                                     
           GBL_III =  4.0485977880E+00 =  2.3837269185E+00 +  1.6648708696E+00            
           GBL_IV =  4.0486007494E+00 =  2.3837269942E+00 +  1.6648737552E+00             

CP# 11     Coords =  1.12261654183851E+00  6.54477458107293E-01 -1.08267759162736E+00
           Type = (3,-1) BCP H4 C1
           Rho =  3.2349700041E-01
           GradRho =  6.4427504129E-17  7.9854109659E-17  1.0329908130E-17
           HessRho_EigVals = -9.9561648264E-01 -9.5228686839E-01  5.0812293602E-01
           HessRho_EigVec1 =  1.1266685868E-01  6.7411926463E-02  9.9134343753E-01
           HessRho_EigVec2 = -5.0460603348E-01  8.6334865671E-01 -1.3593871146E-03
           HessRho_EigVec3 =  8.5596666403E-01  5.0008472195E-01 -1.3128724592E-01
           DelSqRho = -1.4397804150E+00
           Bond Ellipticity =  4.5500589881E-02
           V = -4.5160552682E-01
           G =  4.5830211535E-02
           K =  4.0577531529E-01
           L =  3.5994510375E-01
           Vnuc =  1.2865386632E+01
           Ven = -4.1619139847E+00
           Vrep =  3.7103084578E+00
           DelSqV = -2.5139045694E+00
           DelSqVen =  1.8523331705E+01
           DelSqVrep = -2.1037236274E+01
           DelSqG =  1.9691637541E+00
           DelSqK =  5.4474081527E-01
           Stress_EigVals = -2.8192343656E-01 -2.7553705589E-01  1.0585496563E-01
           Stress_EigVec1 = -5.0475838732E-01  8.6325954769E-01 -1.3869911671E-03
           Stress_EigVec2 =  1.1033207056E-01  6.6105852960E-02  9.9169392980E-01
           Stress_EigVec3 =  8.5618094153E-01  5.0041279912E-01 -1.2861269706E-01
           -DivStress =  1.4018579028E-02  8.7504907333E-03 -1.2222472759E-02
           ESP =   7.6998513882E-01
           ESPe = -1.2095401494E+01
           ESPn =  1.2865386632E+01
           BPL =  1.9523223335E+00 =  6.4516678502E-01 +  1.3071555485E+00                
           GBL_I =  1.9519230725E+00                                                      
           GBL_II =  1.9864279393E+00                                                     
           GBL_III =  1.9520691487E+00 =  6.4516419551E-01 +  1.3069049532E+00            
           GBL_IV =  1.9865872068E+00 =  6.7968269144E-01 +  1.3069045153E+00             

Number of NACPs  =      6
Number of NNACPs =      0
Number of BCPs   =      5
Number of RCPs   =      0
Number of CCPs   =      0
NumNACP + NumNNACP - NumBCP + NumRCP - NumCCP =      1
Poincare-Hopf Relationship is Satisfied

Bond Path Angles and Corresponding Geometric Bond Angles:
--------------------------------------------------------
  BPA     = A-B-C Bond Path Angle
  GBA_I   = A-B-C Geometric Bond Angle in Terms of Nuclear Attractors
  GBA_II  = A-B-C Geometric Bond Angle in Terms of Nuclei
  GBA_III = A-B-C Geometric Bond Angle in Terms of A|B and C|B BCPs and Nuclear Attractor B
  GBA_IV  = A-B-C Geometric Bond Angle in Terms of A|B and C|B BCPs and Nucleus B
-------------------------------------------------------------------------------------------------
Atom A    Atom B    Atom C        BPA          GBA_I         GBA_II       GBA_III       GBA_IV
-------------------------------------------------------------------------------------------------
H3        C1        H2        119.25021211  118.67350211  118.66180707  118.84988248  118.84991886
F6        C1        H2         85.62307931   83.33820136   83.30812142   83.84209869   83.84222160
F6        C1        H3         85.66087239   83.34049537   83.31028923   83.84861890   83.84874165
Cl5       C1        H2         94.63847445   96.66078009   96.69085831   96.17153631   96.17140953
Cl5       C1        H3         94.71535246   96.66027071   96.69047495   96.17617462   96.17604750
Cl5       C1        F6        179.36010428  179.99893916  179.99893840  179.96104235  179.96105053
H4        C1        H2        119.58251754  118.92889480  118.91795451  119.09598549  119.09603660
H4        C1        H3        119.20755241  118.39713542  118.38380085  118.61328044  118.61333051
H4        C1        F6         84.73362274   83.28524783   83.25465769   83.74179702   83.74192610
H4        C1        Cl5        94.63014204   96.71500955   96.74560333   96.21980991   96.21968908

Total time for electron density critical point search, analysis and connectivity = 251 sec (NProc = 8)             
 
Virial-Based Atomic Energy Components:
-------------------------------------
  Ee(A) = E(A) - W(A) = -T(A)
        = Contribution of Atom A to Electronic Energy of Molecule.
          Not additive to give molecular Ee unless molecular electronic virial theorem is satisfied.
  T(A) = Electronic Kinetic Energy of Atom A (Hamiltonian Form)
  Ven(A) = Ven(A,Mol) = VenT(A)
         = Attraction Energy Between Electron Density Distribution of Atom A and Nuclei of Molecule
  VenO(A) = Ven(A,A)
          = Attraction Energy Between Electron Density Distribution of Atom A and Nucleus of Atom A
  Vee(A) = Vee(A,A) + Vee(A,A')/2
         = Two-Electron Interaction Energy of Atom A with Itself Plus Half of Two-Electron Interaction Energy
           Between Atom A and Other Atoms of Molecule
  Vnn(A) - W(A) = Contribution of Atom A to the Nuclear Repulsion Energy of Molecule Minus
                  the Nuclear Virial of Energy-Gradient-Based Forces on Nuclei of Molecule.
                  Calculation of Vnn(A) - W(A) assumes satisfaction of the atomic virial theorem:
                       2T(A) + Ven(A) + Vee(A) + Vnn(A) - W(A) = 0
See "2EDM Note" and "DFT Note".
--------------------------------------------------------------------------------------------------------------------
Atom A         Ee(A)              T(A)             Ven(A)           VenO(A)            Vee(A)        Vnn(A) - W(A)
--------------------------------------------------------------------------------------------------------------------
C1       -3.7800596854E+01  3.7800596854E+01 -1.3436002963E+02 -8.8868439552E+01
H2       -6.1515393521E-01  6.1515393521E-01 -9.2926762465E+00 -1.2223908850E+00
H3       -6.1566250380E-01  6.1566250380E-01 -9.3021993995E+00 -1.2232906675E+00
H4       -6.2275127195E-01  6.2275127195E-01 -9.3763829188E+00 -1.2330152414E+00
Cl5      -4.5981426621E+02  4.5981426621E+02 -1.1562544626E+03 -1.0993383684E+03
F6       -9.9740024268E+01  9.9740024268E+01 -2.8567141405E+02 -2.4295993828E+02
--------------------------------------------------------------------------------------------------------------------
Total    -5.9920845504E+02  5.9920845504E+02 -1.6042571648E+03 -1.4348454430E+03
 
More Virial-Based Atomic Energy Components:
------------------------------------------
  E(A) = Ee(A) + W(A)
       = T(A) + Ven(A) + Vee(A) + Vnn(A) = Contribution of Atom A to Total Energy E of Molecule
         Not additive to give molecular E unless molecular virial theorem is satisfied.
  Ee(A) = E(A) - W(A) = Contribution of Atom A to Electronic Energy of Molecule
          Not additive to give molecular Ee unless molecular virial theorem is satisfied.
  W(A) = Contribution of Atom A to Nuclear Virial of Energy-Gradient-Based Forces on Nuclei of Molecule
  Vnn(A) = Contribution of Atom A to Nuclear Repulsion Energy of Molecule
           Calculation of Vnn(A) assumes satisfaction of the atomic virial theorem:
                2T(A) + Ven(A) + Vee(A) + Vnn(A) - W(A) = 0
  VeeC(A) = Coulomb Part of Vee(A)
  VeeX(A) = Exchange-Correlation Part of Vee(A)
See "2EDM Note" and "DFT Note".
--------------------------------------------------------------------------------------------------------------------
Atom A          E(A)             Ee(A)              W(A)             Vnn(A)           VeeC(A)           VeeX(A)
--------------------------------------------------------------------------------------------------------------------
C1                         -3.7800596854E+01
H2                         -6.1515393521E-01
H3                         -6.1566250380E-01
H4                         -6.2275127195E-01
Cl5                        -4.5981426621E+02
F6                         -9.9740024268E+01
--------------------------------------------------------------------------------------------------------------------
Total                      -5.9920845504E+02
 
IQA Atomic Energy Components:
----------------------------
  E_IQA(A) = Contribution of Atom A to Total Energy E of Molecule, Using IQA Additive Atomic Energy Definition
           = T(A) + Vne(A,Mol)/2 + Ven(A,Mol)/2 + Vee(A) + Vnn(A,Mol)/2
  T(A) = Electronic Kinetic Energy of Atom A (Hamiltonian Form)
  Vne(A,Mol)/2 = Half of Attraction Energy Between Nucleus of Atom A and Electron Density Distribution of Molecule
  Ven(A,Mol)/2 = Half of Attraction Energy Between Electron Density Distribution of Atom A and Nuclei of Molecule
  Vee(A) = Vee(A,A) + Vee(A,A')/2
         = Two-Electron Interaction Energy of Atom A with Itself Plus Half of Two-Electron Interaction Energy
           Between Atom A and Other Atoms of Molecule
  Vnn(A,Mol)/2 = Vnn(A,A')/2 = Half of Repulsion Energy Between Nucleus of Atom A and Other Nuclei of Molecule
  VeeC(A) = Coulomb Part of Vee(A)
  VeeX(A) = Exchange-Correlation Part of Vee(A)
See "2EDM Note" and "DFT Note".
--------------------------------------------------------------------------------------------------------------------------------------------------------
Atom A        E_IQA(A)            T(A)          Vne(A,Mol)/2      Ven(A,Mol)/2         Vee(A)         Vnn(A,Mol)/2        VeeC(A)           VeeX(A)
--------------------------------------------------------------------------------------------------------------------------------------------------------
C1                          3.7800596854E+01 -6.8531744683E+01 -6.7180014814E+01                    2.3920678889E+01
H2                          6.1515393521E-01 -5.2854492543E+00 -4.6463381233E+00                    4.6541991522E+00
H3                          6.1566250380E-01 -5.2860162194E+00 -4.6510996997E+00                    4.6545872896E+00
H4                          6.2275127195E-01 -5.3036238946E+00 -4.6881914594E+00                    4.6717909546E+00
Cl5                         4.5981426621E+02 -5.7697810659E+02 -5.7812723128E+02                    2.7552305417E+01
F6                          9.9740024268E+01 -1.4074487765E+02 -1.4283570703E+02                    1.9566710622E+01
--------------------------------------------------------------------------------------------------------------------------------------------------------
Total                       5.9920845504E+02 -8.0212981829E+02 -8.0212858241E+02                    8.5020272324E+01
 
More IQA Atomic Energy Components:
---------------------------------
  Vneen(A) = Vne(A,Mol)/2 + Ven(A,Mol)/2
  V_IQA(A) = Vne(A,Mol)/2 + Ven(A,Mol)/2 + Vee(A,A) + Vee(A,A')/2 + Vnn(A,A')/2
           = VC_IQA(A) + VX_IQA(A) = Potential Energy Contribution to E_IQA(A)
           = E_IQA(A) - T(A)
  VC_IQA(A) = Vne(A,Mol)/2 + Ven(A,Mol)/2 + VeeC(A,A) + VeeC(A,A')/2 + Vnn(A,A')/2
            = Coulomb Potential Energy Contribution to E_IQA(A)
            = E_IQA(A) - T(A) - VeeX(A)
  VX_IQA(A) = VeeX(A,A) + VeeX(A,A')/2
            = Exchange-Correlation Energy Contribution to E_IQA(A)
            = E_IQA(A) - T(A) - VC_IQA(A)
See "2EDM Note" and "DFT Note".
--------------------------------------------------------------------------------
Atom A        Vneen(A)          V_IQA(A)         VC_IQA(A)         VX_IQA(A)
--------------------------------------------------------------------------------
C1       -1.3571175950E+02
H2       -9.9317873776E+00
H3       -9.9371159191E+00
H4       -9.9918153540E+00
Cl5      -1.1551053379E+03
F6       -2.8358058468E+02
--------------------------------------------------------------------------------
Total    -1.6042584007E+03
 
IQA Intraatomic ("Self") Energy Components:
------------------------------------------
  E_IQA_Intra(A) = T(A) + Vne(A,A) + Vee(A,A)
                 = Intraatomic ("Self") Contribution to E_IQA(A)
  T(A) = Electronic Kinetic Energy of Atom A (Hamiltonian Form)
  Vne(A,A) = Attraction Energy Between Electron Density Distribution of Atom A and Nucleus of Atom A
  Vee(A,A) = Two-electron Interaction Energy of Atom A With Itself
  VeeC(A,A) = Coulomb Part of Vee(A,A)
