AIMSum (Version 17.11.14, Professional)
Copyright (c) 1997-2017 by Todd A. Keith
AIMSum is a component of the AIMAll package ( http://aim.tkgristmill.com )

TP:  64-bit Linux

Much of the Quantum Theory of Atoms in Molecules (QTAIM) is described in the book:
  "Atoms in Molecules - A Quantum Theory"
  R.F.W. Bader, Oxford University Press, Oxford, 1990

For additional references see:  http://aim.tkgristmill.com/references.html

Wfn File:  /home/bruns/metodo_ts/QCISD/clch3f_ts/RUN/GAUSSIAN.wfn
Sum File:  /home/bruns/metodo_ts/QCISD/clch3f_ts/RUN/GAUSSIAN.sum

SumViz File:  /home/bruns/metodo_ts/QCISD/clch3f_ts/RUN/GAUSSIAN.sumviz

Wfn Title:   clch3f_ts-wavefunction                                                        
 
Total memory allocated for AIMSum =        1.289 Megabytes

Atomic units (a.u.) used throughout, except where stated otherwise

Model:  Unknown
 
Restricted, natural orbital wavefunction.
  Number of electrons (from MO Occs)                   =          35.9999996000
  Number of Alpha electrons (from MO Occs)             =          17.9999998000
  Number of Beta electrons (from MO Occs)              =          17.9999998000
  Number of electron pairs (N*(N-1)/2)                 =         629.9999858000
  Number of electron pairs (from Muller 2EDM)          =         629.9999858000
  Number of electron pairs (from Muller 2EDM, no SOSI) =         630.4341645167
 
Nuclear Charges and Cartesian Coordinates:
-------------------------------------------------------------------------------
Atom      Charge                X                  Y                  Z
-------------------------------------------------------------------------------
C1         6.0           3.3070000000E-04   5.4800000000E-05  -9.4053370000E-01
H2         1.0           3.5900000000E-05  -1.9890690400E+00  -1.1730021400E+00
H3         1.0          -1.7221301000E+00   9.9468570000E-01  -1.1739829100E+00
H4         1.0           1.7229578000E+00   9.9424539000E-01  -1.1745970700E+00
Cl5       17.0           1.0488000000E-03   1.8179200000E-03   3.0891693200E+00
F6         9.0          -3.5149000000E-04  -1.7404400000E-03  -4.9009442500E+00
 
Some Atomic Properties:
----------------------
  q(A) = Net Charge of Atom A
  L(A) = Lagrangian of Atom A = -(1/4) Times Atomic Integral of the Laplacian of the Electron Density
  K(A) = Electronic Kinetic Energy of Atom A (Hamiltonian Form)
  K_Scaled(A) = K(A) * E(Mol)/K(Mol) = Approximation to Virial-Based Total Energy of Atom A.
  |Mu_Intra(A)| = Magnitude of Intraatomic Dipole Moment of Atom A
--------------------------------------------------------------------------------------------------
Atom A          q(A)              L(A)              K(A)          K_Scaled(A)      |Mu_Intra(A)|
--------------------------------------------------------------------------------------------------
C1        2.2698117950E-01  8.5643984566E-05  3.7795916798E+01 -3.7803339160E+01  2.0812961703E-02
H2        9.0693781030E-02  3.0567768125E-05  6.1582175391E-01 -6.1594268899E-01  1.4489872343E-01
H3        9.0688829880E-02  2.1042051054E-05  6.1581639734E-01 -6.1593733137E-01  1.4491459677E-01
H4        9.0686367060E-02  2.9643030018E-05  6.1582571868E-01 -6.1594665454E-01  1.4489230370E-01
Cl5      -6.3802787700E-01  8.7293114779E-06  4.5981723995E+02 -4.5990753886E+02  1.7287177226E-01
F6       -8.6082979060E-01  1.1290936785E-05  9.9741014966E+01 -9.9760602107E+01  1.0701173467E-01
--------------------------------------------------------------------------------------------------
Total    -9.9980751013E-01  1.8691708203E-04  5.9920163558E+02 -5.9931930680E+02
 
1st Largest |L(A)| = 8.5643984566E-05, atom C1      
2nd Largest |L(A)| = 3.0567768125E-05, atom H2      
 
Molecular charge q(Mol) from the wfn file:  -9.9999960000E-01
Molecular energy E(Mol) from the wfn file:  -5.9931928716E+02
Molecular virial ratio (-V(Mol)/T(Mol)) from the wfn file:   2.0001963800E+00
Note.  K_Scaled(A) = (1+V(Mol)/T(Mol))*K(A) = (E(Mol)/T(Mol))*K(A)
       Only use K_Scaled(A) data with caution.
 
N_AIMInt(SumA)     =         35.999808
N_Analytic(Mol)    =         36.000000
 
G_AIMInt(SumA)     =        599.201449
G_Analytic(Mol)    =        599.201614
 
K_AIMInt(SumA)     =        599.201636
K_Analytic(Mol)    =        599.201614
 
L_AIMInt(SumA)     =          0.000187
L_Analytic(Mol)    =          0.000000
 
VenT_AIMInt(SumA)  =      -1604.592432
VenT_Analytic(Mol) =      -1604.594268
 
Some Information About the Atomic Calculations:
----------------------------------------------
  Time(sec) = "Elapsed User Time", in Seconds, for Atom A by AIMInt and, if used, by TWOe
  NProc = Number of Processors Used for AIMInt Job
  BIM = Basin Integration Method
  OAQ = Angular Quadrature Outside of Beta Sphere
  ORQ = Multiple of Default for Radial Quadrature Outside of Beta Sphere
  IAQ = Multiple of Default for Angular Quadrature Inside of Beta Sphere
  IRQ = Multiple of Default for Radial Quadrature Inside of Beta Sphere
  MIR = Maximum Integration Radius
------------------------------------------------------------------------------------------------------
Atom A     Time(sec)   NProc      BIM          OAQ                     ORQ      IAQ      IRQ      MIR
------------------------------------------------------------------------------------------------------
C1             73        8     Proaim(5)    4500(GS4)                  1.00     1.00     1.00    13.00
H2             17        8     Proaim(5)    1800(GS4)                  1.00     1.00     1.00    13.00
H3             16        8     Proaim(5)    1800(GS4)                  1.00     1.00     1.00    13.00
H4             14        8     Proaim(5)    1800(GS4)                  1.00     1.00     1.00    13.00
Cl5            32        8     Proaim(5)    3150(GS4)                  1.00     1.00     1.00    13.00
F6             34        8     Proaim(5)    2700(GS4)                  1.00     1.00     1.00    13.00
------------------------------------------------------------------------------------------------------
Total         186
Note:  Total wall clock time is less than total of atomic times if more than one atom
       was calculated at a time
 
Electron Density Critical Point Analysis of Molecular Structure:               
---------------------------------------------------------------                
  NACP = Nuclear Attractor Critical Point                                      
  NNACP = Non-Nuclear Attractor Critical Point                                 
  BCP = Bond Critical Point                                                    
  RCP = Ring Critical Point                                                    
  CCP = Cage Critical Point                                                    
  Rho = Electron Density                                                       
  GradRho = Gradient of Electron Density                                       
  HessRho_EigVals = Eigenvalues of the Hessian of Rho, Ascending Order         
  HessRho_EigVecs = Eigenvectors of the Hessian of Rho                         
  DelSqRho = Laplacian of Rho = Trace of Hessian of Rho                        
  Bond Ellipticity = (HessRho_EigVal(1) / HessRho_EigVal(2)) - 1               
  V = Virial Field = Potential Energy Density = Trace of Stress Tensor         
  G = Lagrangian Form of Kinetic Energy Density                                
  K = Hamiltonian Form of Kinetic Energy Density                               
  L = K - G = Lagrangian Density = (-1/4)DelSqRho                              
  Vnuc = Electrostatic Potential from Nuclei                                   
  Ven = Electron-nuclear attractive contribution to Virial Field V             
  Vrep = V - Ven = Repulsive contribution to Virial Field V                    
  DelSqV = Laplacian of V                                                      
  DelSqVen = Laplacian of Ven                                                  
  DelSqVrep = Laplacian of Vrep                                                
  DelSqG = Laplacian of G                                                      
  DelSqK = Laplacian of K                                                      
  Stress_EigVals = Eigenvalues of Stress Tensor, Ascending Order               
  Stress_EigVecs = Eigenvectors of Stress Tensor                               
  -DivStress = Ehrenfest Force Density = Minus Divergence of Stress Tensor     
  ESP = Total Electrostatic Potential                                          
  ESPe = Electrostatic Potential from Electrons                                
  ESPn = Electrostatic Potential from Nuclei                                   
  BP = Bond Path                                                               
  BPL = Bond Path Length                                                       
  GBL = Geometric Bond Length                                                  
  GBL_I = Distance Between Nuclear Attractors                                  
  GBL_II = Distance Between Nuclei                                             
  GBL_III = Sum of Distances Between BCP and Nuclear Attractors                
  GBL_IV = Sum of Distances Between BCP and Nuclei                             

CP# 1      Coords =  3.30700470393045E-04  5.48013304397794E-05 -9.40530784285574E-01
           Type = (3,-3) NACP C1
           Rho =  1.2140577678E+02     Rho at Nucleus =  1.2140577572E+02
           GradRho =  2.9844492431E-15 -6.2378702936E-16  5.1259000257E-12
           HessRho_EigVals = -2.4892716227E+05 -2.4892009612E+05 -2.4892009609E+05
           HessRho_EigVec1 =  1.7784094404E-04  4.3605826849E-04  9.9999988911E-01
           HessRho_EigVec2 =  9.1883458787E-01 -3.9464287661E-01  8.6808798817E-06
           HessRho_EigVec3 =  3.9464283664E-01  9.1883448444E-01 -4.7084908115E-04
           DelSqRho = -7.4676735448E+05
           Bond Ellipticity = NA
           V = -1.8670536807E+05
           G =  6.7647239500E+00
           K =  1.8669860334E+05
           L =  1.8669183862E+05
           Vnuc =  2.0578224456E+06
           Ven = -2.4983153247E+08
           Vrep =  2.4964482710E+08
           DelSqV =  1.1231311211E+10
           DelSqVen =  1.5367145964E+12
           DelSqVrep = -1.5254832851E+12
           DelSqG =  3.8280942983E+08
           DelSqK = -1.1614120641E+10
           Stress_EigVals = -6.2235839458E+04 -6.2235839450E+04 -6.2233689160E+04
           Stress_EigVec1 =  4.0702284779E-01  9.1341785616E-01 -4.7055438885E-04
           Stress_EigVec2 =  9.1341796006E-01 -4.0702288634E-01  1.5046639975E-05
           Stress_EigVec3 =  1.7778253590E-04  4.3593715622E-04  9.9999988918E-01
           -DivStress = -1.7290150728E+00 -4.8904224891E+00 -1.0717663167E+04
           ESP =  -1.4870147504E+01     ESP at Nucleus =  -1.4870147528E+01
           ESPe = -2.2859319188E+01     ESPe at Nucleus = -2.2859318087E+01
           ESPn =  7.9891716843E+00     ESPn at Nucleus =  7.9891705590E+00

CP# 2      Coords =  4.10704457133735E-05 -1.95534801261280E+00 -1.16802926412805E+00
           Type = (3,-3) NACP H2
           Rho =  4.4830117522E-01     Rho at Nucleus =  4.4342694832E-01
           GradRho =  2.6662394194E-17  3.6819642957E-16 -8.6548625908E-16
           HessRho_EigVals = -8.9822261897E+00 -8.9688315699E+00 -8.0259382866E+00
           HessRho_EigVec1 =  1.5484773878E-04 -1.3653449209E-01  9.9063530549E-01
           HessRho_EigVec2 =  9.9999997672E-01 -1.2774981123E-04 -1.7391868613E-04
           HessRho_EigVec3 =  1.5029937275E-04  9.9063530936E-01  1.3653446913E-01
           DelSqRho = -2.5976996046E+01
           Bond Ellipticity = NA
           V = -6.5221151630E+00
           G =  1.3933075725E-02
           K =  6.5081820873E+00
           L =  6.4942490116E+00
           Vnuc =  3.8735462877E+01
           Ven = -1.7365153531E+01
           Vrep =  1.0843038368E+01
           DelSqV =  1.6603335606E+03
           DelSqVen =  1.0062309660E+03
           DelSqVrep =  6.5410259457E+02
           DelSqG =  1.2683243651E+02
           DelSqK = -1.7871659971E+03
           Stress_EigVals = -2.2541992535E+00 -2.2518526300E+00 -2.0160632795E+00
           Stress_EigVec1 =  1.5359450155E-04 -1.3587415868E-01  9.9072609202E-01
           Stress_EigVec2 =  9.9999997692E-01 -1.2793425313E-04 -1.7257792885E-04
           Stress_EigVec3 =  1.5019668353E-04  9.9072609567E-01  1.3587413590E-01
           -DivStress = -2.7961539398E-03 -1.8236100624E+01 -2.6893148785E+00
           ESP =  -1.2614760883E+00     ESP at Nucleus =  -1.2633582334E+00
           ESPe = -1.0659151408E+01     ESPe at Nucleus = -1.0584071530E+01
           ESPn =  9.3976753193E+00     ESPn at Nucleus =  9.3207132963E+00

CP# 3      Coords = -1.69293003912349E+00  9.77824773080013E-01 -1.16899361377111E+00
           Type = (3,-3) NACP H3
           Rho =  4.4830132156E-01     Rho at Nucleus =  4.4342713159E-01
           GradRho =  4.4376575168E-13 -2.5657680647E-13  7.4020860971E-14
           HessRho_EigVals = -8.9822298969E+00 -8.9688357605E+00 -8.0259477662E+00
           HessRho_EigVec1 = -1.1841854166E-01  6.8931497106E-02  9.9056827008E-01
           HessRho_EigVec2 =  5.0011119149E-01  8.6596106809E-01 -4.7402577991E-04
           HessRho_EigVec3 =  8.5782623248E-01 -4.9533814437E-01  1.3701925996E-01
           DelSqRho = -2.5977013424E+01
           Bond Ellipticity = NA
           V = -6.5221193606E+00
           G =  1.3933002341E-02
           K =  6.5081863582E+00
           L =  6.4942533559E+00
           Vnuc =  3.8735559031E+01
           Ven = -1.7365202305E+01
           Vrep =  1.0843082944E+01
           DelSqV =  1.6603352025E+03
           DelSqVen =  1.0062341369E+03
           DelSqVrep =  6.5410106556E+02
           DelSqG =  1.2683255434E+02
           DelSqK = -1.7871677568E+03
           Stress_EigVals = -2.2542000054E+00 -2.2518536998E+00 -2.0160656553E+00
           Stress_EigVec1 = -1.1784428354E-01  6.8605468973E-02  9.9065938368E-01
           Stress_EigVec2 =  5.0011174623E-01  8.6596074508E-01 -4.7880493868E-04
           Stress_EigVec3 =  8.5790498665E-01 -4.9538396987E-01  1.3635892446E-01
           -DivStress = -1.5791203838E+01  9.1182800399E+00 -2.6981958189E+00
           ESP =  -1.2614750407E+00     ESP at Nucleus =  -1.2633571664E+00
           ESPe = -1.0659123785E+01     ESPe at Nucleus = -1.0584044035E+01
           ESPn =  9.3976487441E+00     ESPn at Nucleus =  9.3206868684E+00

CP# 4      Coords =  1.69375511652752E+00  9.77391841332454E-01 -1.16959729565258E+00
           Type = (3,-3) NACP H4
           Rho =  4.4830252091E-01     Rho at Nucleus =  4.4342828260E-01
           GradRho = -4.4413709861E-13 -2.5715935530E-13  7.4677164462E-14
           HessRho_EigVals = -8.9822525035E+00 -8.9688581273E+00 -8.0259616910E+00
           HessRho_EigVec1 =  1.1878793143E-01  6.8905595324E-02  9.9052584332E-01
           HessRho_EigVec2 = -4.9989127909E-01  8.6608811274E-01 -3.0010931034E-04
           HessRho_EigVec3 =  8.5790333747E-01  4.9511958142E-01 -1.3732612153E-01
           DelSqRho = -2.5977072322E+01
           Bond Ellipticity = NA
           V = -6.5221343042E+00
           G =  1.3933111895E-02
           K =  6.5082011923E+00
           L =  6.4942680804E+00
           Vnuc =  3.8735462744E+01
           Ven = -1.7365205597E+01
           Vrep =  1.0843071292E+01
           DelSqV =  1.6603384422E+03
           DelSqVen =  1.0062339171E+03
           DelSqVrep =  6.5410452512E+02
           DelSqG =  1.2683279790E+02
           DelSqK = -1.7871712401E+03
           Stress_EigVals = -2.2542057523E+00 -2.2518593705E+00 -2.0160691814E+00
           Stress_EigVec1 =  1.1821292912E-01  6.8580879670E-02  9.9061716436E-01
           Stress_EigVec2 = -4.9989199676E-01  8.6608769637E-01 -3.0623223344E-04
           Stress_EigVec3 =  8.5798233954E-01  4.9516539171E-01 -1.3666579634E-01
           -DivStress =  1.5792657209E+01  9.1143101929E+00 -2.7038684361E+00
           ESP =  -1.2614755647E+00     ESP at Nucleus =  -1.2633577610E+00
           ESPe = -1.0659142657E+01     ESPe at Nucleus = -1.0584062565E+01
           ESPn =  9.3976670927E+00     ESPn at Nucleus =  9.3207048038E+00

CP# 5      Coords =  1.04879998628098E-03  1.81791996669974E-03  3.08916924356414E+00
           Type = (3,-3) NACP Cl5
           Rho =  3.1725875357E+03     Rho at Nucleus =  3.1725875353E+03
           GradRho = -1.5713878739E-11 -2.2981873458E-11 -5.7616489219E-10
           HessRho_EigVals = -1.3891680878E+08 -1.3891658337E+08 -1.3891658337E+08
           HessRho_EigVec1 =  1.7884164060E-04  4.3769973182E-04  9.9999988822E-01
           HessRho_EigVec2 = -6.5016964314E-03  9.9997876847E-01 -4.3652771353E-04
           HessRho_EigVec3 =  9.9997884776E-01  6.5016176353E-03 -1.8168363430E-04
           DelSqRho = -4.1674997552E+08
           Bond Ellipticity = NA
           V = -1.0421594008E+08
           G =  1.4223101859E+04
           K =  1.0420171698E+08
           L =  1.0418749388E+08
           Vnuc =  2.2240868983E+08
           Ven = -7.0561103717E+11
           Vrep =  7.0550682123E+11
           DelSqV =  3.3656981588E+14
           DelSqVen =  9.2688898941E+16
           DelSqVrep = -9.2352294765E+16
           DelSqG =  4.5632228961E+12
           DelSqK = -3.4113303877E+14
           Stress_EigVals = -3.4738665571E+07 -3.4738665571E+07 -3.4738608941E+07
           Stress_EigVec1 =  9.9997824028E-01  6.5943873709E-03 -1.8172738701E-04
           Stress_EigVec2 = -6.5944661738E-03  9.9997816100E-01 -4.3649970140E-04
           Stress_EigVec3 =  1.7884497015E-04  4.3768859840E-04  9.9999988822E-01
           -DivStress =  1.5283778785E+03  3.7098598374E+03  8.5154297201E+06
           ESP =  -6.4637753564E+01     ESP at Nucleus =  -6.4637753565E+01
           ESPe = -6.7890814709E+01     ESPe at Nucleus = -6.7890814661E+01
           ESPn =  3.2530611450E+00     ESPn at Nucleus =  3.2530610966E+00

CP# 6      Coords = -3.51489883556034E-04 -1.74043967316068E-03 -4.90094355393302E+00
           Type = (3,-3) NACP F6
           Rho =  4.3109722218E+02     Rho at Nucleus =  4.3109722168E+02
           GradRho =  1.3716045153E-12  3.8958399238E-12  7.3319492684E-09
           HessRho_EigVals = -2.0428333863E+06 -2.0428210663E+06 -2.0428210663E+06
           HessRho_EigVec1 =  1.6686634631E-04  4.7113341994E-04  9.9999987509E-01
           HessRho_EigVec2 =  9.9468301620E-01 -1.0298389917E-01 -1.1745997871E-04
           HessRho_EigVec3 =  1.0298383097E-01  9.9468291156E-01 -4.8581295816E-04
           DelSqRho = -6.1284755189E+06
           Bond Ellipticity = NA
           V = -1.5324278108E+06
           G =  1.5446556199E+02
           K =  1.5322733453E+06
           L =  1.5321188797E+06
           Vnuc =  1.2929792889E+07
           Ven = -5.5739977976E+09
           Vrep =  5.5724653698E+09
           DelSqV =  2.1792596135E+11
           DelSqVen =  7.9239923630E+13
           DelSqVrep = -7.9021997669E+13
           DelSqG =  7.2617433596E+09
           DelSqK = -2.2518770471E+11
           Stress_EigVals = -5.1081028299E+05 -5.1081028298E+05 -5.1080724486E+05
           Stress_EigVec1 =  1.0570561105E-01  9.9439734878E-01 -4.8634552620E-04
           Stress_EigVec2 =  9.9439745372E-01 -1.0570567896E-01 -1.1603962511E-04
           Stress_EigVec3 =  1.6679897962E-04  4.7135471340E-04  9.9999987500E-01
           -DivStress = -8.3004262077E+00 -2.3298677526E+01 -4.9618234417E+04
           ESP =  -2.6929734045E+01     ESP at Nucleus =  -2.6929734048E+01
           ESPe = -3.1282481939E+01     ESPe at Nucleus = -3.1282481387E+01
           ESPn =  4.3527478936E+00     ESPn at Nucleus =  4.3527473388E+00

CP# 7      Coords =  1.38148826186066E-04 -1.31254260607660E+00 -1.08219999585405E+00
           Type = (3,-1) BCP C1 H2
           Rho =  3.1738251278E-01
           GradRho =  3.6243455334E-18 -2.6308403836E-14  1.4746073217E-14
           HessRho_EigVals = -9.6954203949E-01 -9.2842716528E-01  5.1049127270E-01
           HessRho_EigVec1 =  1.5825440369E-04 -1.2889248829E-01  9.9165856091E-01
           HessRho_EigVec2 =  9.9999997635E-01 -1.2754880169E-04 -1.7616394317E-04
           HessRho_EigVec3 =  1.4919107011E-04  9.9165856533E-01  1.2889246506E-01
           DelSqRho = -1.3874779321E+00
           Bond Ellipticity =  4.4284436898E-02
           V = -4.3558082054E-01
           G =  4.4355668762E-02
           K =  3.9122515178E-01
           L =  3.4686948302E-01
           Vnuc =  1.2820134700E+01
           Ven = -4.0688865652E+00
           Vrep =  3.6333057447E+00
           DelSqV = -2.5023576949E+00
           DelSqVen =  1.7787653982E+01
           DelSqVrep = -2.0290011677E+01
           DelSqG =  1.9005814393E+00
           DelSqK =  6.0177625559E-01
           Stress_EigVals = -2.7403355729E-01 -2.6820305196E-01  1.0665578871E-01
           Stress_EigVec1 =  9.9999997581E-01 -1.2715024731E-04 -1.7947242175E-04
           Stress_EigVec2 =  1.6198906384E-04 -1.2621389269E-01  9.9200303782E-01
           Stress_EigVec3 =  1.4878534457E-04  9.9200304290E-01  1.2621386904E-01
           -DivStress = -4.3108457005E-06 -1.8227983494E-02 -1.1582496781E-02
           ESP =   7.5029003225E-01
           ESPe = -1.2069844668E+01
           ESPn =  1.2820134700E+01
           BPL =  1.9689711661E+00 =  1.3204582280E+00 +  6.4851293810E-01                
           GBL_I =  1.9685923415E+00                                                      
           GBL_II =  2.0026620567E+00                                                     
           GBL_III =  1.9687306830E+00 =  1.3202204954E+00 +  6.4851018758E-01            
           GBL_IV =  2.0028130728E+00 =  1.3202201812E+00 +  6.8259289158E-01             

CP# 8      Coords = -1.13629958434153E+00  6.56405746580901E-01 -1.08284885845745E+00
           Type = (3,-1) BCP C1 H3
           Rho =  3.1738187648E-01
           GradRho = -3.3543206605E-16  2.2538153441E-16 -1.0559859488E-16
           HessRho_EigVals = -9.6953752166E-01 -9.2842271293E-01  5.1048836334E-01
           HessRho_EigVec1 = -1.1180404982E-01  6.5108349418E-02  9.9159505711E-01
           HessRho_EigVec2 =  5.0011103384E-01  8.6596116089E-01 -4.7082011716E-04
           HessRho_EigVec3 =  8.5871346110E-01 -4.9585498956E-01  1.2937936872E-01
           DelSqRho = -1.3874718712E+00
           Bond Ellipticity =  4.4284578730E-02
           V = -4.3557953493E-01
           G =  4.4355783560E-02
           K =  3.9122375137E-01
           L =  3.4686796781E-01
           Vnuc =  1.2820116688E+01
           Ven = -4.0688726911E+00
           Vrep =  3.6332931562E+00
           DelSqV = -2.5023157172E+00
           DelSqVen =  1.7787551290E+01
           DelSqVrep = -2.0289867008E+01
           DelSqG =  1.9005721959E+00
           DelSqK =  6.0174352127E-01
           Stress_EigVals = -2.7403274146E-01 -2.6820186397E-01  1.0665507050E-01
           Stress_EigVec1 =  5.0011018188E-01  8.6596165718E-01 -4.6290645802E-04
           Stress_EigVec2 = -1.0948866858E-01  6.3762146186E-02  9.9194083501E-01
           Stress_EigVec3 =  8.5901224522E-01 -4.9602902840E-01  1.2670108741E-01
           -DivStress = -1.5775185124E-02  9.1042056030E-03 -1.1588407936E-02
           ESP =   7.5028938925E-01
           ESPe = -1.2069827299E+01
           ESPn =  1.2820116688E+01
           BPL =  1.9689724532E+00 =  1.3204571190E+00 +  6.4851533424E-01                
           GBL_I =  1.9685937403E+00                                                      
           GBL_II =  2.0026633188E+00                                                     
           GBL_III =  1.9687320370E+00 =  1.3202194522E+00 +  6.4851258481E-01            
           GBL_IV =  2.0028142856E+00 =  1.3202191381E+00 +  6.8259514744E-01             

CP# 9      Coords =  2.19142951850748E-05 -7.82633679393570E-04 -2.75779510955673E+00
           Type = (3,-1) BCP C1 F6
           Rho =  4.6086010015E-02
           GradRho =  6.4957468980E-19  2.8758750190E-19  1.3848884538E-17
           HessRho_EigVals = -3.8315610299E-02 -3.8313687407E-02  2.3541535654E-01
           HessRho_EigVec1 =  9.8918271788E-01 -1.4668857777E-01 -1.0867094495E-04
           HessRho_EigVec2 =  1.4668851300E-01  9.8918262471E-01 -4.6382618745E-04
           HessRho_EigVec3 =  1.7553341432E-04  4.4286806940E-04  9.9999988653E-01
           DelSqRho =  1.5878605884E-01
           Bond Ellipticity =  5.0188121782E-05
           V = -4.4967569872E-02
           G =  4.2332042291E-02
           K =  2.6355275809E-03
           L = -3.9696514710E-02
           Vnuc =  1.1588461690E+01
           Ven = -5.3406596152E-01
           Vrep =  4.8909839164E-01
           DelSqV = -3.9589131837E-01
           DelSqVen = -1.8400861598E+00
           DelSqVrep =  1.4441948414E+00
           DelSqG =  2.8729134185E-01
           DelSqK =  1.0859997652E-01
           Stress_EigVals = -2.4657793672E-02 -2.4657767414E-02  4.3479912141E-03
           Stress_EigVec1 =  1.4740256462E-01  9.8907646712E-01 -4.7552883149E-04
           Stress_EigVec2 =  9.8907656654E-01 -1.4740262881E-01 -1.0270257974E-04
           Stress_EigVec3 =  1.7167490457E-04  4.5519580029E-04  9.9999988166E-01
           -DivStress =  3.4730690431E-06  9.3040975684E-06  2.0335275279E-02
           ESP =  -1.9353476335E-02
           ESPe = -1.1607815167E+01
           ESPn =  1.1588461690E+01
           BPL =  3.9604132381E+00 =  1.8172645471E+00 +  2.1431486909E+00                
           GBL_I =  3.9604132353E+00                                                      
           GBL_II =  3.9604110156E+00                                                     
           GBL_III =  3.9604132354E+00 =  1.8172645445E+00 +  2.1431486909E+00            
           GBL_IV =  3.9604110157E+00 =  1.8172616287E+00 +  2.1431493870E+00             

CP# 10     Coords =  6.25919398790347E-04  7.79515789409167E-04  7.15922499472055E-01
           Type = (3,-1) BCP Cl5 C1
           Rho =  8.2350115310E-02
           GradRho =  3.5398259583E-19  5.4096082681E-19  1.9091307786E-17
           HessRho_EigVals = -8.6944764165E-02 -8.6944568941E-02  2.1257138496E-01
           HessRho_EigVec1 = -9.2530645290E-02  9.9570974888E-01 -4.1913618435E-04
           HessRho_EigVec2 =  9.9570982121E-01  9.2530560440E-02 -2.1753994673E-04
           HessRho_EigVec3 =  1.7782373969E-04  4.3746712683E-04  9.9999988850E-01
           DelSqRho =  3.8682051854E-02
           Bond Ellipticity =  2.2453946071E-06
           V = -7.1188127344E-02
           G =  4.0429320154E-02
           K =  3.0758807190E-02
           L = -9.6705129635E-03
           Vnuc =  1.3481131224E+01
           Ven = -1.1101727108E+00
           Vrep =  1.0389845835E+00
           DelSqV = -4.5288332371E-01
           DelSqVen = -5.2147781706E-01
           DelSqVrep =  6.8594493347E-02
           DelSqG =  3.0602035459E-01
           DelSqK =  1.4686296913E-01
           Stress_EigVals = -4.3059710973E-02 -4.3059704133E-02  1.4931287762E-02
           Stress_EigVec1 =  8.7455368198E-01  4.8492857381E-01 -3.6827861539E-04
           Stress_EigVec2 = -4.8492868085E-01  8.7455364998E-01 -2.9631134538E-04
           Stress_EigVec3 =  1.7838956918E-04  4.3772904126E-04  9.9999988829E-01
           -DivStress = -7.7509072758E-06 -1.8954367228E-05 -4.3428731414E-02
           ESP =   1.8673182840E-01
           ESPe = -1.3294399396E+01
           ESPn =  1.3481131224E+01
           BPL =  4.0297004775E+00 =  2.3732470089E+00 +  1.6564534686E+00                
           GBL_I =  4.0297004775E+00                                                      
           GBL_II =  4.0297034697E+00                                                     
           GBL_III =  4.0297004775E+00 =  2.3732470089E+00 +  1.6564534686E+00            
           GBL_IV =  4.0297034697E+00 =  2.3732470854E+00 +  1.6564563843E+00             

CP# 11     Coords =  1.13707488198369E+00  6.56115301224121E-01 -1.08325373184316E+00
           Type = (3,-1) BCP H4 C1
           Rho =  3.1738340437E-01
           GradRho =  7.5445848177E-17  1.0659272015E-16  4.2848243560E-17
           HessRho_EigVals = -9.6954446182E-01 -9.2842926119E-01  5.1048881664E-01
           HessRho_EigVec1 =  1.1217367710E-01  6.5082015813E-02  9.9155504002E-01
           HessRho_EigVec2 = -4.9989094275E-01  8.6608830874E-01 -2.9465616478E-04
           HessRho_EigVec3 =  8.5879340444E-01  4.9563633108E-01 -1.2968622053E-01
           DelSqRho = -1.3874849064E+00
           Bond Ellipticity =  4.4284688499E-02
           V = -4.3558338520E-01
           G =  4.4356079306E-02
           K =  3.9122730590E-01
           L =  3.4687122659E-01
           Vnuc =  1.2820136969E+01
           Ven = -4.0688987157E+00
           Vrep =  3.6333153305E+00
           DelSqV = -2.5023311772E+00
           DelSqVen =  1.7787746542E+01
           DelSqVrep = -2.0290077720E+01
           DelSqG =  1.9005894284E+00
           DelSqK =  6.0174174878E-01
           Stress_EigVals = -2.7403468026E-01 -2.6820383878E-01  1.0665513384E-01
           Stress_EigVec1 = -4.9988973858E-01  8.6608900751E-01 -2.8342624507E-04
           Stress_EigVec2 =  1.0985969559E-01  6.3733478881E-02  9.9190165387E-01
           Stress_EigVec3 =  8.5909318269E-01  4.9581032133E-01 -1.2700798681E-01
           -DivStress =  1.5775236393E-02  9.1011800922E-03 -1.1594821814E-02
           ESP =   7.5029362895E-01
           ESPe = -1.2069843340E+01
           ESPn =  1.2820136969E+01
           BPL =  1.9689684363E+00 =  6.4851389820E-01 +  1.3204545381E+00                
           GBL_I =  1.9685897006E+00                                                      
           GBL_II =  2.0026594109E+00                                                     
           GBL_III =  1.9687280070E+00 =  6.4851114853E-01 +  1.3202168585E+00            
           GBL_IV =  2.0028103885E+00 =  6.8259384409E-01 +  1.3202165444E+00             

Number of NACPs  =      6
Number of NNACPs =      0
Number of BCPs   =      5
Number of RCPs   =      0
Number of CCPs   =      0
NumNACP + NumNNACP - NumBCP + NumRCP - NumCCP =      1
Poincare-Hopf Relationship is Satisfied

Bond Path Angles and Corresponding Geometric Bond Angles:
--------------------------------------------------------
  BPA     = A-B-C Bond Path Angle
  GBA_I   = A-B-C Geometric Bond Angle in Terms of Nuclear Attractors
  GBA_II  = A-B-C Geometric Bond Angle in Terms of Nuclei
  GBA_III = A-B-C Geometric Bond Angle in Terms of A|B and C|B BCPs and Nuclear Attractor B
  GBA_IV  = A-B-C Geometric Bond Angle in Terms of A|B and C|B BCPs and Nucleus B
-------------------------------------------------------------------------------------------------
Atom A    Atom B    Atom C        BPA          GBA_I         GBA_II       GBA_III       GBA_IV
-------------------------------------------------------------------------------------------------
H3        C1        H2        119.33875776  118.67354960  118.66180707  118.85463997  118.85468613
F6        C1        H2         85.30412413   83.33786772   83.30812142   83.81348289   83.81360870
F6        C1        H3         85.31470311   83.34003000   83.31028923   83.81633158   83.81645738
Cl5       C1        H2         94.69015360   96.66122903   96.69097533   96.18518148   96.18505569
Cl5       C1        H3         94.68992421   96.66071693   96.69045770   96.18474849   96.18462268
Cl5       C1        F6        179.99392517  179.99903453  179.99903453  179.99858208  179.99858208
H4        C1        H2        119.33884657  118.67356323  118.66181947  118.85466995  118.85471610
H4        C1        H3        119.33866453  118.67352924  118.66178955  118.85458728  118.85463343
H4        C1        F6         85.31145003   83.33941517   83.30967306   83.81550222   83.81562802
H4        C1        Cl5        94.68964498   96.66074115   96.69048326   96.18475334   96.18462753

Total time for electron density critical point search, analysis and connectivity = 261 sec (NProc = 8)             
 
Virial-Based Atomic Energy Components:
-------------------------------------
  Ee(A) = E(A) - W(A) = -T(A)
        = Contribution of Atom A to Electronic Energy of Molecule.
          Not additive to give molecular Ee unless molecular electronic virial theorem is satisfied.
  T(A) = Electronic Kinetic Energy of Atom A (Hamiltonian Form)
  Ven(A) = Ven(A,Mol) = VenT(A)
         = Attraction Energy Between Electron Density Distribution of Atom A and Nuclei of Molecule
  VenO(A) = Ven(A,A)
          = Attraction Energy Between Electron Density Distribution of Atom A and Nucleus of Atom A
  Vee(A) = Vee(A,A) + Vee(A,A')/2
         = Two-Electron Interaction Energy of Atom A with Itself Plus Half of Two-Electron Interaction Energy
           Between Atom A and Other Atoms of Molecule
  Vnn(A) - W(A) = Contribution of Atom A to the Nuclear Repulsion Energy of Molecule Minus
                  the Nuclear Virial of Energy-Gradient-Based Forces on Nuclei of Molecule.
                  Calculation of Vnn(A) - W(A) assumes satisfaction of the atomic virial theorem:
                       2T(A) + Ven(A) + Vee(A) + Vnn(A) - W(A) = 0
See "2EDM Note" and "DFT Note".
--------------------------------------------------------------------------------------------------------------------
Atom A         Ee(A)              T(A)             Ven(A)           VenO(A)            Vee(A)        Vnn(A) - W(A)
--------------------------------------------------------------------------------------------------------------------
C1       -3.7795916798E+01  3.7795916798E+01 -1.3448740501E+02 -8.8872708596E+01
H2       -6.1582175391E-01  6.1582175391E-01 -9.3126956558E+00 -1.2234256981E+00
H3       -6.1581639734E-01  6.1581639734E-01 -9.3126861949E+00 -1.2234252413E+00
H4       -6.1582571868E-01  6.1582571868E-01 -9.3127716289E+00 -1.2234336346E+00
Cl5      -4.5981723995E+02  4.5981723995E+02 -1.1564348524E+03 -1.0993321024E+03
F6       -9.9741014966E+01  9.9741014966E+01 -2.8573202080E+02 -2.4296918717E+02
--------------------------------------------------------------------------------------------------------------------
Total    -5.9920163558E+02  5.9920163558E+02 -1.6045924317E+03 -1.4348442827E+03
 
More Virial-Based Atomic Energy Components:
------------------------------------------
  E(A) = Ee(A) + W(A)
       = T(A) + Ven(A) + Vee(A) + Vnn(A) = Contribution of Atom A to Total Energy E of Molecule
         Not additive to give molecular E unless molecular virial theorem is satisfied.
  Ee(A) = E(A) - W(A) = Contribution of Atom A to Electronic Energy of Molecule
          Not additive to give molecular Ee unless molecular virial theorem is satisfied.
  W(A) = Contribution of Atom A to Nuclear Virial of Energy-Gradient-Based Forces on Nuclei of Molecule
  Vnn(A) = Contribution of Atom A to Nuclear Repulsion Energy of Molecule
           Calculation of Vnn(A) assumes satisfaction of the atomic virial theorem:
                2T(A) + Ven(A) + Vee(A) + Vnn(A) - W(A) = 0
  VeeC(A) = Coulomb Part of Vee(A)
  VeeX(A) = Exchange-Correlation Part of Vee(A)
See "2EDM Note" and "DFT Note".
--------------------------------------------------------------------------------------------------------------------
Atom A          E(A)             Ee(A)              W(A)             Vnn(A)           VeeC(A)           VeeX(A)
--------------------------------------------------------------------------------------------------------------------
C1                         -3.7795916798E+01
H2                         -6.1582175391E-01
H3                         -6.1581639734E-01
H4                         -6.1582571868E-01
Cl5                        -4.5981723995E+02
F6                         -9.9741014966E+01
--------------------------------------------------------------------------------------------------------------------
Total                      -5.9920163558E+02
 
IQA Atomic Energy Components:
----------------------------
  E_IQA(A) = Contribution of Atom A to Total Energy E of Molecule, Using IQA Additive Atomic Energy Definition
           = T(A) + Vne(A,Mol)/2 + Ven(A,Mol)/2 + Vee(A) + Vnn(A,Mol)/2
  T(A) = Electronic Kinetic Energy of Atom A (Hamiltonian Form)
  Vne(A,Mol)/2 = Half of Attraction Energy Between Nucleus of Atom A and Electron Density Distribution of Molecule
  Ven(A,Mol)/2 = Half of Attraction Energy Between Electron Density Distribution of Atom A and Nuclei of Molecule
  Vee(A) = Vee(A,A) + Vee(A,A')/2
         = Two-Electron Interaction Energy of Atom A with Itself Plus Half of Two-Electron Interaction Energy
           Between Atom A and Other Atoms of Molecule
  Vnn(A,Mol)/2 = Vnn(A,A')/2 = Half of Repulsion Energy Between Nucleus of Atom A and Other Nuclei of Molecule
  VeeC(A) = Coulomb Part of Vee(A)
  VeeX(A) = Exchange-Correlation Part of Vee(A)
See "2EDM Note" and "DFT Note".
--------------------------------------------------------------------------------------------------------------------------------------------------------
Atom A        E_IQA(A)            T(A)          Vne(A,Mol)/2      Ven(A,Mol)/2         Vee(A)         Vnn(A,Mol)/2        VeeC(A)           VeeX(A)
--------------------------------------------------------------------------------------------------------------------------------------------------------
C1                          3.7795916798E+01 -6.8577954260E+01 -6.7243702506E+01                    2.3967511677E+01
H2                          6.1582175391E-01 -5.2920357645E+00 -4.6563478279E+00                    4.6603566481E+00
H3                          6.1581639734E-01 -5.2920220168E+00 -4.6563430975E+00                    4.6603434342E+00
H4                          6.1582571868E-01 -5.2920312833E+00 -4.6563858145E+00                    4.6603524019E+00
Cl5                         4.5981723995E+02 -5.7707192462E+02 -5.7821742621E+02                    2.7651019321E+01
F6                          9.9741014966E+01 -1.4077116624E+02 -1.4286601040E+02                    1.9587363024E+01
--------------------------------------------------------------------------------------------------------------------------------------------------------
Total                       5.9920163558E+02 -8.0229713418E+02 -8.0229621586E+02                    8.5186946506E+01
 
More IQA Atomic Energy Components:
---------------------------------
  Vneen(A) = Vne(A,Mol)/2 + Ven(A,Mol)/2
  V_IQA(A) = Vne(A,Mol)/2 + Ven(A,Mol)/2 + Vee(A,A) + Vee(A,A')/2 + Vnn(A,A')/2
           = VC_IQA(A) + VX_IQA(A) = Potential Energy Contribution to E_IQA(A)
           = E_IQA(A) - T(A)
  VC_IQA(A) = Vne(A,Mol)/2 + Ven(A,Mol)/2 + VeeC(A,A) + VeeC(A,A')/2 + Vnn(A,A')/2
            = Coulomb Potential Energy Contribution to E_IQA(A)
            = E_IQA(A) - T(A) - VeeX(A)
  VX_IQA(A) = VeeX(A,A) + VeeX(A,A')/2
            = Exchange-Correlation Energy Contribution to E_IQA(A)
            = E_IQA(A) - T(A) - VC_IQA(A)
See "2EDM Note" and "DFT Note".
--------------------------------------------------------------------------------
Atom A        Vneen(A)          V_IQA(A)         VC_IQA(A)         VX_IQA(A)
--------------------------------------------------------------------------------
C1       -1.3582165677E+02
H2       -9.9483835924E+00
H3       -9.9483651143E+00
H4       -9.9484170978E+00
Cl5      -1.1552893508E+03
F6       -2.8363717664E+02
--------------------------------------------------------------------------------
Total    -1.6045933500E+03
 
IQA Intraatomic ("Self") Energy Components:
------------------------------------------
  E_IQA_Intra(A) = T(A) + Vne(A,A) + Vee(A,A)
                 = Intraatomic ("Self") Contribution to E_IQA(A)
  T(A) = Electronic Kinetic Energy of Atom A (Hamiltonian Form)
  Vne(A,A) = Attraction Energy Between Electron Density Distribution of Atom A and Nucleus of Atom A
  Vee(A,A) = Two-electron Interaction Energy of Atom A With Itself
  VeeC(A,A) = Coulomb Part of Vee(A,A)
