AIMSum (Version 17.11.14, Professional)
Copyright (c) 1997-2017 by Todd A. Keith
AIMSum is a component of the AIMAll package ( http://aim.tkgristmill.com )

TP:  64-bit Linux

Much of the Quantum Theory of Atoms in Molecules (QTAIM) is described in the book:
  "Atoms in Molecules - A Quantum Theory"
  R.F.W. Bader, Oxford University Press, Oxford, 1990

For additional references see:  http://aim.tkgristmill.com/references.html

Wfn File:  /home/bruns/metodo_ts/QCISD/clch3f_ts/RUN/GAUSSIAN.wfn
Sum File:  /home/bruns/metodo_ts/QCISD/clch3f_ts/RUN/GAUSSIAN.sum

SumViz File:  /home/bruns/metodo_ts/QCISD/clch3f_ts/RUN/GAUSSIAN.sumviz

Wfn Title:   clch3f_ts-wavefunction                                                        
 
Total memory allocated for AIMSum =        1.289 Megabytes

Atomic units (a.u.) used throughout, except where stated otherwise

Model:  Unknown
 
Restricted, natural orbital wavefunction.
  Number of electrons (from MO Occs)                   =          35.9999996000
  Number of Alpha electrons (from MO Occs)             =          17.9999998000
  Number of Beta electrons (from MO Occs)              =          17.9999998000
  Number of electron pairs (N*(N-1)/2)                 =         629.9999858000
  Number of electron pairs (from Muller 2EDM)          =         629.9999858000
  Number of electron pairs (from Muller 2EDM, no SOSI) =         630.4348605089
 
Nuclear Charges and Cartesian Coordinates:
-------------------------------------------------------------------------------
Atom      Charge                X                  Y                  Z
-------------------------------------------------------------------------------
C1         6.0           3.3070000000E-04   5.4800000000E-05  -9.4053370000E-01
H2         1.0           3.5900000000E-05  -1.9890690400E+00  -1.1730021400E+00
H3         1.0          -1.7221301000E+00   9.9468570000E-01  -1.1739829100E+00
H4         1.0           1.7229578000E+00   1.0131426500E+00  -1.1745970700E+00
Cl5       17.0           1.0488000000E-03   1.8179200000E-03   3.1080665900E+00
F6         9.0          -3.5149000000E-04  -1.7404400000E-03  -4.9009442500E+00
 
Some Atomic Properties:
----------------------
  q(A) = Net Charge of Atom A
  L(A) = Lagrangian of Atom A = -(1/4) Times Atomic Integral of the Laplacian of the Electron Density
  K(A) = Electronic Kinetic Energy of Atom A (Hamiltonian Form)
  K_Scaled(A) = K(A) * E(Mol)/K(Mol) = Approximation to Virial-Based Total Energy of Atom A.
  |Mu_Intra(A)| = Magnitude of Intraatomic Dipole Moment of Atom A
--------------------------------------------------------------------------------------------------
Atom A          q(A)              L(A)              K(A)          K_Scaled(A)      |Mu_Intra(A)|
--------------------------------------------------------------------------------------------------
C1        2.2280860600E-01  1.9272273970E-04  3.7792268796E+01 -3.7800542280E+01  2.4498698787E-02
H2        9.2635023270E-02  3.0455256156E-05  6.1466655362E-01 -6.1480111643E-01  1.4477183226E-01
H3        9.1118396140E-02  2.0940412879E-05  6.1553449011E-01 -6.1566924292E-01  1.4507060959E-01
H4        9.4227869560E-02  3.0122469499E-05  6.1103933983E-01 -6.1117310857E-01  1.4469542446E-01
Cl5      -6.4153176400E-01  8.4068861845E-06  4.5981450336E+02 -4.5991516595E+02  1.6821778054E-01
F6       -8.5896090960E-01  1.1698684093E-05  9.9740069332E+01 -9.9761904428E+01  1.0498335111E-01
--------------------------------------------------------------------------------------------------
Total    -9.9970277863E-01  2.9434644851E-04  5.9918808187E+02 -5.9931925613E+02
 
1st Largest |L(A)| = 1.9272273970E-04, atom C1      
2nd Largest |L(A)| = 3.0455256156E-05, atom H2      
 
Molecular charge q(Mol) from the wfn file:  -9.9999960000E-01
Molecular energy E(Mol) from the wfn file:  -5.9931922242E+02
Molecular virial ratio (-V(Mol)/T(Mol)) from the wfn file:   2.0002189200E+00
Note.  K_Scaled(A) = (1+V(Mol)/T(Mol))*K(A) = (E(Mol)/T(Mol))*K(A)
       Only use K_Scaled(A) data with caution.
 
N_AIMInt(SumA)     =         35.999703
N_Analytic(Mol)    =         36.000000
 
G_AIMInt(SumA)     =        599.187788
G_Analytic(Mol)    =        599.188042
 
K_AIMInt(SumA)     =        599.188082
K_Analytic(Mol)    =        599.188042
 
L_AIMInt(SumA)     =          0.000294
L_Analytic(Mol)    =          0.000000
 
VenT_AIMInt(SumA)  =      -1604.132107
VenT_Analytic(Mol) =      -1604.134881
 
Some Information About the Atomic Calculations:
----------------------------------------------
  Time(sec) = "Elapsed User Time", in Seconds, for Atom A by AIMInt and, if used, by TWOe
  NProc = Number of Processors Used for AIMInt Job
  BIM = Basin Integration Method
  OAQ = Angular Quadrature Outside of Beta Sphere
  ORQ = Multiple of Default for Radial Quadrature Outside of Beta Sphere
  IAQ = Multiple of Default for Angular Quadrature Inside of Beta Sphere
  IRQ = Multiple of Default for Radial Quadrature Inside of Beta Sphere
  MIR = Maximum Integration Radius
------------------------------------------------------------------------------------------------------
Atom A     Time(sec)   NProc      BIM          OAQ                     ORQ      IAQ      IRQ      MIR
------------------------------------------------------------------------------------------------------
C1             85        8     Proaim(5)    4500(GS4)                  1.00     1.00     1.00    13.00
H2             16        8     Proaim(5)    1800(GS4)                  1.00     1.00     1.00    13.00
H3             17        8     Proaim(5)    1800(GS4)                  1.00     1.00     1.00    13.00
H4             16        8     Proaim(5)    1800(GS4)                  1.00     1.00     1.00    13.00
Cl5            31        8     Proaim(5)    3150(GS4)                  1.00     1.00     1.00    13.00
F6             29        8     Proaim(5)    2700(GS4)                  1.00     1.00     1.00    13.00
------------------------------------------------------------------------------------------------------
Total         194
Note:  Total wall clock time is less than total of atomic times if more than one atom
       was calculated at a time
 
Electron Density Critical Point Analysis of Molecular Structure:               
---------------------------------------------------------------                
  NACP = Nuclear Attractor Critical Point                                      
  NNACP = Non-Nuclear Attractor Critical Point                                 
  BCP = Bond Critical Point                                                    
  RCP = Ring Critical Point                                                    
  CCP = Cage Critical Point                                                    
  Rho = Electron Density                                                       
  GradRho = Gradient of Electron Density                                       
  HessRho_EigVals = Eigenvalues of the Hessian of Rho, Ascending Order         
  HessRho_EigVecs = Eigenvectors of the Hessian of Rho                         
  DelSqRho = Laplacian of Rho = Trace of Hessian of Rho                        
  Bond Ellipticity = (HessRho_EigVal(1) / HessRho_EigVal(2)) - 1               
  V = Virial Field = Potential Energy Density = Trace of Stress Tensor         
  G = Lagrangian Form of Kinetic Energy Density                                
  K = Hamiltonian Form of Kinetic Energy Density                               
  L = K - G = Lagrangian Density = (-1/4)DelSqRho                              
  Vnuc = Electrostatic Potential from Nuclei                                   
  Ven = Electron-nuclear attractive contribution to Virial Field V             
  Vrep = V - Ven = Repulsive contribution to Virial Field V                    
  DelSqV = Laplacian of V                                                      
  DelSqVen = Laplacian of Ven                                                  
  DelSqVrep = Laplacian of Vrep                                                
  DelSqG = Laplacian of G                                                      
  DelSqK = Laplacian of K                                                      
  Stress_EigVals = Eigenvalues of Stress Tensor, Ascending Order               
  Stress_EigVecs = Eigenvectors of Stress Tensor                               
  -DivStress = Ehrenfest Force Density = Minus Divergence of Stress Tensor     
  ESP = Total Electrostatic Potential                                          
  ESPe = Electrostatic Potential from Electrons                                
  ESPn = Electrostatic Potential from Nuclei                                   
  BP = Bond Path                                                               
  BPL = Bond Path Length                                                       
  GBL = Geometric Bond Length                                                  
  GBL_I = Distance Between Nuclear Attractors                                  
  GBL_II = Distance Between Nuclei                                             
  GBL_III = Sum of Distances Between BCP and Nuclear Attractors                
  GBL_IV = Sum of Distances Between BCP and Nuclei                             

CP# 1      Coords =  3.30758805170133E-04  5.48440719470482E-05 -9.40530842849384E-01
           Type = (3,-3) NACP C1
           Rho =  1.2140714550E+02     Rho at Nucleus =  1.2140714449E+02
           GradRho = -3.1661719939E-15  2.7403656551E-16 -1.0073827327E-11
           HessRho_EigVals = -2.4892990122E+05 -2.4892282923E+05 -2.4892279133E+05
           HessRho_EigVec1 = -5.9074306624E-04  6.3905869368E-05  9.9999982347E-01
           HessRho_EigVec2 =  7.7889382154E-01  6.2715567312E-01  4.2004727004E-04
           HessRho_EigVec3 = -6.2715553557E-01  7.7889393218E-01 -4.2026375216E-04
           DelSqRho = -7.4677552179E+05
           Bond Ellipticity = NA
           V = -1.8670738383E+05
           G =  6.7516915423E+00
           K =  1.8670063214E+05
           L =  1.8669388045E+05
           Vnuc =  2.0993079902E+06
           Ven = -2.5487099063E+08
           Vrep =  2.5468428324E+08
           DelSqV =  1.1231432342E+10
           DelSqVen =  1.5677118628E+12
           DelSqVrep = -1.5564804304E+12
           DelSqG =  3.8281343375E+08
           DelSqK = -1.1614245776E+10
           Stress_EigVals = -6.2236518905E+04 -6.2236507019E+04 -6.2234357906E+04
           Stress_EigVec1 = -4.4629704631E-01  8.9488479522E-01 -3.8696889539E-04
           Stress_EigVec2 =  8.9488470879E-01  4.4629718637E-01  4.2357880291E-04
           Stress_EigVec3 = -5.5175735952E-04  1.5725057865E-04  9.9999983542E-01
           -DivStress = -2.1633996772E+02 -1.6208719591E+02 -1.0502395875E+04
           ESP =  -1.4868608936E+01     ESP at Nucleus =  -1.4868608959E+01
           ESPe = -2.2835744771E+01     ESPe at Nucleus = -2.2835743719E+01
           ESPn =  7.9671358353E+00     ESPn at Nucleus =  7.9671347594E+00

CP# 2      Coords =  6.77855300164029E-05 -1.95530096467041E+00 -1.16801690711351E+00
           Type = (3,-3) NACP H2
           Rho =  4.4796961693E-01     Rho at Nucleus =  4.4308602775E-01
           GradRho = -3.3079405690E-18  8.5560915055E-16 -1.7373608764E-16
           HessRho_EigVals = -8.9749402895E+00 -8.9616070770E+00 -8.0175291946E+00
           HessRho_EigVec1 = -5.3122875884E-04 -1.3677545586E-01  9.9060193442E-01
           HessRho_EigVec2 =  9.9999950542E-01 -9.0556281998E-04  4.1123453775E-04
           HessRho_EigVec3 =  8.4080548985E-04  9.9060166295E-01  1.3677586927E-01
           DelSqRho = -2.5954076561E+01
           Bond Ellipticity = NA
           V = -6.5163290813E+00
           G =  1.3904970504E-02
           K =  6.5024241108E+00
           L =  6.4885191403E+00
           Vnuc =  3.8679362241E+01
           Ven = -1.7327179086E+01
           Vrep =  1.0810850005E+01
           DelSqV =  1.6586825411E+03
           DelSqVen =  1.0038871289E+03
           DelSqVrep =  6.5479541218E+02
           DelSqG =  1.2670261723E+02
           DelSqK = -1.7853851584E+03
           Stress_EigVals = -2.2523489944E+00 -2.2500416022E+00 -2.0139384847E+00
           Stress_EigVec1 =  8.4662495610E-04 -1.3613565014E-01  9.9068984450E-01
           Stress_EigVec2 =  9.9999921470E-01 -8.0016673011E-04 -9.6453548462E-04
           Stress_EigVec3 =  9.2402471870E-04  9.9068988311E-01  1.3613486579E-01
           -DivStress = -1.7358372236E-02 -1.8245476953E+01 -2.6937447361E+00
           ESP =  -1.2602476798E+00     ESP at Nucleus =  -1.2621297597E+00
           ESPe = -1.0643389073E+01     ESPe at Nucleus = -1.0568359554E+01
           ESPn =  9.3831413930E+00     ESPn at Nucleus =  9.3062297943E+00

CP# 3      Coords = -1.69293322783838E+00  9.77800570006640E-01 -1.16897790181066E+00
           Type = (3,-3) NACP H3
           Rho =  4.4826962030E-01     Rho at Nucleus =  4.4339263539E-01
           GradRho =  4.4658549289E-13 -2.5727681242E-13  7.5943661656E-14
           HessRho_EigVals = -8.9815421732E+00 -8.9682456458E+00 -8.0248497713E+00
           HessRho_EigVec1 = -1.1848591325E-01  6.9641325431E-02  9.9051056236E-01
           HessRho_EigVec2 =  5.0063170731E-01  8.6565982856E-01 -9.7716554055E-04
           HessRho_EigVec3 =  8.5751325470E-01 -4.9576521360E-01  1.3743315100E-01
           DelSqRho = -2.5974637590E+01
           Bond Ellipticity = NA
           V = -6.5215255536E+00
           G =  1.3933078019E-02
           K =  6.5075924756E+00
           L =  6.4936593976E+00
           Vnuc =  3.8712380891E+01
           Ven = -1.7353584283E+01
           Vrep =  1.0832058729E+01
           DelSqV =  1.6601425934E+03
           DelSqVen =  1.0055400639E+03
           DelSqVrep =  6.5460252946E+02
           DelSqG =  1.2681838598E+02
           DelSqK = -1.7869609794E+03
           Stress_EigVals = -2.2540049002E+00 -2.2517151463E+00 -2.0158055071E+00
           Stress_EigVec1 = -1.1870621691E-01  6.8064394535E-02  9.9059379781E-01
           Stress_EigVec2 =  5.0053460313E-01  8.6571638790E-01  4.9678020406E-04
           Stress_EigVec3 =  8.5753947148E-01 -4.9588544435E-01  1.3683450203E-01
           -DivStress = -1.5787891683E+01  9.1306509258E+00 -2.7066135816E+00
           ESP =  -1.2608578922E+00     ESP at Nucleus =  -1.2627454517E+00
           ESPe = -1.0645267206E+01     ESPe at Nucleus = -1.0570314884E+01
           ESPn =  9.3844093133E+00     ESPn at Nucleus =  9.3075694320E+00

CP# 4      Coords =  1.69409939759917E+00  9.96114293049714E-01 -1.16963385587380E+00
           Type = (3,-3) NACP H4
           Rho =  4.4487540508E-01     Rho at Nucleus =  4.4009368893E-01
           GradRho = -3.3501390950E-13 -1.9769133128E-13  5.7009937141E-14
           HessRho_EigVals = -8.9161725170E+00 -8.9030143338E+00 -7.9773362623E+00
           HessRho_EigVec1 =  1.1742880733E-01  7.0875589240E-02  9.9054890140E-01
           HessRho_EigVec2 = -5.0815843564E-01  8.6126249847E-01 -1.3831200405E-03
           HessRho_EigVec3 =  8.5322065112E-01  5.0319336202E-01 -1.3715305655E-01
           DelSqRho = -2.5796523113E+01
           Bond Ellipticity = NA
           V = -6.4764607445E+00
           G =  1.3664983096E-02
           K =  6.4627957614E+00
           L =  6.4491307783E+00
           Vnuc =  3.8884397526E+01
           Ven = -1.7298712101E+01
           Vrep =  1.0822251356E+01
           DelSqV =  1.6496289055E+03
           DelSqVen =  1.0030822595E+03
           DelSqVrep =  6.4654664594E+02
           DelSqG =  1.2602432769E+02
           DelSqK = -1.7756532332E+03
           Stress_EigVals = -2.2375017299E+00 -2.2351765850E+00 -2.0037824296E+00
           Stress_EigVec1 =  1.1830434741E-01  6.8163725134E-02  9.9063504277E-01
           Stress_EigVec2 = -5.0798056465E-01  8.6136740064E-01  1.3953660058E-03
           Stress_EigVec3 =  8.5320561843E-01  5.0338842625E-01 -1.3652935580E-01
           -DivStress =  1.5499329483E+01  9.1459705914E+00 -2.6658116990E+00
           ESP =  -1.2601222513E+00     ESP at Nucleus =  -1.2618361716E+00
           ESPe = -1.0622812136E+01     ESPe at Nucleus = -1.0548661467E+01
           ESPn =  9.3626898849E+00     ESPn at Nucleus =  9.2868252954E+00

CP# 5      Coords =  1.04879991426235E-03  1.81791995979671E-03  3.10806651439111E+00
           Type = (3,-3) NACP Cl5
           Rho =  3.1725879927E+03     Rho at Nucleus =  3.1725879923E+03
           GradRho = -4.5866928515E-12  1.4670983552E-11 -2.4622896930E-08
           HessRho_EigVals = -1.3891681858E+08 -1.3891659504E+08 -1.3891659495E+08
           HessRho_EigVec1 =  5.2973766543E-04  4.6668380097E-04  9.9999975079E-01
           HessRho_EigVec2 = -2.7081261132E-02  9.9963313312E-01 -4.5216673877E-04
           HessRho_EigVec3 =  9.9963309503E-01  2.7081014854E-02 -5.4218170810E-04
           DelSqRho = -4.1675000856E+08
           Bond Ellipticity = NA
           V = -1.0421594819E+08
           G =  1.4223022443E+04
           K =  1.0420172516E+08
           L =  1.0418750214E+08
           Vnuc =  2.2484111793E+08
           Ven = -7.1332823101E+11
           Vrep =  7.1322401506E+11
           DelSqV =  3.3656983954E+14
           DelSqVen =  9.3702579942E+16
           DelSqVrep = -9.3366010103E+16
           DelSqG =  4.5632229553E+12
           DelSqK = -3.4113306249E+14
           Stress_EigVals = -3.4738668130E+07 -3.4738668106E+07 -3.4738611950E+07
           Stress_EigVec1 =  9.9963791224E-01  2.6902535902E-02 -5.4586386424E-04
           Stress_EigVec2 = -2.6902784109E-02  9.9963795215E-01 -4.5257383781E-04
           Stress_EigVec3 =  5.3349085149E-04  4.6709522406E-04  9.9999974860E-01
           -DivStress =  9.5523402613E+03  4.4744930511E+03  8.4232841562E+06
           ESP =  -6.4638410174E+01     ESP at Nucleus =  -6.4638410175E+01
           ESPe = -6.7879370098E+01     ESPe at Nucleus = -6.7879370051E+01
           ESPn =  3.2409599237E+00     ESPn at Nucleus =  3.2409598762E+00

CP# 6      Coords = -3.51491068784686E-04 -1.74043936485618E-03 -4.90094353833460E+00
           Type = (3,-3) NACP F6
           Rho =  4.3109913654E+02     Rho at Nucleus =  4.3109913602E+02
           GradRho = -1.2736176795E-11  7.7830394542E-12  8.3915436282E-09
           HessRho_EigVals = -2.0428427332E+06 -2.0428300980E+06 -2.0428300832E+06
           HessRho_EigVec1 = -3.5458624498E-04  5.5762993567E-04  9.9999978166E-01
           HessRho_EigVec2 =  6.2025921936E-02  9.9807439565E-01 -5.3456273900E-04
           HessRho_EigVec3 =  9.9807447582E-01 -6.2025718844E-02  3.8849096303E-04
           DelSqRho = -6.1285029143E+06
           Bond Ellipticity = NA
           V = -1.5324346439E+06
           G =  1.5445768370E+02
           K =  1.5322801863E+06
           L =  1.5321257286E+06
           Vnuc =  1.2646377496E+07
           Ven = -5.4518424188E+09
           Vrep =  5.4503099842E+09
           DelSqV =  2.1792693047E+11
           DelSqVen =  7.7503360139E+13
           DelSqVrep = -7.7285433209E+13
           DelSqG =  7.2617759589E+09
           DelSqK = -2.2518870643E+11
           Stress_EigVals = -5.1081258943E+05 -5.1081258583E+05 -5.1080946869E+05
           Stress_EigVec1 =  9.9802690012E-01 -6.2786607600E-02  3.8542503134E-04
           Stress_EigVec2 =  6.2786807813E-02  9.9802682047E-01 -5.3140996549E-04
           Stress_EigVec3 = -3.5129908957E-04  5.5456104792E-04  9.9999978453E-01
           -DivStress =  7.6307984951E+01 -4.5414842812E+01 -5.0731438787E+04
           ESP =  -2.6928501269E+01     ESP at Nucleus =  -2.6928501272E+01
           ESPe = -3.1275977441E+01     ESPe at Nucleus = -3.1275976877E+01
           ESPn =  4.3474761717E+00     ESPn at Nucleus =  4.3474756054E+00

CP# 7      Coords =  5.54380978020134E-04 -1.31339186293302E+00 -1.08212169057398E+00
           Type = (3,-1) BCP C1 H2
           Rho =  3.1739906648E-01
           GradRho = -3.4276966284E-17 -4.4273680341E-14  3.1213568785E-14
           HessRho_EigVals = -9.7046274247E-01 -9.2943079976E-01  5.1151386822E-01
           HessRho_EigVec1 = -1.2073080296E-03 -1.2923845533E-01  9.9161280955E-01
           HessRho_EigVec2 =  9.9999901655E-01 -8.6370703960E-04  1.1049501056E-03
           HessRho_EigVec3 =  7.1366091930E-04  9.9161316836E-01  1.2923937099E-01
           DelSqRho = -1.3883796740E+00
           Bond Ellipticity =  4.4147388621E-02
           V = -4.3543677869E-01
           G =  4.4170930095E-02
           K =  3.9126584860E-01
           L =  3.4709491850E-01
           Vnuc =  1.2800755962E+01
           Ven = -4.0629479926E+00
           Vrep =  3.6275112139E+00
           DelSqV = -2.5174787562E+00
           DelSqVen =  1.7772309390E+01
           DelSqVrep = -2.0289788146E+01
           DelSqG =  1.9005268025E+00
           DelSqK =  6.1695195369E-01
           Stress_EigVals = -2.7412872395E-01 -2.6825302538E-01  1.0694497064E-01
           Stress_EigVec1 =  9.9999777521E-01 -1.0911598698E-03  1.8052525501E-03
           Stress_EigVec2 = -1.9288564464E-03 -1.2658545994E-01  9.9195383000E-01
           Stress_EigVec3 =  8.5386148760E-04  9.9195510518E-01  1.2658728300E-01
           -DivStress = -5.2155327330E-04 -2.1732130877E-02 -1.2291175316E-02
           ESP =   7.5163079052E-01
           ESPe = -1.2049125171E+01
           ESPn =  1.2800755962E+01
           BPL =  1.9689396034E+00 =  1.3213062196E+00 +  6.4763338378E-01                
           GBL_I =  1.9685442127E+00                                                      
           GBL_II =  2.0026620567E+00                                                     
           GBL_III =  1.9686871949E+00 =  1.3210564978E+00 +  6.4763069715E-01            
           GBL_IV =  2.0028179628E+00 =  1.3210561477E+00 +  6.8176181509E-01             

CP# 8      Coords = -1.13679759490516E+00  6.56359887587191E-01 -1.08262714598750E+00
           Type = (3,-1) BCP C1 H3
           Rho =  3.1744279948E-01
           GradRho = -4.4710837648E-16  3.0309271617E-16  5.4628586943E-17
           HessRho_EigVals = -9.7037466084E-01 -9.2909606911E-01  5.1122812040E-01
           HessRho_EigVec1 = -1.1185691185E-01  6.5841104488E-02  9.9154071032E-01
           HessRho_EigVec2 =  5.0044756680E-01  8.6576623018E-01 -1.0332258156E-03
           HessRho_EigVec3 =  8.5851049158E-01 -4.9609856242E-01  1.2979195743E-01
           DelSqRho = -1.3882426095E+00
           Bond Ellipticity =  4.4428765877E-02
           V = -4.3563892656E-01
           G =  4.4289137084E-02
           K =  3.9134978947E-01
           L =  3.4706065239E-01
           Vnuc =  1.2803183342E+01
           Ven = -4.0642783621E+00
           Vrep =  3.6286394356E+00
           DelSqV = -2.5094463685E+00
           DelSqVen =  1.7773924653E+01
           DelSqVrep = -2.0283371021E+01
           DelSqG =  1.9013364638E+00
           DelSqK =  6.0810990473E-01
           Stress_EigVals = -2.7418544300E-01 -2.6826405649E-01  1.0681057293E-01
           Stress_EigVec1 =  5.0051771142E-01  8.6572618623E-01 -4.3707991735E-04
           Stress_EigVec2 = -1.0992292678E-01  6.4052469333E-02  9.9187410055E-01
           Stress_EigVec3 =  8.5871937833E-01 -4.9640250972E-01  1.2722255154E-01
           -DivStress = -1.6831760900E-02  1.0061068521E-02 -1.2146856849E-02
           ESP =   7.5115076311E-01
           ESPe = -1.2052032578E+01
           ESPn =  1.2803183342E+01
           BPL =  1.9689805672E+00 =  1.3208517416E+00 +  6.4812882560E-01                
           GBL_I =  1.9685826607E+00                                                      
           GBL_II =  2.0026633188E+00                                                     
           GBL_III =  1.9687276649E+00 =  1.3206015911E+00 +  6.4812607383E-01            
           GBL_IV =  2.0028214338E+00 =  1.3206012549E+00 +  6.8222017889E-01             

CP# 9      Coords = -5.24225315407503E-04 -1.15402931675924E-03 -2.75721708261802E+00
           Type = (3,-1) BCP C1 F6
           Rho =  4.6127904356E-02
           GradRho =  4.8131705129E-19 -1.7035243960E-18  3.9723259289E-17
           HessRho_EigVals = -3.8429985232E-02 -3.8302488825E-02  2.3473436368E-01
           HessRho_EigVec1 =  9.9713499712E-01  7.5642257610E-02  2.1536139222E-04
           HessRho_EigVec2 = -7.5642230348E-02  9.9713501370E-01 -1.3204885751E-04
           HessRho_EigVec3 = -2.2473285847E-04  1.1538012111E-04  9.9999996809E-01
           DelSqRho =  1.5800188962E-01
           Bond Ellipticity =  3.3286716071E-03
           V = -4.4871886609E-02
           G =  4.2186179507E-02
           K =  2.6857071021E-03
           L = -3.9500472405E-02
           Vnuc =  1.1578315436E+01
           Ven = -5.3408342704E-01
           Vrep =  4.8921154043E-01
           DelSqV = -3.9580617288E-01
           DelSqVen = -1.8293957175E+00
           DelSqVrep =  1.4335895446E+00
           DelSqG =  2.8733410923E-01
           DelSqK =  1.0847206365E-01
           Stress_EigVals = -2.4693084653E-02 -2.4671859582E-02  4.4930576263E-03
           Stress_EigVec1 =  9.3799725602E-01 -3.4664267925E-01 -2.4920918740E-05
           Stress_EigVec2 =  3.4664262853E-01  9.3799715316E-01 -4.7828518067E-04
           Stress_EigVec3 =  1.8916980730E-04  4.3999153429E-04  9.9999988531E-01
           -DivStress =  2.7563129111E-06  1.8594746234E-05  2.0431775610E-02
           ESP =  -1.7895113324E-02
           ESPe = -1.1596210549E+01
           ESPn =  1.1578315436E+01
           BPL =  3.9604254887E+00 =  1.8166989419E+00 +  2.1437265468E+00                
           GBL_I =  3.9604131612E+00                                                      
           GBL_II =  3.9604110156E+00                                                     
           GBL_III =  3.9604133860E+00 =  1.8166868432E+00 +  2.1437265429E+00            
           GBL_IV =  3.9604112405E+00 =  1.8166839860E+00 +  2.1437272545E+00             

CP# 10     Coords =  6.91264669144195E-04  5.73395781343032E-04  7.24729806674105E-01
           Type = (3,-1) BCP Cl5 C1
           Rho =  8.0674373833E-02
           GradRho =  4.9963985998E-18 -2.5775102244E-19 -7.2861629347E-17
           HessRho_EigVals = -8.4543062468E-02 -8.4505889196E-02  2.0963641430E-01
           HessRho_EigVec1 =  9.2213689949E-01  3.8686357329E-01 -3.3801416615E-04
           HessRho_EigVec2 = -3.8686370795E-01  9.2213674309E-01 -5.4636306667E-04
           HessRho_EigVec3 =  1.0032731401E-04  6.3458695795E-04  9.9999979362E-01
           DelSqRho =  4.0587462640E-02
           Bond Ellipticity =  4.3988972858E-04
           V = -6.9097709996E-02
           G =  3.9622287828E-02
           K =  2.9475422168E-02
           L = -1.0146865660E-02
           Vnuc =  1.3425816170E+01
           Ven = -1.0831193127E+00
           Vrep =  1.0140216027E+00
           DelSqV = -4.3995899695E-01
           DelSqVen = -5.4491981220E-01
           DelSqVrep =  1.0496081524E-01
           DelSqG =  2.9756365456E-01
           DelSqK =  1.4239534239E-01
           Stress_EigVals = -4.1848119734E-02 -4.1826342123E-02  1.4576751861E-02
           Stress_EigVec1 =  9.2015369511E-01 -3.9155737426E-01  5.7510411823E-06
           Stress_EigVec2 =  3.9155733777E-01  9.2015360283E-01 -4.4546829857E-04
           Stress_EigVec3 =  1.6913455604E-04  4.1215116336E-04  9.9999990076E-01
           -DivStress = -1.7647798695E-05 -1.2707543474E-05 -4.1234764746E-02
           ESP =   1.7973689743E-01
           ESPe = -1.3246079272E+01
           ESPn =  1.3425816170E+01
           BPL =  4.0485988741E+00 =  2.3833370623E+00 +  1.6652618119E+00                
           GBL_I =  4.0485978048E+00                                                      
           GBL_II =  4.0486007376E+00                                                     
           GBL_III =  4.0485978287E+00 =  2.3833370595E+00 +  1.6652607693E+00            
           GBL_IV =  4.0486007615E+00 =  2.3833371351E+00 +  1.6652636265E+00             

CP# 11     Coords =  1.13922596202108E+00  6.69031809387999E-01 -1.08325862993744E+00
           Type = (3,-1) BCP H4 C1
           Rho =  3.1390159585E-01
           GradRho =  2.1283933759E-14  1.2509414343E-14  1.3790539679E-14
           HessRho_EigVals = -9.5560926244E-01 -9.1546017589E-01  5.1237878832E-01
           HessRho_EigVec1 =  1.1039818754E-01  6.7582689418E-02  9.9158702103E-01
           HessRho_EigVec2 = -5.0793074246E-01  8.6139520539E-01 -2.1589343353E-03
           HessRho_EigVec3 =  8.5429421223E-01  5.0341918937E-01 -1.2942379505E-01
           DelSqRho = -1.3586906500E+00
           Bond Ellipticity =  4.3856726491E-02
           V = -4.2645114370E-01
           G =  4.3389240600E-02
           K =  3.8306190310E-01
           L =  3.3967266250E-01
           Vnuc =  1.2767983644E+01
           Ven = -4.0078904417E+00
           Vrep =  3.5814392980E+00
           DelSqV = -2.5039431616E+00
           DelSqVen =  1.7347739997E+01
           DelSqVrep = -1.9851683159E+01
           DelSqG =  1.8629276145E+00
           DelSqK =  6.4101554709E-01
           Stress_EigVals = -2.6968191171E-01 -2.6401648848E-01  1.0724725648E-01
           Stress_EigVec1 = -5.0820269867E-01  8.6123448349E-01 -2.2762918984E-03
           Stress_EigVec2 =  1.0809510001E-01  6.6407142752E-02  9.9192012821E-01
           Stress_EigVec3 =  8.5442698133E-01  5.0385043002E-01 -1.2684351678E-01
           -DivStress =  1.8171089514E-02  1.1611906949E-02 -1.2085153058E-02
           ESP =   7.4052535062E-01
           ESPe = -1.2027458294E+01
           ESPn =  1.2767983644E+01
           BPL =  1.9786498188E+00 =  6.4987060020E-01 +  1.3287792186E+00                
           GBL_I =  1.9782504438E+00                                                      
           GBL_II =  2.0121075465E+00                                                     
           GBL_III =  1.9783946876E+00 =  6.4986780216E-01 +  1.3285268854E+00            
           GBL_IV =  2.0122647880E+00 =  6.8373813696E-01 +  1.3285266511E+00             

Number of NACPs  =      6
Number of NNACPs =      0
Number of BCPs   =      5
Number of RCPs   =      0
Number of CCPs   =      0
NumNACP + NumNNACP - NumBCP + NumRCP - NumCCP =      1
Poincare-Hopf Relationship is Satisfied

Bond Path Angles and Corresponding Geometric Bond Angles:
--------------------------------------------------------
  BPA     = A-B-C Bond Path Angle
  GBA_I   = A-B-C Geometric Bond Angle in Terms of Nuclear Attractors
  GBA_II  = A-B-C Geometric Bond Angle in Terms of Nuclei
  GBA_III = A-B-C Geometric Bond Angle in Terms of A|B and C|B BCPs and Nuclear Attractor B
  GBA_IV  = A-B-C Geometric Bond Angle in Terms of A|B and C|B BCPs and Nucleus B
-------------------------------------------------------------------------------------------------
Atom A    Atom B    Atom C        BPA          GBA_I         GBA_II       GBA_III       GBA_IV
-------------------------------------------------------------------------------------------------
H3        C1        H2        119.40690197  118.67378749  118.66180707  118.86351182  118.86356221
F6        C1        H2         85.15120620   83.33806806   83.30812142   83.80909827   83.80922260
F6        C1        H3         85.21055258   83.34045369   83.31028923   83.81874031   83.81886433
Cl5       C1        H2         94.56905077   96.66091044   96.69085831   96.17062011   96.17049859
Cl5       C1        H3         94.70690247   96.66030963   96.69047495   96.17878963   96.17866752
Cl5       C1        F6        179.61983785  179.99893769  179.99893840  179.97503007  179.97503458
H4        C1        H2        119.64350889  119.13461418  119.12489278  119.27405506  119.27409819
H4        C1        H3        119.00300907  118.22485726  118.21111679  118.44733963  118.44738105
H4        C1        F6         85.70237510   83.37127415   83.34147656   83.87519395   83.87531456
H4        C1        Cl5        94.66098568   96.62899241   96.65878796   96.14763556   96.14751023

Total time for electron density critical point search, analysis and connectivity = 219 sec (NProc = 8)             
 
Virial-Based Atomic Energy Components:
-------------------------------------
  Ee(A) = E(A) - W(A) = -T(A)
        = Contribution of Atom A to Electronic Energy of Molecule.
          Not additive to give molecular Ee unless molecular electronic virial theorem is satisfied.
  T(A) = Electronic Kinetic Energy of Atom A (Hamiltonian Form)
  Ven(A) = Ven(A,Mol) = VenT(A)
         = Attraction Energy Between Electron Density Distribution of Atom A and Nuclei of Molecule
  VenO(A) = Ven(A,A)
          = Attraction Energy Between Electron Density Distribution of Atom A and Nucleus of Atom A
  Vee(A) = Vee(A,A) + Vee(A,A')/2
         = Two-Electron Interaction Energy of Atom A with Itself Plus Half of Two-Electron Interaction Energy
           Between Atom A and Other Atoms of Molecule
  Vnn(A) - W(A) = Contribution of Atom A to the Nuclear Repulsion Energy of Molecule Minus
                  the Nuclear Virial of Energy-Gradient-Based Forces on Nuclei of Molecule.
                  Calculation of Vnn(A) - W(A) assumes satisfaction of the atomic virial theorem:
                       2T(A) + Ven(A) + Vee(A) + Vnn(A) - W(A) = 0
See "2EDM Note" and "DFT Note".
--------------------------------------------------------------------------------------------------------------------
Atom A         Ee(A)              T(A)             Ven(A)           VenO(A)            Vee(A)        Vnn(A) - W(A)
--------------------------------------------------------------------------------------------------------------------
C1       -3.7792268796E+01  3.7792268796E+01 -1.3439833959E+02 -8.8873544588E+01
H2       -6.1466655362E-01  6.1466655362E-01 -9.2806626203E+00 -1.2214253318E+00
H3       -6.1553449011E-01  6.1553449011E-01 -9.2968712615E+00 -1.2229578336E+00
H4       -6.1103933983E-01  6.1103933983E-01 -9.2458996843E+00 -1.2165710393E+00
Cl5      -4.5981450336E+02  4.5981450336E+02 -1.1562458694E+03 -1.0993387397E+03
F6       -9.9740069332E+01  9.9740069332E+01 -2.8566446415E+02 -2.4295977692E+02
--------------------------------------------------------------------------------------------------------------------
Total    -5.9918808187E+02  5.9918808187E+02 -1.6041321067E+03 -1.4348330154E+03
 
More Virial-Based Atomic Energy Components:
------------------------------------------
  E(A) = Ee(A) + W(A)
       = T(A) + Ven(A) + Vee(A) + Vnn(A) = Contribution of Atom A to Total Energy E of Molecule
         Not additive to give molecular E unless molecular virial theorem is satisfied.
  Ee(A) = E(A) - W(A) = Contribution of Atom A to Electronic Energy of Molecule
          Not additive to give molecular Ee unless molecular virial theorem is satisfied.
  W(A) = Contribution of Atom A to Nuclear Virial of Energy-Gradient-Based Forces on Nuclei of Molecule
  Vnn(A) = Contribution of Atom A to Nuclear Repulsion Energy of Molecule
           Calculation of Vnn(A) assumes satisfaction of the atomic virial theorem:
                2T(A) + Ven(A) + Vee(A) + Vnn(A) - W(A) = 0
  VeeC(A) = Coulomb Part of Vee(A)
  VeeX(A) = Exchange-Correlation Part of Vee(A)
See "2EDM Note" and "DFT Note".
--------------------------------------------------------------------------------------------------------------------
Atom A          E(A)             Ee(A)              W(A)             Vnn(A)           VeeC(A)           VeeX(A)
--------------------------------------------------------------------------------------------------------------------
C1                         -3.7792268796E+01
H2                         -6.1466655362E-01
H3                         -6.1553449011E-01
H4                         -6.1103933983E-01
Cl5                        -4.5981450336E+02
F6                         -9.9740069332E+01
--------------------------------------------------------------------------------------------------------------------
Total                      -5.9918808187E+02
 
IQA Atomic Energy Components:
----------------------------
  E_IQA(A) = Contribution of Atom A to Total Energy E of Molecule, Using IQA Additive Atomic Energy Definition
           = T(A) + Vne(A,Mol)/2 + Ven(A,Mol)/2 + Vee(A) + Vnn(A,Mol)/2
  T(A) = Electronic Kinetic Energy of Atom A (Hamiltonian Form)
  Vne(A,Mol)/2 = Half of Attraction Energy Between Nucleus of Atom A and Electron Density Distribution of Molecule
  Ven(A,Mol)/2 = Half of Attraction Energy Between Electron Density Distribution of Atom A and Nuclei of Molecule
  Vee(A) = Vee(A,A) + Vee(A,A')/2
         = Two-Electron Interaction Energy of Atom A with Itself Plus Half of Two-Electron Interaction Energy
           Between Atom A and Other Atoms of Molecule
  Vnn(A,Mol)/2 = Vnn(A,A')/2 = Half of Repulsion Energy Between Nucleus of Atom A and Other Nuclei of Molecule
  VeeC(A) = Coulomb Part of Vee(A)
  VeeX(A) = Exchange-Correlation Part of Vee(A)
See "2EDM Note" and "DFT Note".
--------------------------------------------------------------------------------------------------------------------------------------------------------
Atom A        E_IQA(A)            T(A)          Vne(A,Mol)/2      Ven(A,Mol)/2         Vee(A)         Vnn(A,Mol)/2        VeeC(A)           VeeX(A)
--------------------------------------------------------------------------------------------------------------------------------------------------------
C1                          3.7792268796E+01 -6.8507231157E+01 -6.7199169794E+01                    2.3901404278E+01
H2                          6.1466655362E-01 -5.2841797769E+00 -4.6403313102E+00                    4.6531148971E+00
H3                          6.1553449011E-01 -5.2851574417E+00 -4.6484356308E+00                    4.6537847160E+00
H4                          6.1103933983E-01 -5.2743307337E+00 -4.6229498421E+00                    4.6434126477E+00
Cl5                         4.5981450336E+02 -5.7697464544E+02 -5.7812293472E+02                    2.7548158947E+01
F6                          9.9740069332E+01 -1.4074189595E+02 -1.4283223208E+02                    1.9563640224E+01
--------------------------------------------------------------------------------------------------------------------------------------------------------
Total                       5.9918808187E+02 -8.0206744050E+02 -8.0206605338E+02                    8.4963515710E+01
 
More IQA Atomic Energy Components:
---------------------------------
  Vneen(A) = Vne(A,Mol)/2 + Ven(A,Mol)/2
  V_IQA(A) = Vne(A,Mol)/2 + Ven(A,Mol)/2 + Vee(A,A) + Vee(A,A')/2 + Vnn(A,A')/2
           = VC_IQA(A) + VX_IQA(A) = Potential Energy Contribution to E_IQA(A)
           = E_IQA(A) - T(A)
  VC_IQA(A) = Vne(A,Mol)/2 + Ven(A,Mol)/2 + VeeC(A,A) + VeeC(A,A')/2 + Vnn(A,A')/2
            = Coulomb Potential Energy Contribution to E_IQA(A)
            = E_IQA(A) - T(A) - VeeX(A)
  VX_IQA(A) = VeeX(A,A) + VeeX(A,A')/2
            = Exchange-Correlation Energy Contribution to E_IQA(A)
            = E_IQA(A) - T(A) - VC_IQA(A)
See "2EDM Note" and "DFT Note".
--------------------------------------------------------------------------------
Atom A        Vneen(A)          V_IQA(A)         VC_IQA(A)         VX_IQA(A)
--------------------------------------------------------------------------------
C1       -1.3570640095E+02
H2       -9.9245110871E+00
H3       -9.9335930725E+00
H4       -9.8972805758E+00
Cl5      -1.1550975802E+03
F6       -2.8357412803E+02
--------------------------------------------------------------------------------
Total    -1.6041334939E+03
 
IQA Intraatomic ("Self") Energy Components:
------------------------------------------
  E_IQA_Intra(A) = T(A) + Vne(A,A) + Vee(A,A)
                 = Intraatomic ("Self") Contribution to E_IQA(A)
  T(A) = Electronic Kinetic Energy of Atom A (Hamiltonian Form)
  Vne(A,A) = Attraction Energy Between Electron Density Distribution of Atom A and Nucleus of Atom A
  Vee(A,A) = Two-electron Interaction Energy of Atom A With Itself
  VeeC(A,A) = Coulomb Part of Vee(A,A)
