AIMSum (Version 17.11.14, Professional)
Copyright (c) 1997-2017 by Todd A. Keith
AIMSum is a component of the AIMAll package ( http://aim.tkgristmill.com )

TP:  64-bit Linux

Much of the Quantum Theory of Atoms in Molecules (QTAIM) is described in the book:
  "Atoms in Molecules - A Quantum Theory"
  R.F.W. Bader, Oxford University Press, Oxford, 1990

For additional references see:  http://aim.tkgristmill.com/references.html

Wfn File:  /home/bruns/metodo_ts/QCISD/clch3f_ts/RUN/GAUSSIAN.wfn
Sum File:  /home/bruns/metodo_ts/QCISD/clch3f_ts/RUN/GAUSSIAN.sum

SumViz File:  /home/bruns/metodo_ts/QCISD/clch3f_ts/RUN/GAUSSIAN.sumviz

Wfn Title:   clch3f_ts-wavefunction                                                        
 
Total memory allocated for AIMSum =        1.289 Megabytes

Atomic units (a.u.) used throughout, except where stated otherwise

Model:  Unknown
 
Restricted, natural orbital wavefunction.
  Number of electrons (from MO Occs)                   =          35.9999999000
  Number of Alpha electrons (from MO Occs)             =          17.9999999500
  Number of Beta electrons (from MO Occs)              =          17.9999999500
  Number of electron pairs (N*(N-1)/2)                 =         629.9999964500
  Number of electron pairs (from Muller 2EDM)          =         629.9999964500
  Number of electron pairs (from Muller 2EDM, no SOSI) =         630.4346115003
 
Nuclear Charges and Cartesian Coordinates:
-------------------------------------------------------------------------------
Atom      Charge                X                  Y                  Z
-------------------------------------------------------------------------------
C1         6.0           3.3070000000E-04   5.4800000000E-05  -9.4053370000E-01
H2         1.0           3.5900000000E-05  -1.9890690400E+00  -1.1730021400E+00
H3         1.0          -1.7221301000E+00   9.9468570000E-01  -1.1739829100E+00
H4         1.0           1.7229578000E+00   9.9424539000E-01  -1.1745970700E+00
Cl5       17.0          -1.7848460000E-02   1.8179200000E-03   3.1080665900E+00
F6         9.0          -3.5149000000E-04  -1.7404400000E-03  -4.9009442500E+00
 
Some Atomic Properties:
----------------------
  q(A) = Net Charge of Atom A
  L(A) = Lagrangian of Atom A = -(1/4) Times Atomic Integral of the Laplacian of the Electron Density
  K(A) = Electronic Kinetic Energy of Atom A (Hamiltonian Form)
  K_Scaled(A) = K(A) * E(Mol)/K(Mol) = Approximation to Virial-Based Total Energy of Atom A.
  |Mu_Intra(A)| = Magnitude of Intraatomic Dipole Moment of Atom A
--------------------------------------------------------------------------------------------------
Atom A          q(A)              L(A)              K(A)          K_Scaled(A)      |Mu_Intra(A)|
--------------------------------------------------------------------------------------------------
C1        2.2585841100E-01  9.4007224086E-05  3.7795356497E+01 -3.7803160104E+01  2.4017741922E-02
H2        9.1624154330E-02  3.0247104770E-05  6.1521627271E-01 -6.1534329641E-01  1.4487650154E-01
H3        9.1775817270E-02  2.1017029006E-05  6.1524410274E-01 -6.1537113219E-01  1.4484377345E-01
H4        9.1462573670E-02  2.9618675459E-05  6.1518697309E-01 -6.1531399075E-01  1.4491926447E-01
Cl5      -6.4155222700E-01  7.2534981832E-06  4.5981441610E+02 -4.5990935398E+02  1.6788662119E-01
F6       -8.5897092780E-01  1.1444762046E-05  9.9740052117E+01 -9.9760645446E+01  1.0491145057E-01
--------------------------------------------------------------------------------------------------
Total    -9.9980219853E-01  1.9358829355E-04  5.9919547206E+02 -5.9931918795E+02
 
1st Largest |L(A)| = 9.4007224086E-05, atom C1      
2nd Largest |L(A)| = 3.0247104770E-05, atom H2      
 
Molecular charge q(Mol) from the wfn file:  -9.9999990000E-01
Molecular energy E(Mol) from the wfn file:  -5.9931916537E+02
Molecular virial ratio (-V(Mol)/T(Mol)) from the wfn file:   2.0002064700E+00
Note.  K_Scaled(A) = (1+V(Mol)/T(Mol))*K(A) = (E(Mol)/T(Mol))*K(A)
       Only use K_Scaled(A) data with caution.
 
N_AIMInt(SumA)     =         35.999802
N_Analytic(Mol)    =         36.000000
 
G_AIMInt(SumA)     =        599.195278
G_Analytic(Mol)    =        599.195447
 
K_AIMInt(SumA)     =        599.195472
K_Analytic(Mol)    =        599.195447
 
L_AIMInt(SumA)     =          0.000194
L_Analytic(Mol)    =          0.000000
 
VenT_AIMInt(SumA)  =      -1604.177984
VenT_Analytic(Mol) =      -1604.179849
 
Some Information About the Atomic Calculations:
----------------------------------------------
  Time(sec) = "Elapsed User Time", in Seconds, for Atom A by AIMInt and, if used, by TWOe
  NProc = Number of Processors Used for AIMInt Job
  BIM = Basin Integration Method
  OAQ = Angular Quadrature Outside of Beta Sphere
  ORQ = Multiple of Default for Radial Quadrature Outside of Beta Sphere
  IAQ = Multiple of Default for Angular Quadrature Inside of Beta Sphere
  IRQ = Multiple of Default for Radial Quadrature Inside of Beta Sphere
  MIR = Maximum Integration Radius
------------------------------------------------------------------------------------------------------
Atom A     Time(sec)   NProc      BIM          OAQ                     ORQ      IAQ      IRQ      MIR
------------------------------------------------------------------------------------------------------
C1             84        8     Proaim(5)    4500(GS4)                  1.00     1.00     1.00    13.00
H2             12        8     Proaim(5)    1800(GS4)                  1.00     1.00     1.00    13.00
H3             17        8     Proaim(5)    1800(GS4)                  1.00     1.00     1.00    13.00
H4             18        8     Proaim(5)    1800(GS4)                  1.00     1.00     1.00    13.00
Cl5            33        8     Proaim(5)    3150(GS4)                  1.00     1.00     1.00    13.00
F6             34        8     Proaim(5)    2700(GS4)                  1.00     1.00     1.00    13.00
------------------------------------------------------------------------------------------------------
Total         198
Note:  Total wall clock time is less than total of atomic times if more than one atom
       was calculated at a time
 
Electron Density Critical Point Analysis of Molecular Structure:               
---------------------------------------------------------------                
  NACP = Nuclear Attractor Critical Point                                      
  NNACP = Non-Nuclear Attractor Critical Point                                 
  BCP = Bond Critical Point                                                    
  RCP = Ring Critical Point                                                    
  CCP = Cage Critical Point                                                    
  Rho = Electron Density                                                       
  GradRho = Gradient of Electron Density                                       
  HessRho_EigVals = Eigenvalues of the Hessian of Rho, Ascending Order         
  HessRho_EigVecs = Eigenvectors of the Hessian of Rho                         
  DelSqRho = Laplacian of Rho = Trace of Hessian of Rho                        
  Bond Ellipticity = (HessRho_EigVal(1) / HessRho_EigVal(2)) - 1               
  V = Virial Field = Potential Energy Density = Trace of Stress Tensor         
  G = Lagrangian Form of Kinetic Energy Density                                
  K = Hamiltonian Form of Kinetic Energy Density                               
  L = K - G = Lagrangian Density = (-1/4)DelSqRho                              
  Vnuc = Electrostatic Potential from Nuclei                                   
  Ven = Electron-nuclear attractive contribution to Virial Field V             
  Vrep = V - Ven = Repulsive contribution to Virial Field V                    
  DelSqV = Laplacian of V                                                      
  DelSqVen = Laplacian of Ven                                                  
  DelSqVrep = Laplacian of Vrep                                                
  DelSqG = Laplacian of G                                                      
  DelSqK = Laplacian of K                                                      
  Stress_EigVals = Eigenvalues of Stress Tensor, Ascending Order               
  Stress_EigVecs = Eigenvectors of Stress Tensor                               
  -DivStress = Ehrenfest Force Density = Minus Divergence of Stress Tensor     
  ESP = Total Electrostatic Potential                                          
  ESPe = Electrostatic Potential from Electrons                                
  ESPn = Electrostatic Potential from Nuclei                                   
  BP = Bond Path                                                               
  BPL = Bond Path Length                                                       
  GBL = Geometric Bond Length                                                  
  GBL_I = Distance Between Nuclear Attractors                                  
  GBL_II = Distance Between Nuclei                                             
  GBL_III = Sum of Distances Between BCP and Nuclear Attractors                
  GBL_IV = Sum of Distances Between BCP and Nuclei                             

CP# 1      Coords =  3.30706337914351E-04  5.48013004704492E-05 -9.40530832589613E-01
           Type = (3,-3) NACP C1
           Rho =  1.2140876226E+02     Rho at Nucleus =  1.2140876124E+02
           GradRho =  6.7371780903E-15 -6.2643466607E-16 -9.2027996876E-12
           HessRho_EigVals = -2.4893322676E+05 -2.4892612057E+05 -2.4892611752E+05
           HessRho_EigVec1 = -1.1189485349E-03  4.3699681703E-04  9.9999927849E-01
           HessRho_EigVec2 =  7.0794583532E-01  7.0626656474E-01  4.8351906329E-04
           HessRho_EigVec3 = -7.0626584387E-01  7.0794586556E-01 -1.0996460145E-03
           DelSqRho = -7.4678546484E+05
           Bond Ellipticity = NA
           V = -1.8670988757E+05
           G =  6.7606792247E+00
           K =  1.8670312689E+05
           L =  1.8669636621E+05
           Vnuc =  2.0924830312E+06
           Ven = -2.5404577487E+08
           Vrep =  2.5385906498E+08
           DelSqV =  1.1231581721E+10
           DelSqVen =  1.5626359112E+12
           DelSqVrep = -1.5514043213E+12
           DelSqG =  3.8281856757E+08
           DelSqK = -1.1614400289E+10
           Stress_EigVals = -6.2237349773E+04 -6.2237348888E+04 -6.2235188908E+04
           Stress_EigVec1 = -7.0545965449E-01  7.0874941148E-01 -9.7345449292E-04
           Stress_EigVec2 =  7.0874945509E-01  7.0546019097E-01  3.5898792384E-04
           Stress_EigVec3 = -9.4116587222E-04  4.3668384469E-04  9.9999946176E-01
           -DivStress = -2.3308057315E+01 -4.7801970304E+00 -1.0540288320E+04
           ESP =  -1.4869246352E+01     ESP at Nucleus =  -1.4869246375E+01
           ESPe = -2.2838684629E+01     ESPe at Nucleus = -2.2838683574E+01
           ESPn =  7.9694382773E+00     ESPn at Nucleus =  7.9694371987E+00

CP# 2      Coords =  4.54291673191870E-05 -1.95532499948495E+00 -1.16801469707283E+00
           Type = (3,-3) NACP H2
           Rho =  4.4813705054E-01     Rho at Nucleus =  4.4325794458E-01
           GradRho = -4.1724335578E-17 -3.2881494527E-16  2.5535705620E-16
           HessRho_EigVals = -8.9785660573E+00 -8.9652385008E+00 -8.0217063345E+00
           HessRho_EigVec1 = -2.1546140188E-03 -1.3689691512E-01  9.9058295577E-01
           HessRho_EigVec2 =  9.9999765158E-01 -5.2616407261E-04  2.1023768967E-03
           HessRho_EigVec3 =  2.3340025070E-04  9.9058515928E-01  1.3689772730E-01
           DelSqRho = -2.5965510893E+01
           Bond Ellipticity = NA
           V = -6.5192097022E+00
           G =  1.3915989538E-02
           K =  6.5052937127E+00
           L =  6.4913777231E+00
           Vnuc =  3.8700831358E+01
           Ven = -1.7343276418E+01
           Vrep =  1.0824066716E+01
           DelSqV =  1.6595017960E+03
           DelSqVen =  1.0048868582E+03
           DelSqVrep =  6.5461493786E+02
           DelSqG =  1.2676660407E+02
           DelSqK = -1.7862684001E+03
           Stress_EigVals = -2.2532564396E+00 -2.2509548598E+00 -2.0149984029E+00
           Stress_EigVec1 = -1.2627112011E-03 -1.3627622368E-01  9.9067007445E-01
           Stress_EigVec2 =  9.9999917537E-01 -4.0404179878E-04  1.2190222561E-03
           Stress_EigVec3 =  2.3414836923E-04  9.9067079679E-01  1.3627662149E-01
           -DivStress = -5.1553284033E-03 -1.8240436095E+01 -2.6961391284E+00
           ESP =  -1.2606429159E+00     ESP at Nucleus =  -1.2625271859E+00
           ESPe = -1.0645098227E+01     ESPe at Nucleus = -1.0570104576E+01
           ESPn =  9.3844553108E+00     ESPn at Nucleus =  9.3075773902E+00

CP# 3      Coords = -1.69290472441192E+00  9.77812686350002E-01 -1.16899423425698E+00
           Type = (3,-3) NACP H3
           Rho =  4.4816574778E-01     Rho at Nucleus =  4.4328567787E-01
           GradRho =  4.5578550583E-13 -2.6247914009E-13  7.7649073306E-14
           HessRho_EigVals = -8.9791045406E+00 -8.9657480236E+00 -8.0220422292E+00
           HessRho_EigVec1 = -1.1901209794E-01  6.7941946217E-02  9.9056550136E-01
           HessRho_EigVec2 =  4.9993831515E-01  8.6606076076E-01  6.6311020915E-04
           HessRho_EigVec3 =  8.5784485870E-01 -4.9530056593E-01  1.3703849020E-01
           DelSqRho = -2.5966894793E+01
           Bond Ellipticity = NA
           V = -6.5195694706E+00
           G =  1.3922886103E-02
           K =  6.5056465845E+00
           L =  6.4917236984E+00
           Vnuc =  3.8703866406E+01
           Ven = -1.7345747230E+01
           Vrep =  1.0826177759E+01
           DelSqV =  1.6595792990E+03
           DelSqVen =  1.0050192271E+03
           DelSqVrep =  6.5456007192E+02
           DelSqG =  1.2677235626E+02
           DelSqK = -1.7863516552E+03
           Stress_EigVals = -2.2534070616E+00 -2.2510793890E+00 -2.0150830200E+00
           Stress_EigVec1 = -1.1823984132E-01  6.8001964418E-02  9.9065386122E-01
           Stress_EigVec2 =  4.9999043316E-01  8.6603089682E-01  2.2912871922E-04
           Stress_EigVec3 =  8.5792127067E-01 -4.9534454533E-01  1.3639968747E-01
           -DivStress = -1.5798715736E+01  9.1212470628E+00 -2.6968726959E+00
           ESP =  -1.2608080491E+00     ESP at Nucleus =  -1.2626912939E+00
           ESPe = -1.0650478944E+01     ESPe at Nucleus = -1.0575507423E+01
           ESPn =  9.3896708953E+00     ESPn at Nucleus =  9.3128161292E+00

CP# 4      Coords =  1.69374054390254E+00  9.77380946741359E-01 -1.16956752306900E+00
           Type = (3,-3) NACP H4
           Rho =  4.4810960202E-01     Rho at Nucleus =  4.4323147868E-01
           GradRho = -4.5309875712E-13 -2.6065454487E-13  7.6572769320E-14
           HessRho_EigVals = -8.9780519407E+00 -8.9647545281E+00 -8.0213973446E+00
           HessRho_EigVec1 =  1.1882259961E-01  7.0259991638E-02  9.9042653609E-01
           HessRho_EigVec2 = -5.0006428675E-01  8.6598708891E-01 -1.4390841202E-03
           HessRho_EigVec3 =  8.5779770281E-01  4.9510594363E-01 -1.3803334974E-01
           DelSqRho = -2.5964203813E+01
           Bond Ellipticity = NA
           V = -6.5188694691E+00
           G =  1.3909257860E-02
           K =  6.5049602112E+00
           L =  6.4910509533E+00
           Vnuc =  3.8697875114E+01
           Ven = -1.7340889416E+01
           Vrep =  1.0822019947E+01
           DelSqV =  1.6594296371E+03
           DelSqVen =  1.0047595166E+03
           DelSqVrep =  6.5467012047E+02
           DelSqG =  1.2676125459E+02
           DelSqK = -1.7861908917E+03
           Stress_EigVals = -2.2531120341E+00 -2.2508368343E+00 -2.0149206006E+00
           Stress_EigVec1 =  1.1852707618E-01  6.9565849375E-02  9.9051094129E-01
           Stress_EigVec2 = -5.0001034154E-01  8.6601886719E-01 -9.8996809487E-04
           Stress_EigVec3 =  8.5787003128E-01  4.9514837602E-01 -1.3743032835E-01
           -DivStress =  1.5792660022E+01  9.1156570806E+00 -2.7188370907E+00
           ESP =  -1.2604757453E+00     ESP at Nucleus =  -1.2623610656E+00
           ESPe = -1.0639692984E+01     ESPe at Nucleus = -1.0564677408E+01
           ESPn =  9.3792172388E+00     ESPn at Nucleus =  9.3023163427E+00

CP# 5      Coords = -1.78484594105506E-02  1.81791996723098E-03  3.10806651434825E+00
           Type = (3,-3) NACP Cl5
           Rho =  3.1725878219E+03     Rho at Nucleus =  3.1725878215E+03
           GradRho = -1.7576596862E-10 -1.1540715427E-11  1.3492388424E-08
           HessRho_EigVals = -1.3891681188E+08 -1.3891658835E+08 -1.3891658825E+08
           HessRho_EigVec1 = -6.9557548940E-03  4.3422964841E-04  9.9997571416E-01
           HessRho_EigVec2 =  7.0531351030E-01  7.0888060206E-01  4.5982825996E-03
           HessRho_EigVec3 = -7.0886138960E-01  7.0532836570E-01 -5.2370677546E-03
           DelSqRho = -4.1674998849E+08
           Bond Ellipticity = NA
           V = -1.0421594316E+08
           G =  1.4223020800E+04
           K =  1.0420172014E+08
           L =  1.0418749712E+08
           Vnuc =  2.2470707286E+08
           Ven = -7.1290292284E+11
           Vrep =  7.1279870689E+11
           DelSqV =  3.3656982165E+14
           DelSqVen =  9.3646607929E+16
           DelSqVrep = -9.3310038107E+16
           DelSqG =  4.5632227624E+12
           DelSqK = -3.4113304442E+14
           Stress_EigVals = -3.4738666456E+07 -3.4738666431E+07 -3.4738610277E+07
           Stress_EigVec1 = -7.0886115294E-01  7.0532858003E-01 -5.2402328603E-03
           Stress_EigVec2 =  7.0531370404E-01  7.0888038881E-01  4.6014403683E-03
           Stress_EigVec3 = -6.9602257085E-03  4.3422572409E-04  9.9997568306E-01
           -DivStress = -6.5648885854E+04  3.6506914779E+03  8.4280574198E+06
           ESP =  -6.4638383313E+01     ESP at Nucleus =  -6.4638383314E+01
           ESPe = -6.7879501996E+01     ESPe at Nucleus = -6.7879501950E+01
           ESPn =  3.2411186829E+00     ESPn at Nucleus =  3.2411186353E+00

CP# 6      Coords = -3.51488028940710E-04 -1.74043966615954E-03 -4.90094353784799E+00
           Type = (3,-3) NACP F6
           Rho =  4.3109893848E+02     Rho at Nucleus =  4.3109893796E+02
           GradRho =  2.3608954218E-11  4.0959239996E-12  8.8118028148E-09
           HessRho_EigVals = -2.0428416150E+06 -2.0428289797E+06 -2.0428289783E+06
           HessRho_EigVec1 =  1.7832128574E-03  4.7023241127E-04  9.9999829952E-01
           HessRho_EigVec2 =  7.0934304124E-01  7.0486161868E-01 -1.5963611246E-03
           HessRho_EigVec3 = -7.0486117073E-01  7.0934468166E-01  9.2336221238E-04
           DelSqRho = -6.1284995730E+06
           Bond Ellipticity = NA
           V = -1.5324338090E+06
           G =  1.5445787850E+02
           K =  1.5322793511E+06
           L =  1.5321248932E+06
           Vnuc =  1.2637705832E+07
           Ven = -5.4481015689E+09
           Vrep =  5.4465691351E+09
           DelSqV =  2.1792681118E+11
           DelSqVen =  7.7450167976E+13
           DelSqVrep = -7.7232241165E+13
           DelSqG =  7.2617713743E+09
           DelSqK = -2.2518858255E+11
           Stress_EigVals = -5.1081230893E+05 -5.1081230859E+05 -5.1080919147E+05
           Stress_EigVec1 = -7.0415580567E-01  7.1004488111E-01  9.3174682991E-04
           Stress_EigVec2 =  7.1004321717E-01  7.0415626501E-01 -1.6075438067E-03
           Stress_EigVec3 =  1.7975236188E-03  4.7038078765E-04  9.9999827382E-01
           -DivStress = -1.4064110129E+02 -2.3798504986E+01 -5.0766219975E+04
           ESP =  -2.6928491712E+01     ESP at Nucleus =  -2.6928491715E+01
           ESPe = -3.1276214442E+01     ESPe at Nucleus = -3.1276213879E+01
           ESPn =  4.3477227306E+00     ESPn at Nucleus =  4.3477221638E+00

CP# 7      Coords =  1.76060361038036E-04 -1.31302272278897E+00 -1.08200599472515E+00
           Type = (3,-1) BCP C1 H2
           Rho =  3.1739788409E-01
           GradRho =  1.6011092269E-17 -4.0484432714E-14  2.7562012121E-14
           HessRho_EigVals = -9.7022138356E-01 -9.2894963348E-01  5.1110937141E-01
           HessRho_EigVec1 = -1.7569275609E-03 -1.2930910148E-01  9.9160277807E-01
           HessRho_EigVec2 =  9.9999844146E-01 -3.9971874618E-04  1.7196780692E-03
           HessRho_EigVec3 =  1.7399219320E-04  9.9160425397E-01  1.2930960222E-01
           DelSqRho = -1.3880616456E+00
           Bond Ellipticity =  4.4428404505E-02
           V = -4.3552296301E-01
           G =  4.4253775800E-02
           K =  3.9126918721E-01
           L =  3.4701541141E-01
           Vnuc =  1.2803296307E+01
           Ven = -4.0637391573E+00
           Vrep =  3.6282161943E+00
           DelSqV = -2.5104612049E+00
           DelSqVen =  1.7771764542E+01
           DelSqVrep = -2.0282225747E+01
           DelSqG =  1.9009559453E+00
           DelSqK =  6.0950525954E-01
           Stress_EigVals = -2.7412961695E-01 -2.6821127004E-01  1.0681792399E-01
           Stress_EigVec1 =  9.9999886325E-01 -3.4931632779E-04  1.4667920467E-03
           Stress_EigVec2 = -1.4992291463E-03 -1.2669651414E-01  9.9194039419E-01
           Stress_EigVec3 =  1.6066353659E-04  9.9194146565E-01  1.2669689382E-01
           -DivStress = -1.3786577980E-05 -2.0075897130E-02 -1.2167118377E-02
           ESP =   7.5122721755E-01
           ESPe = -1.2052069090E+01
           ESPn =  1.2803296307E+01
           BPL =  1.9689662730E+00 =  1.3209282704E+00 +  6.4803800257E-01                
           GBL_I =  1.9685677929E+00                                                      
           GBL_II =  2.0026620567E+00                                                     
           GBL_III =  1.9687123181E+00 =  1.3206770346E+00 +  6.4803528346E-01            
           GBL_IV =  2.0028196299E+00 =  1.3206767261E+00 +  6.8214290373E-01             

CP# 8      Coords = -1.13675182341757E+00  6.56688997039270E-01 -1.08286578684687E+00
           Type = (3,-1) BCP C1 H3
           Rho =  3.1743727010E-01
           GradRho = -2.9678557655E-16  3.1050633412E-16 -5.2773405689E-17
           HessRho_EigVals = -9.7039220950E-01 -9.2916653848E-01  5.1129355470E-01
           HessRho_EigVec1 = -1.1242788253E-01  6.4363603031E-02  9.9157314296E-01
           HessRho_EigVec2 =  4.9999295825E-01  8.6602933827E-01  4.7639554977E-04
           HessRho_EigVec3 =  8.5870077031E-01 -4.9583314921E-01  1.2954719299E-01
           DelSqRho = -1.3882651933E+00
           Bond Ellipticity =  4.4368441296E-02
           V = -4.3558942219E-01
           G =  4.4261561933E-02
           K =  3.9132786025E-01
           L =  3.4706629832E-01
           Vnuc =  1.2807409442E+01
           Ven = -4.0655490904E+00
           Vrep =  3.6299596682E+00
           DelSqV = -2.5123615407E+00
           DelSqVen =  1.7780080744E+01
           DelSqVrep = -2.0292442285E+01
           DelSqG =  1.9013151582E+00
           DelSqK =  6.1104638251E-01
           Stress_EigVals = -2.7416223536E-01 -2.6828742270E-01  1.0686023587E-01
           Stress_EigVec1 =  5.0001445167E-01  8.6601698763E-01  3.5391398897E-04
           Stress_EigVec2 = -1.1009779967E-01  6.3162086022E-02  9.9191180323E-01
           Stress_EigVec3 =  8.5899011789E-01 -4.9600920155E-01  1.2692852063E-01
           -DivStress = -1.7684000457E-02  1.0200901475E-02 -1.1989575971E-02
           ESP =   7.5108545248E-01
           ESPe = -1.2056323990E+01
           ESPn =  1.2807409442E+01
           BPL =  1.9689507015E+00 =  1.3209938994E+00 +  6.4795680217E-01                
           GBL_I =  1.9685660344E+00                                                      
           GBL_II =  2.0026633188E+00                                                     
           GBL_III =  1.9687055990E+00 =  1.3207514474E+00 +  6.4795415160E-01            
           GBL_IV =  2.0028155206E+00 =  1.3207511335E+00 +  6.8206438702E-01             

CP# 9      Coords = -4.54316544507036E-04 -7.81826091124805E-04 -2.75724222606973E+00
           Type = (3,-1) BCP C1 F6
           Rho =  4.6124924285E-02
           GradRho =  1.8727535948E-18 -2.0705034899E-18 -6.7640815768E-17
           HessRho_EigVals = -3.8360677211E-02 -3.8324182039E-02  2.3478514965E-01
           HessRho_EigVec1 =  7.2524451033E-01  6.8849139066E-01 -7.2331395442E-05
           HessRho_EigVec2 = -6.8849131956E-01  7.2524437842E-01 -5.4263854045E-04
           HessRho_EigVec3 = -3.2114402541E-04  4.4334516045E-04  9.9999985016E-01
           DelSqRho =  1.5810029040E-01
           Bond Ellipticity =  9.5227529648E-04
           V = -4.4890301645E-02
           G =  4.2207687123E-02
           K =  2.6826145220E-03
           L = -3.9525072601E-02
           Vnuc =  1.1579436825E+01
           Ven = -5.3410064682E-01
           Vrep =  4.8921034518E-01
           DelSqV = -3.9590651458E-01
           DelSqVen = -1.8307123248E+00
           DelSqVrep =  1.4348058102E+00
           DelSqG =  2.8751486897E-01
           DelSqK =  1.0839164561E-01
           Stress_EigVals = -2.4686883818E-02 -2.4685557941E-02  4.4821401135E-03
           Stress_EigVec1 =  7.0250969949E-01  7.1167396528E-01 -5.3783693569E-04
           Stress_EigVec2 =  7.1167410335E-01 -7.0250975796E-01  1.0297149614E-04
           Stress_EigVec3 =  3.0455356255E-04  4.5510309376E-04  9.9999985006E-01
           -DivStress =  1.5227343225E-05  9.3410626046E-06  2.0425135910E-02
           ESP =  -1.7902855525E-02
           ESPe = -1.1597339681E+01
           ESPn =  1.1579436825E+01
           BPL =  3.9604191859E+00 =  1.8167176447E+00 +  2.1437015412E+00                
           GBL_I =  3.9604131709E+00                                                      
           GBL_II =  3.9604110156E+00                                                     
           GBL_III =  3.9604132843E+00 =  1.8167117557E+00 +  2.1437015286E+00            
           GBL_IV =  3.9604111290E+00 =  1.8167088883E+00 +  2.1437022407E+00             

CP# 10     Coords = -7.17572295540273E-03  7.83940206146010E-04  7.24590830363985E-01
           Type = (3,-1) BCP Cl5 C1
           Rho =  8.0658487972E-02
           GradRho =  1.0844614646E-18  9.3139166032E-19 -2.8390517043E-17
           HessRho_EigVals = -8.4590604180E-02 -8.4355560627E-02  2.0956860011E-01
           HessRho_EigVec1 =  7.0615692519E-01  7.0805241812E-01  2.0421083770E-03
           HessRho_EigVec2 =  7.0804755595E-01 -7.0615974580E-01  2.6593095182E-03
           HessRho_EigVec3 = -3.3249852673E-03  4.3197998715E-04  9.9999437892E-01
           DelSqRho =  4.0622435301E-02
           Bond Ellipticity =  2.7863433169E-03
           V = -6.9101360692E-02
           G =  3.9628484759E-02
           K =  2.9472875933E-02
           L = -1.0155608825E-02
           Vnuc =  1.3426577346E+01
           Ven = -1.0829674273E+00
           Vrep =  1.0138660667E+00
           DelSqV = -4.4006072073E-01
           DelSqVen = -5.4542026955E-01
           DelSqVrep =  1.0535954881E-01
           DelSqG =  2.9775201498E-01
           DelSqK =  1.4230870575E-01
           Stress_EigVals = -4.1843488778E-02 -4.1827779642E-02  1.4569907728E-02
           Stress_EigVec1 = -7.0791388759E-01  7.0628743634E-01 -3.9981292666E-03
           Stress_EigVec2 =  7.0627952017E-01  7.0792504318E-01  3.3723331102E-03
           Stress_EigVec3 = -5.2122123405E-03  4.3647537770E-04  9.9998632107E-01
           -DivStress =  1.8836813025E-04 -1.8025713579E-05 -4.1247120032E-02
           ESP =   1.7979556974E-01
           ESPe = -1.3246781776E+01
           ESPn =  1.3426577346E+01
           BPL =  4.0486622097E+00 =  2.3834999972E+00 +  1.6651622125E+00                
           GBL_I =  4.0486385450E+00                                                      
           GBL_II =  4.0486414880E+00                                                     
           GBL_III =  4.0486385455E+00 =  2.3834998033E+00 +  1.6651387421E+00            
           GBL_IV =  4.0486414885E+00 =  2.3834998790E+00 +  1.6651416095E+00             

CP# 11     Coords =  1.13745488152056E+00  6.56313036398519E-01 -1.08284953793389E+00
           Type = (3,-1) BCP H4 C1
           Rho =  3.1735877076E-01
           GradRho =  7.4517496564E-16  3.5555874871E-16 -1.0379686902E-16
           HessRho_EigVals = -9.7004871914E-01 -9.2873116565E-01  5.1092074584E-01
           HessRho_EigVec1 =  1.1227165592E-01  6.6244879459E-02  9.9146693905E-01
           HessRho_EigVec2 = -5.0000927275E-01  8.6601915795E-01 -1.2430729192E-03
           HessRho_EigVec3 =  8.5871171090E-01  4.9560310129E-01 -1.3035245892E-01
           DelSqRho = -1.3878591389E+00
           Bond Ellipticity =  4.4488173778E-02
           V = -4.3545800532E-01
           G =  4.4246610291E-02
           K =  3.9121139503E-01
           L =  3.4696478474E-01
           Vnuc =  1.2799171009E+01
           Ven = -4.0619291781E+00
           Vrep =  3.6264711728E+00
           DelSqV = -2.5085052595E+00
           DelSqVen =  1.7763446456E+01
           DelSqVrep = -2.0271951715E+01
           DelSqG =  1.9005968823E+00
           DelSqK =  6.0790837716E-01
           Stress_EigVals = -2.7409740476E-01 -2.6813504473E-01  1.0677444418E-01
           Stress_EigVec1 = -4.9998701848E-01  8.6603218380E-01 -1.1126434092E-03
           Stress_EigVec2 =  1.1008128618E-01  6.4827545358E-02  9.9180618056E-01
           Stress_EigVec3 =  8.5900820240E-01  4.9576773391E-01 -1.2774686778E-01
           -DivStress =  1.7069413330E-02  9.8529867001E-03 -1.2365067438E-02
           ESP =   7.5137222219E-01
           ESPe = -1.2047798787E+01
           ESPn =  1.2799171009E+01
           BPL =  1.9689805929E+00 =  6.4812187276E-01 +  1.3208587202E+00                
           GBL_I =  1.9685682813E+00                                                      
           GBL_II =  2.0026594109E+00                                                     
           GBL_III =  1.9687177669E+00 =  6.4811908642E-01 +  1.3205986805E+00            
           GBL_IV =  2.0028223531E+00 =  6.8222397554E-01 +  1.3205983775E+00             

Number of NACPs  =      6
Number of NNACPs =      0
Number of BCPs   =      5
Number of RCPs   =      0
Number of CCPs   =      0
NumNACP + NumNNACP - NumBCP + NumRCP - NumCCP =      1
Poincare-Hopf Relationship is Satisfied

Bond Path Angles and Corresponding Geometric Bond Angles:
--------------------------------------------------------
  BPA     = A-B-C Bond Path Angle
  GBA_I   = A-B-C Geometric Bond Angle in Terms of Nuclear Attractors
  GBA_II  = A-B-C Geometric Bond Angle in Terms of Nuclei
  GBA_III = A-B-C Geometric Bond Angle in Terms of A|B and C|B BCPs and Nuclear Attractor B
  GBA_IV  = A-B-C Geometric Bond Angle in Terms of A|B and C|B BCPs and Nucleus B
-------------------------------------------------------------------------------------------------
Atom A    Atom B    Atom C        BPA          GBA_I         GBA_II       GBA_III       GBA_IV
-------------------------------------------------------------------------------------------------
H3        C1        H2        119.35071076  118.67378229  118.66180707  118.85934166  118.85938736
F6        C1        H2         85.34094567   83.33821287   83.30812142   83.82410439   83.82422807
F6        C1        H3         85.11760628   83.33991899   83.31028923   83.80508030   83.80520409
Cl5       C1        H2         94.65541324   96.66066050   96.69075102   96.17450336   96.17437969
Cl5       C1        H3         94.09536066   96.42924102   96.45887084   95.95044487   95.95032180
Cl5       C1        F6        179.08929198  179.73285873  179.73285905  179.71694915  179.71694997
H4        C1        H2        119.34723567  118.67360335  118.66181947  118.85775537  118.85780027
H4        C1        H3        119.34880926  118.67366414  118.66178955  118.85846247  118.85850776
H4        C1        F6         85.58093568   83.34021604   83.30967306   83.84794728   83.84807085
H4        C1        Cl5        95.20940186   96.89164206   96.92218453   96.39783019   96.39770591

Total time for electron density critical point search, analysis and connectivity = 249 sec (NProc = 8)             
 
Virial-Based Atomic Energy Components:
-------------------------------------
  Ee(A) = E(A) - W(A) = -T(A)
        = Contribution of Atom A to Electronic Energy of Molecule.
          Not additive to give molecular Ee unless molecular electronic virial theorem is satisfied.
  T(A) = Electronic Kinetic Energy of Atom A (Hamiltonian Form)
  Ven(A) = Ven(A,Mol) = VenT(A)
         = Attraction Energy Between Electron Density Distribution of Atom A and Nuclei of Molecule
  VenO(A) = Ven(A,A)
          = Attraction Energy Between Electron Density Distribution of Atom A and Nucleus of Atom A
  Vee(A) = Vee(A,A) + Vee(A,A')/2
         = Two-Electron Interaction Energy of Atom A with Itself Plus Half of Two-Electron Interaction Energy
           Between Atom A and Other Atoms of Molecule
  Vnn(A) - W(A) = Contribution of Atom A to the Nuclear Repulsion Energy of Molecule Minus
                  the Nuclear Virial of Energy-Gradient-Based Forces on Nuclei of Molecule.
                  Calculation of Vnn(A) - W(A) assumes satisfaction of the atomic virial theorem:
                       2T(A) + Ven(A) + Vee(A) + Vnn(A) - W(A) = 0
See "2EDM Note" and "DFT Note".
--------------------------------------------------------------------------------------------------------------------
Atom A         Ee(A)              T(A)             Ven(A)           VenO(A)            Vee(A)        Vnn(A) - W(A)
--------------------------------------------------------------------------------------------------------------------
C1       -3.7795356497E+01  3.7795356497E+01 -1.3438637880E+02 -8.8872329938E+01
H2       -6.1521627271E-01  6.1521627271E-01 -9.2919479543E+00 -1.2224320045E+00
H3       -6.1524410274E-01  6.1524410274E-01 -9.2954604999E+00 -1.2223724831E+00
H4       -6.1518697309E-01  6.1518697309E-01 -9.2884875780E+00 -1.2224971574E+00
Cl5      -4.5981441610E+02  4.5981441610E+02 -1.1562487636E+03 -1.0993386559E+03
F6       -9.9740052117E+01  9.9740052117E+01 -2.8566694544E+02 -2.4295981969E+02
--------------------------------------------------------------------------------------------------------------------
Total    -5.9919547206E+02  5.9919547206E+02 -1.6041779839E+03 -1.4348381072E+03
 
More Virial-Based Atomic Energy Components:
------------------------------------------
  E(A) = Ee(A) + W(A)
       = T(A) + Ven(A) + Vee(A) + Vnn(A) = Contribution of Atom A to Total Energy E of Molecule
         Not additive to give molecular E unless molecular virial theorem is satisfied.
  Ee(A) = E(A) - W(A) = Contribution of Atom A to Electronic Energy of Molecule
          Not additive to give molecular Ee unless molecular virial theorem is satisfied.
  W(A) = Contribution of Atom A to Nuclear Virial of Energy-Gradient-Based Forces on Nuclei of Molecule
  Vnn(A) = Contribution of Atom A to Nuclear Repulsion Energy of Molecule
           Calculation of Vnn(A) assumes satisfaction of the atomic virial theorem:
                2T(A) + Ven(A) + Vee(A) + Vnn(A) - W(A) = 0
  VeeC(A) = Coulomb Part of Vee(A)
  VeeX(A) = Exchange-Correlation Part of Vee(A)
See "2EDM Note" and "DFT Note".
--------------------------------------------------------------------------------------------------------------------
Atom A          E(A)             Ee(A)              W(A)             Vnn(A)           VeeC(A)           VeeX(A)
--------------------------------------------------------------------------------------------------------------------
C1                         -3.7795356497E+01
H2                         -6.1521627271E-01
H3                         -6.1524410274E-01
H4                         -6.1518697309E-01
Cl5                        -4.5981441610E+02
F6                         -9.9740052117E+01
--------------------------------------------------------------------------------------------------------------------
Total                      -5.9919547206E+02
 
IQA Atomic Energy Components:
----------------------------
  E_IQA(A) = Contribution of Atom A to Total Energy E of Molecule, Using IQA Additive Atomic Energy Definition
           = T(A) + Vne(A,Mol)/2 + Ven(A,Mol)/2 + Vee(A) + Vnn(A,Mol)/2
  T(A) = Electronic Kinetic Energy of Atom A (Hamiltonian Form)
  Vne(A,Mol)/2 = Half of Attraction Energy Between Nucleus of Atom A and Electron Density Distribution of Molecule
  Ven(A,Mol)/2 = Half of Attraction Energy Between Electron Density Distribution of Atom A and Nuclei of Molecule
  Vee(A) = Vee(A,A) + Vee(A,A')/2
         = Two-Electron Interaction Energy of Atom A with Itself Plus Half of Two-Electron Interaction Energy
           Between Atom A and Other Atoms of Molecule
  Vnn(A,Mol)/2 = Vnn(A,A')/2 = Half of Repulsion Energy Between Nucleus of Atom A and Other Nuclei of Molecule
  VeeC(A) = Coulomb Part of Vee(A)
  VeeX(A) = Exchange-Correlation Part of Vee(A)
See "2EDM Note" and "DFT Note".
--------------------------------------------------------------------------------------------------------------------------------------------------------
Atom A        E_IQA(A)            T(A)          Vne(A,Mol)/2      Ven(A,Mol)/2         Vee(A)         Vnn(A,Mol)/2        VeeC(A)           VeeX(A)
--------------------------------------------------------------------------------------------------------------------------------------------------------
C1                          3.7795356497E+01 -6.8516050721E+01 -6.7193189399E+01                    2.3908311596E+01
H2                          6.1521627271E-01 -5.2850522877E+00 -4.6459739771E+00                    4.6537886951E+00
H3                          6.1524410274E-01 -5.2877537117E+00 -4.6477302499E+00                    4.6564080646E+00
H4                          6.1518697309E-01 -5.2823387042E+00 -4.6442437890E+00                    4.6511581713E+00
Cl5                         4.5981441610E+02 -5.7697576657E+02 -5.7812438182E+02                    2.7549508400E+01
F6                          9.9740052117E+01 -1.4074296245E+02 -1.4283347272E+02                    1.9564749737E+01
--------------------------------------------------------------------------------------------------------------------------------------------------------
Total                       5.9919547206E+02 -8.0208992444E+02 -8.0208899196E+02                    8.4983924664E+01
 
More IQA Atomic Energy Components:
---------------------------------
  Vneen(A) = Vne(A,Mol)/2 + Ven(A,Mol)/2
  V_IQA(A) = Vne(A,Mol)/2 + Ven(A,Mol)/2 + Vee(A,A) + Vee(A,A')/2 + Vnn(A,A')/2
           = VC_IQA(A) + VX_IQA(A) = Potential Energy Contribution to E_IQA(A)
           = E_IQA(A) - T(A)
  VC_IQA(A) = Vne(A,Mol)/2 + Ven(A,Mol)/2 + VeeC(A,A) + VeeC(A,A')/2 + Vnn(A,A')/2
            = Coulomb Potential Energy Contribution to E_IQA(A)
            = E_IQA(A) - T(A) - VeeX(A)
  VX_IQA(A) = VeeX(A,A) + VeeX(A,A')/2
            = Exchange-Correlation Energy Contribution to E_IQA(A)
            = E_IQA(A) - T(A) - VC_IQA(A)
See "2EDM Note" and "DFT Note".
--------------------------------------------------------------------------------
Atom A        Vneen(A)          V_IQA(A)         VC_IQA(A)         VX_IQA(A)
--------------------------------------------------------------------------------
C1       -1.3570924012E+02
H2       -9.9310262648E+00
H3       -9.9354839616E+00
H4       -9.9265824932E+00
Cl5      -1.1551001484E+03
F6       -2.8357643517E+02
--------------------------------------------------------------------------------
Total    -1.6041789164E+03
 
IQA Intraatomic ("Self") Energy Components:
------------------------------------------
  E_IQA_Intra(A) = T(A) + Vne(A,A) + Vee(A,A)
                 = Intraatomic ("Self") Contribution to E_IQA(A)
  T(A) = Electronic Kinetic Energy of Atom A (Hamiltonian Form)
  Vne(A,A) = Attraction Energy Between Electron Density Distribution of Atom A and Nucleus of Atom A
  Vee(A,A) = Two-electron Interaction Energy of Atom A With Itself
  VeeC(A,A) = Coulomb Part of Vee(A,A)
