AIMSum (Version 17.11.14, Professional)
Copyright (c) 1997-2017 by Todd A. Keith
AIMSum is a component of the AIMAll package ( http://aim.tkgristmill.com )

TP:  64-bit Linux

Much of the Quantum Theory of Atoms in Molecules (QTAIM) is described in the book:
  "Atoms in Molecules - A Quantum Theory"
  R.F.W. Bader, Oxford University Press, Oxford, 1990

For additional references see:  http://aim.tkgristmill.com/references.html

Wfn File:  /home/bruns/metodo_ts/QCISD/clch3f_ts/RUN/GAUSSIAN.wfn
Sum File:  /home/bruns/metodo_ts/QCISD/clch3f_ts/RUN/GAUSSIAN.sum

SumViz File:  /home/bruns/metodo_ts/QCISD/clch3f_ts/RUN/GAUSSIAN.sumviz

Wfn Title:   clch3f_ts-wavefunction                                                        
 
Total memory allocated for AIMSum =        1.289 Megabytes

Atomic units (a.u.) used throughout, except where stated otherwise

Model:  Unknown
 
Restricted, natural orbital wavefunction.
  Number of electrons (from MO Occs)                   =          36.0000008000
  Number of Alpha electrons (from MO Occs)             =          18.0000004000
  Number of Beta electrons (from MO Occs)              =          18.0000004000
  Number of electron pairs (N*(N-1)/2)                 =         630.0000284000
  Number of electron pairs (from Muller 2EDM)          =         630.0000284000
  Number of electron pairs (from Muller 2EDM, no SOSI) =         630.4346050393
 
Nuclear Charges and Cartesian Coordinates:
-------------------------------------------------------------------------------
Atom      Charge                X                  Y                  Z
-------------------------------------------------------------------------------
C1         6.0           3.3070000000E-04   5.4800000000E-05  -9.2163644000E-01
H2         1.0           3.5900000000E-05  -1.9890690400E+00  -1.1730021400E+00
H3         1.0          -1.7221301000E+00   9.9468570000E-01  -1.1739829100E+00
H4         1.0           1.7229578000E+00   9.9424539000E-01  -1.1745970700E+00
Cl5       17.0           1.0488000000E-03   1.8179200000E-03   3.1080665900E+00
F6         9.0          -3.5149000000E-04  -1.7404400000E-03  -4.9009442500E+00
 
Some Atomic Properties:
----------------------
  q(A) = Net Charge of Atom A
  L(A) = Lagrangian of Atom A = -(1/4) Times Atomic Integral of the Laplacian of the Electron Density
  K(A) = Electronic Kinetic Energy of Atom A (Hamiltonian Form)
  K_Scaled(A) = K(A) * E(Mol)/K(Mol) = Approximation to Virial-Based Total Energy of Atom A.
  |Mu_Intra(A)| = Magnitude of Intraatomic Dipole Moment of Atom A
--------------------------------------------------------------------------------------------------
Atom A          q(A)              L(A)              K(A)          K_Scaled(A)      |Mu_Intra(A)|
--------------------------------------------------------------------------------------------------
C1        2.2113576410E-01 -1.9758988523E-04  3.7794369452E+01 -3.7802477478E+01  1.8766580728E-02
H2        9.1891395250E-02  3.0573920019E-05  6.1434147577E-01 -6.1447327045E-01  1.4505799399E-01
H3        9.1887922860E-02  2.0813944946E-05  6.1433259890E-01 -6.1446439167E-01  1.4507385385E-01
H4        9.1886558820E-02  2.9946011477E-05  6.1433999181E-01 -6.1447178617E-01  1.4505124403E-01
Cl5      -6.3358669500E-01  8.3820909976E-06  4.5981276646E+02 -4.5991141009E+02  1.6748934288E-01
F6       -8.6330850660E-01  1.0794535943E-05  9.9740606054E+01 -9.9762003407E+01  1.0806078644E-01
--------------------------------------------------------------------------------------------------
Total    -1.0000935606E+00 -9.7079381847E-05  5.9919075603E+02 -5.9931930042E+02
 
1st Largest |L(A)| = 1.9758988523E-04, atom C1      
2nd Largest |L(A)| = 3.0573920019E-05, atom H2      
 
Molecular charge q(Mol) from the wfn file:  -1.0000008000E+00
Molecular energy E(Mol) from the wfn file:  -5.9931931308E+02
Molecular virial ratio (-V(Mol)/T(Mol)) from the wfn file:   2.0002145300E+00
Note.  K_Scaled(A) = (1+V(Mol)/T(Mol))*K(A) = (E(Mol)/T(Mol))*K(A)
       Only use K_Scaled(A) data with caution.
 
N_AIMInt(SumA)     =         36.000094
N_Analytic(Mol)    =         36.000001
 
G_AIMInt(SumA)     =        599.190853
G_Analytic(Mol)    =        599.190771
 
K_AIMInt(SumA)     =        599.190756
K_Analytic(Mol)    =        599.190771
 
L_AIMInt(SumA)     =         -0.000097
L_Analytic(Mol)    =          0.000000
 
VenT_AIMInt(SumA)  =      -1604.255971
VenT_Analytic(Mol) =      -1604.255143
 
Some Information About the Atomic Calculations:
----------------------------------------------
  Time(sec) = "Elapsed User Time", in Seconds, for Atom A by AIMInt and, if used, by TWOe
  NProc = Number of Processors Used for AIMInt Job
  BIM = Basin Integration Method
  OAQ = Angular Quadrature Outside of Beta Sphere
  ORQ = Multiple of Default for Radial Quadrature Outside of Beta Sphere
  IAQ = Multiple of Default for Angular Quadrature Inside of Beta Sphere
  IRQ = Multiple of Default for Radial Quadrature Inside of Beta Sphere
  MIR = Maximum Integration Radius
------------------------------------------------------------------------------------------------------
Atom A     Time(sec)   NProc      BIM          OAQ                     ORQ      IAQ      IRQ      MIR
------------------------------------------------------------------------------------------------------
C1             87        8     Proaim(5)    4500(GS4)                  1.00     1.00     1.00    13.00
H2             17        8     Proaim(5)    1800(GS4)                  1.00     1.00     1.00    13.00
H3             17        8     Proaim(5)    1800(GS4)                  1.00     1.00     1.00    13.00
H4             17        8     Proaim(5)    1800(GS4)                  1.00     1.00     1.00    13.00
Cl5            29        8     Proaim(5)    3150(GS4)                  1.00     1.00     1.00    13.00
F6             34        8     Proaim(5)    2700(GS4)                  1.00     1.00     1.00    13.00
------------------------------------------------------------------------------------------------------
Total         201
Note:  Total wall clock time is less than total of atomic times if more than one atom
       was calculated at a time
 
Electron Density Critical Point Analysis of Molecular Structure:               
---------------------------------------------------------------                
  NACP = Nuclear Attractor Critical Point                                      
  NNACP = Non-Nuclear Attractor Critical Point                                 
  BCP = Bond Critical Point                                                    
  RCP = Ring Critical Point                                                    
  CCP = Cage Critical Point                                                    
  Rho = Electron Density                                                       
  GradRho = Gradient of Electron Density                                       
  HessRho_EigVals = Eigenvalues of the Hessian of Rho, Ascending Order         
  HessRho_EigVecs = Eigenvectors of the Hessian of Rho                         
  DelSqRho = Laplacian of Rho = Trace of Hessian of Rho                        
  Bond Ellipticity = (HessRho_EigVal(1) / HessRho_EigVal(2)) - 1               
  V = Virial Field = Potential Energy Density = Trace of Stress Tensor         
  G = Lagrangian Form of Kinetic Energy Density                                
  K = Hamiltonian Form of Kinetic Energy Density                               
  L = K - G = Lagrangian Density = (-1/4)DelSqRho                              
  Vnuc = Electrostatic Potential from Nuclei                                   
  Ven = Electron-nuclear attractive contribution to Virial Field V             
  Vrep = V - Ven = Repulsive contribution to Virial Field V                    
  DelSqV = Laplacian of V                                                      
  DelSqVen = Laplacian of Ven                                                  
  DelSqVrep = Laplacian of Vrep                                                
  DelSqG = Laplacian of G                                                      
  DelSqK = Laplacian of K                                                      
  Stress_EigVals = Eigenvalues of Stress Tensor, Ascending Order               
  Stress_EigVecs = Eigenvectors of Stress Tensor                               
  -DivStress = Ehrenfest Force Density = Minus Divergence of Stress Tensor     
  ESP = Total Electrostatic Potential                                          
  ESPe = Electrostatic Potential from Electrons                                
  ESPn = Electrostatic Potential from Nuclei                                   
  BP = Bond Path                                                               
  BPL = Bond Path Length                                                       
  GBL = Geometric Bond Length                                                  
  GBL_I = Distance Between Nuclear Attractors                                  
  GBL_II = Distance Between Nuclei                                             
  GBL_III = Sum of Distances Between BCP and Nuclear Attractors                
  GBL_IV = Sum of Distances Between BCP and Nuclei                             

CP# 1      Coords =  3.30700531701332E-04  5.48014805416311E-05 -9.21633389089026E-01
           Type = (3,-3) NACP C1
           Rho =  1.2140140426E+02     Rho at Nucleus =  1.2140140310E+02
           GradRho =  5.8802541266E-15  6.5145807921E-16 -6.2057083869E-12
           HessRho_EigVals = -2.4891777221E+05 -2.4891072973E+05 -2.4891072968E+05
           HessRho_EigVec1 =  1.7731582470E-04  4.3460772518E-04  9.9999988984E-01
           HessRho_EigVec2 =  9.9900698835E-01 -4.4553477144E-02 -1.5777648005E-04
           HessRho_EigVec3 =  4.4553403665E-02  9.9900690628E-01 -4.4207619119E-04
           DelSqRho = -7.4673923162E+05
           Bond Ellipticity = NA
           V = -1.8669833474E+05
           G =  6.7634177874E+00
           K =  1.8669157132E+05
           L =  1.8668480791E+05
           Vnuc =  1.9666334380E+06
           Ven = -2.3875206104E+08
           Vrep =  2.3856536271E+08
           DelSqV =  1.1230889078E+10
           DelSqVen =  1.4685623501E+12
           DelSqVrep = -1.4573314610E+12
           DelSqG =  3.8279437661E+08
           DelSqK = -1.1613683455E+10
           Stress_EigVals = -6.2233491901E+04 -6.2233491880E+04 -6.2231350960E+04
           Stress_EigVec1 = -3.6090255183E-03  9.9999339327E-01 -4.3400529078E-04
           Stress_EigVec2 =  9.9999347173E-01  3.6089481657E-03 -1.7888073767E-04
           Stress_EigVec3 =  1.7731325325E-04  4.3464804262E-04  9.9999988982E-01
           -DivStress = -1.9544270280E+00 -5.4422666766E+00 -1.1214335978E+04
           ESP =  -1.4869568239E+01     ESP at Nucleus =  -1.4869568265E+01
           ESPe = -2.2846237534E+01     ESPe at Nucleus = -2.2846236386E+01
           ESPn =  7.9766692950E+00     ESPn at Nucleus =  7.9766681215E+00

CP# 2      Coords =  4.10541747651767E-05 -1.95545282961704E+00 -1.16764459478768E+00
           Type = (3,-3) NACP H2
           Rho =  4.4730113821E-01     Rho at Nucleus =  4.4244953813E-01
           GradRho = -3.4370988456E-18  2.3118258715E-16  4.2071026095E-16
           HessRho_EigVals = -8.9627776025E+00 -8.9494130187E+00 -8.0109510514E+00
           HessRho_EigVec1 =  1.5305431494E-04 -1.4749193116E-01  9.8906324713E-01
           HessRho_EigVec2 =  9.9999997703E-01 -1.2582262002E-04 -1.7350976607E-04
           HessRho_EigVec3 =  1.5003781959E-04  9.8906325097E-01  1.4749190852E-01
           DelSqRho = -2.5923141673E+01
           Bond Ellipticity = NA
           V = -6.5085283674E+00
           G =  1.3871474620E-02
           K =  6.4946568928E+00
           L =  6.4807854182E+00
           Vnuc =  3.8757650337E+01
           Ven = -1.7336341110E+01
           Vrep =  1.0827812743E+01
           DelSqV =  1.6570751310E+03
           DelSqVen =  1.0047200606E+03
           DelSqVrep =  6.5235507043E+02
           DelSqG =  1.2658547445E+02
           DelSqK = -1.7836606055E+03
           Stress_EigVals = -2.2492671300E+00 -2.2469669595E+00 -2.0122942778E+00
           Stress_EigVec1 =  1.5070601518E-04 -1.4682387945E-01  9.8916263866E-01
           Stress_EigVec2 =  9.9999997741E-01 -1.2613752011E-04 -1.7108006834E-04
           Stress_EigVec3 =  1.4988916156E-04  9.8916264209E-01  1.4682385712E-01
           -DivStress = -2.7816110723E-03 -1.8142033874E+01 -2.8916472475E+00
           ESP =  -1.2611230953E+00     ESP at Nucleus =  -1.2629684349E+00
           ESPe = -1.0641967136E+01     ESPe at Nucleus = -1.0567162380E+01
           ESPn =  9.3808440406E+00     ESPn at Nucleus =  9.3041939447E+00

CP# 3      Coords = -1.69302119217758E+00  9.77877402655463E-01 -1.16860903353294E+00
           Type = (3,-3) NACP H3
           Rho =  4.4729827575E-01     Rho at Nucleus =  4.4244681155E-01
           GradRho =  4.1357208691E-13 -2.3895430066E-13  7.4909692496E-14
           HessRho_EigVals = -8.9627246805E+00 -8.9493607594E+00 -8.0109220779E+00
           HessRho_EigVec1 = -1.2790540364E-01  7.4412732473E-02  9.8899087608E-01
           HessRho_EigVec2 =  5.0011618411E-01  8.6595818364E-01 -4.7599251794E-04
           HessRho_EigVec3 =  8.5646016259E-01 -4.9454946105E-01  1.4797574283E-01
           DelSqRho = -2.5923007518E+01
           Bond Ellipticity = NA
           V = -6.5084943201E+00
           G =  1.3871220329E-02
           K =  6.4946230998E+00
           L =  6.4807518794E+00
           Vnuc =  3.8757948024E+01
           Ven = -1.7336363322E+01
           Vrep =  1.0827869002E+01
           DelSqV =  1.6570681050E+03
           DelSqVen =  1.0047225780E+03
           DelSqVrep =  6.5234552703E+02
           DelSqG =  1.2658495823E+02
           DelSqK = -1.7836530632E+03
           Stress_EigVals = -2.2492536640E+00 -2.2469537193E+00 -2.0122869367E+00
           Stress_EigVec1 = -1.2732710738E-01  7.4078470463E-02  9.8909058632E-01
           Stress_EigVec2 =  5.0011628155E-01  8.6595812754E-01 -4.7568351760E-04
           Stress_EigVec3 =  8.5654627000E-01 -4.9459973874E-01  1.4730779268E-01
           -DivStress = -1.5709447977E+01  9.0710747639E+00 -2.9004457626E+00
           ESP =  -1.2611220847E+00     ESP at Nucleus =  -1.2629672383E+00
           ESPe = -1.0641921613E+01     ESPe at Nucleus = -1.0567117847E+01
           ESPn =  9.3807995278E+00     ESPn at Nucleus =  9.3041506092E+00

CP# 4      Coords =  1.69384651653844E+00  9.77444585974175E-01 -1.16921277258498E+00
           Type = (3,-3) NACP H4
           Rho =  4.4729752764E-01     Rho at Nucleus =  4.4244607697E-01
           GradRho = -4.1492024583E-13 -2.3966373291E-13  7.5552095339E-14
           HessRho_EigVals = -8.9627100023E+00 -8.9493459450E+00 -8.0109100373E+00
           HessRho_EigVec1 =  1.2827541882E-01  7.4384441240E-02  9.8894508029E-01
           HessRho_EigVec2 = -4.9989460335E-01  8.6608619319E-01 -3.0249195852E-04
           HessRho_EigVec3 =  8.5653418056E-01  4.9432950637E-01 -1.4828194992E-01
           DelSqRho = -2.5922965985E+01
           Bond Ellipticity = NA
           V = -6.5084838511E+00
           G =  1.3871177477E-02
           K =  6.4946126736E+00
           L =  6.4807414962E+00
           Vnuc =  3.8757973219E+01
           Ven = -1.7336345597E+01
           Vrep =  1.0827861746E+01
           DelSqV =  1.6570655295E+03
           DelSqVen =  1.0047216214E+03
           DelSqVrep =  6.5234390812E+02
           DelSqG =  1.2658476043E+02
           DelSqK = -1.7836502900E+03
           Stress_EigVals = -2.2492499967E+00 -2.2469499495E+00 -2.0122839049E+00
           Stress_EigVec1 =  1.2769583803E-01  7.4052441904E-02  9.8904499837E-01
           Stress_EigVec2 = -4.9989497461E-01  8.6608597817E-01 -3.0461088288E-04
           Stress_EigVec3 =  8.5662056204E-01  4.9437972680E-01 -1.4761401836E-01
           -DivStress =  1.5710705079E+01  9.0670163640E+00 -2.9060652180E+00
           ESP =  -1.2611225876E+00     ESP at Nucleus =  -1.2629677069E+00
           ESPe = -1.0641929270E+01     ESPe at Nucleus = -1.0567125706E+01
           ESPn =  9.3808066827E+00     ESPn at Nucleus =  9.3041579990E+00

CP# 5      Coords =  1.04879998595142E-03  1.81791996588243E-03  3.10806651195371E+00
           Type = (3,-3) NACP Cl5
           Rho =  3.1725908783E+03     Rho at Nucleus =  3.1725908779E+03
           GradRho =  6.7024949100E-12 -1.1395102701E-11 -1.3493945533E-08
           HessRho_EigVals = -1.3891696184E+08 -1.3891673209E+08 -1.3891673209E+08
           HessRho_EigVec1 =  1.7905216423E-04  4.3830458670E-04  9.9999988791E-01
           HessRho_EigVec2 = -3.8455181315E-01  9.2310334756E-01 -3.3574563446E-04
           HessRho_EigVec3 =  9.2310339125E-01  3.8455170993E-01 -3.3383447571E-04
           DelSqRho = -4.1675042602E+08
           Bond Ellipticity = NA
           V = -1.0421605215E+08
           G =  1.4222820287E+04
           K =  1.0420182932E+08
           L =  1.0418760650E+08
           Vnuc =  2.1781943593E+08
           Ven = -6.9105195556E+11
           Vrep =  6.9094773951E+11
           DelSqV =  3.3657017412E+14
           DelSqVen =  9.0776401544E+16
           DelSqVrep = -9.0439865729E+16
           DelSqG =  4.5632279283E+12
           DelSqK = -3.4113340205E+14
           Stress_EigVals = -3.4738703290E+07 -3.4738703290E+07 -3.4738645565E+07
           Stress_EigVec1 =  9.2285215087E-01  3.8515424967E-01 -3.3405615771E-04
           Stress_EigVec2 = -3.8515435292E-01  9.2285210725E-01 -3.3552003091E-04
           Stress_EigVec3 =  1.7905746333E-04  4.3829856544E-04  9.9999988792E-01
           -DivStress =  1.5650691788E+03  3.8008542391E+03  8.6947277485E+06
           ESP =  -6.4636129726E+01     ESP at Nucleus =  -6.4636129727E+01
           ESPe = -6.7884219112E+01     ESPe at Nucleus = -6.7884219063E+01
           ESPn =  3.2480893854E+00     ESPn at Nucleus =  3.2480893361E+00

CP# 6      Coords = -3.51489888147649E-04 -1.74043968585021E-03 -4.90094357400227E+00
           Type = (3,-3) NACP F6
           Rho =  4.3109651180E+02     Rho at Nucleus =  4.3109651134E+02
           GradRho =  1.2392352524E-12  3.4174361755E-12  6.8719368037E-09
           HessRho_EigVals = -2.0428326343E+06 -2.0428207508E+06 -2.0428207508E+06
           HessRho_EigVec1 =  1.6509427918E-04  4.6693200282E-04  9.9999987736E-01
           HessRho_EigVec2 = -3.2856215854E-01  9.4448227002E-01 -3.8676531268E-04
           HessRho_EigVec3 =  9.4448233479E-01  3.2856205439E-01 -3.0934480631E-04
           DelSqRho = -6.1284741359E+06
           Bond Ellipticity = NA
           V = -1.5324274767E+06
           G =  1.5447138499E+02
           K =  1.5322730054E+06
           L =  1.5321185340E+06
           Vnuc =  1.3313656899E+07
           Ven = -5.7394710486E+09
           Vrep =  5.7379386211E+09
           DelSqV =  2.1792593148E+11
           DelSqVen =  8.1592408080E+13
           DelSqVrep = -8.1374482149E+13
           DelSqG =  7.2617523868E+09
           DelSqK = -2.2518768387E+11
           Stress_EigVals = -5.1081013543E+05 -5.1081013542E+05 -5.1080720590E+05
           Stress_EigVec1 =  9.1735052927E-01  3.9808025906E-01 -3.3733283706E-04
           Stress_EigVec2 = -3.9808036779E-01  9.1735047236E-01 -3.6283630382E-04
           Stress_EigVec3 =  1.6501446760E-04  4.6713365520E-04  9.9999987728E-01
           -DivStress = -7.9730005282E+00 -2.2393914859E+01 -4.8186955077E+04
           ESP =  -2.6931088976E+01     ESP at Nucleus =  -2.6931088978E+01
           ESPe = -3.1271622182E+01     ESPe at Nucleus = -3.1271621649E+01
           ESPn =  4.3405332061E+00     ESPn at Nucleus =  4.3405326706E+00

CP# 7      Coords =  1.38021199296846E-04 -1.31335947219543E+00 -1.07482639775947E+00
           Type = (3,-1) BCP C1 H2
           Rho =  3.1643843542E-01
           GradRho = -1.4205239461E-16 -2.2123972533E-13  2.4447532690E-13
           HessRho_EigVals = -9.6584547808E-01 -9.2484905862E-01  5.1093556729E-01
           HessRho_EigVec1 =  1.5681899833E-04 -1.3948365174E-01  9.9022436160E-01
           HessRho_EigVec2 =  9.9999997660E-01 -1.2567477316E-04 -1.7606976531E-04
           HessRho_EigVec3 =  1.4900507585E-04  9.9022436604E-01  1.3948362876E-01
           DelSqRho = -1.3797589694E+00
           Bond Ellipticity =  4.4327686854E-02
           V = -4.3325184068E-01
           G =  4.4156049161E-02
           K =  3.8909579152E-01
           L =  3.4493974236E-01
           Vnuc =  1.2798303326E+01
           Ven = -4.0498750803E+00
           Vrep =  3.6166232396E+00
           DelSqV = -2.5035538447E+00
           DelSqVen =  1.7658573807E+01
           DelSqVrep = -2.0162127651E+01
           DelSqG =  1.8910551448E+00
           DelSqK =  6.1249869988E-01
           Stress_EigVals = -2.7293542384E-01 -2.6709406230E-01  1.0677764546E-01
           Stress_EigVec1 =  9.9999997611E-01 -1.2518304098E-04 -1.7921168049E-04
           Stress_EigVec2 =  1.6041091275E-04 -1.3673933189E-01  9.9060705095E-01
           Stress_EigVec3 =  1.4851248851E-04  9.9060705602E-01  1.3673930854E-01
           -DivStress = -4.4409199202E-06 -1.9171506672E-02 -1.2910958107E-02
           ESP =   7.4791135874E-01
           ESPe = -1.2050391967E+01
           ESPn =  1.2798303326E+01
           BPL =  1.9713793179E+00 =  1.3226088922E+00 +  6.4877042563E-01                
           GBL_I =  1.9709215338E+00                                                      
           GBL_II =  2.0049435037E+00                                                     
           GBL_III =  1.9710854869E+00 =  1.3223181120E+00 +  6.4876737491E-01            
           GBL_IV =  2.0051221997E+00 =  1.3223177571E+00 +  6.8280444259E-01             

CP# 8      Coords = -1.13700851485626E+00  6.56815097879625E-01 -1.07547561763356E+00
           Type = (3,-1) BCP C1 H3
           Rho =  3.1643439503E-01
           GradRho = -1.0420338937E-16  1.0701383329E-16 -3.2675590714E-17
           HessRho_EigVals = -9.6582661214E-01 -9.2483108624E-01  5.1093381188E-01
           HessRho_EigVec1 = -1.2097431526E-01  7.0404871611E-02  9.9015572972E-01
           HessRho_EigVec2 =  5.0011542957E-01  8.6595862202E-01 -4.7122280610E-04
           HessRho_EigVec3 =  8.5746706768E-01 -4.9513515226E-01  1.3996931395E-01
           DelSqRho = -1.3797238865E+00
           Bond Ellipticity =  4.4327582096E-02
           V = -4.3324176408E-01
           G =  4.4155396226E-02
           K =  3.8908636785E-01
           L =  3.4493097162E-01
           Vnuc =  1.2798254755E+01
           Ven = -4.0498080008E+00
           Vrep =  3.6165662368E+00
           DelSqV = -2.5035014422E+00
           DelSqVen =  1.7658057791E+01
           DelSqVrep = -2.0161559233E+01
           DelSqG =  1.8910090666E+00
           DelSqK =  6.1249237569E-01
           Stress_EigVals = -2.7293026350E-01 -2.6708876785E-01  1.0677726728E-01
           Stress_EigVec1 =  5.0011479007E-01  8.6595899532E-01 -4.6386162533E-04
           Stress_EigVec2 = -1.1860179760E-01  6.9026347444E-02  9.9053974022E-01
           Stress_EigVec3 =  8.5779881695E-01 -4.9532855942E-01  1.3722539076E-01
           -DivStress = -1.6591925071E-02  9.5758545949E-03 -1.2917198845E-02
           ESP =   7.4789967482E-01
           ESPe = -1.2050355080E+01
           ESPn =  1.2798254755E+01
           BPL =  1.9713901023E+00 =  1.3226151865E+00 +  6.4877491572E-01                
           GBL_I =  1.9709324293E+00                                                      
           GBL_II =  2.0049540084E+00                                                     
           GBL_III =  1.9710963379E+00 =  1.3223244719E+00 +  6.4877186595E-01            
           GBL_IV =  2.0051326555E+00 =  1.3223241173E+00 +  6.8280853819E-01             

CP# 9      Coords =  2.17201299971835E-05 -7.84236736213381E-04 -2.75095764595654E+00
           Type = (3,-1) BCP C1 F6
           Rho =  4.5086834357E-02
           GradRho =  3.3587933273E-18 -1.5871563177E-18 -3.4407394224E-17
           HessRho_EigVals = -3.6801451708E-02 -3.6799528050E-02  2.3123753180E-01
           HessRho_EigVec1 =  9.8901427250E-01 -1.4782001612E-01 -1.0782839153E-04
           HessRho_EigVec2 =  1.4781995195E-01  9.8901418012E-01 -4.6187204499E-04
           HessRho_EigVec3 =  1.7491774137E-04  4.4085885690E-04  9.9999988752E-01
           DelSqRho =  1.5763655204E-01
           Bond Ellipticity =  5.2274001738E-05
           V = -4.3922958972E-02
           G =  4.1666048491E-02
           K =  2.2569104811E-03
           L = -3.9409138010E-02
           Vnuc =  1.1549332878E+01
           Ven = -5.2072285841E-01
           Vrep =  4.7679989944E-01
           DelSqV = -3.8181107524E-01
           DelSqVen = -1.8205970133E+00
           DelSqVrep =  1.4387859380E+00
           DelSqG =  2.7989622049E-01
           DelSqK =  1.0191485474E-01
           Stress_EigVals = -2.3954023867E-02 -2.3954008044E-02  3.9850729387E-03
           Stress_EigVec1 =  4.3318693181E-01  9.0130397187E-01 -4.8207688574E-04
           Stress_EigVec2 =  9.0130408461E-01 -4.3318696343E-01  4.2204944894E-05
           Stress_EigVec3 =  1.7078993780E-04  4.5278049680E-04  9.9999988291E-01
           -DivStress =  3.3191057904E-06  8.8929743572E-06  1.9521738697E-02
           ESP =  -2.5713325563E-02
           ESPe = -1.1575046204E+01
           ESPn =  1.1549332878E+01
           BPL =  3.9793106512E+00 =  1.8293244782E+00 +  2.1499861731E+00                
           GBL_I =  3.9793106483E+00                                                      
           GBL_II =  3.9793082734E+00                                                     
           GBL_III =  3.9793106485E+00 =  1.8293244754E+00 +  2.1499861731E+00            
           GBL_IV =  3.9793082735E+00 =  1.8293214245E+00 +  2.1499868491E+00             

CP# 10     Coords =  6.25921284825610E-04  7.79513476054985E-04  7.35358158911286E-01
           Type = (3,-1) BCP Cl5 C1
           Rho =  8.2601941096E-02
           GradRho = -6.7444017805E-17 -4.0710856213E-17 -2.0874597902E-17
           HessRho_EigVals = -8.7814653309E-02 -8.7814499010E-02  2.1167282564E-01
           HessRho_EigVec1 = -6.2621674935E-02  9.9803724617E-01 -4.2553829524E-04
           HessRho_EigVec2 =  9.9803732104E-01  6.2621592264E-02 -2.0491198742E-04
           HessRho_EigVec3 =  1.7786191001E-04  4.3753503205E-04  9.9999988846E-01
           DelSqRho =  3.6043673326E-02
           Bond Ellipticity =  1.7571060071E-06
           V = -7.0937737172E-02
           G =  3.9974327752E-02
           K =  3.0963409420E-02
           L = -9.0109183315E-03
           Vnuc =  1.3470730828E+01
           Ven = -1.1127085144E+00
           Vrep =  1.0417707772E+00
           DelSqV = -4.5185512379E-01
           DelSqVen = -4.8553462142E-01
           DelSqVrep =  3.3679497633E-02
           DelSqG =  3.0587578938E-01
           DelSqK =  1.4597933441E-01
           Stress_EigVals = -4.3120367699E-02 -4.3120350141E-02  1.5302980669E-02
           Stress_EigVec1 =  9.5620748185E-01  2.9268953247E-01 -2.9871370846E-04
           Stress_EigVec2 = -2.9268963053E-01  9.5620742831E-01 -3.6637549742E-04
           Stress_EigVec3 =  1.7839799391E-04  4.3776139677E-04  9.9999988827E-01
           -DivStress = -7.7602039084E-06 -1.8978096916E-05 -4.3470177500E-02
           ESP =   1.8698617705E-01
           ESPe = -1.3283744651E+01
           ESPn =  1.3470730828E+01
           BPL =  4.0297003507E+00 =  2.3727086180E+00 +  1.6569917328E+00                
           GBL_I =  4.0297003507E+00                                                      
           GBL_II =  4.0297034797E+00                                                     
           GBL_III =  4.0297003507E+00 =  2.3727086180E+00 +  1.6569917328E+00            
           GBL_IV =  4.0297034797E+00 =  2.3727086960E+00 +  1.6569947837E+00             

CP# 11     Coords =  1.13778494953414E+00  6.56525096439592E-01 -1.07588077696081E+00
           Type = (3,-1) BCP H4 C1
           Rho =  3.1643377961E-01
           GradRho = -1.0081497119E-16 -1.8204241306E-16  3.7116115143E-17
           HessRho_EigVals = -9.6582453800E-01 -9.2482921781E-01  5.1093503287E-01
           HessRho_EigVec1 =  1.2134456073E-01  7.0375886043E-02  9.9011248464E-01
           HessRho_EigVec2 = -4.9989371621E-01  8.6608670777E-01 -2.9515438625E-04
           HessRho_EigVec3 =  8.5754403390E-01  4.9491519403E-01 -1.4027537432E-01
           DelSqRho = -1.3797187229E+00
           Bond Ellipticity =  4.4327449220E-02
           V = -4.3324005321E-01
           G =  4.4155186236E-02
           K =  3.8908486697E-01
           L =  3.4492968074E-01
           Vnuc =  1.2798255565E+01
           Ven = -4.0498003810E+00
           Vrep =  3.6165603278E+00
           DelSqV = -2.5035118425E+00
           DelSqVen =  1.7657992825E+01
           DelSqVrep = -2.0161504667E+01
           DelSqG =  1.8910032501E+00
           DelSqK =  6.1250859245E-01
           Stress_EigVals = -2.7292947415E-01 -2.6708816998E-01  1.0677759091E-01
           Stress_EigVec1 = -4.9989264544E-01  8.6608732932E-01 -2.8464806977E-04
           Stress_EigVec2 =  1.1897340441E-01  6.8995205219E-02  9.9049734513E-01
           Stress_EigVec3 =  8.5787683969E-01  4.9510847261E-01 -1.3753155374E-01
           -DivStress =  1.6592184656E-02  9.5726833223E-03 -1.2923919971E-02
           ESP =   7.4789702889E-01
           ESPe = -1.2050358537E+01
           ESPn =  1.2798255565E+01
           BPL =  1.9713920401E+00 =  6.4877469444E-01 +  1.3226173457E+00                
           GBL_I =  1.9709343371E+00                                                      
           GBL_II =  2.0049558936E+00                                                     
           GBL_III =  1.9710982581E+00 =  6.4877164432E-01 +  1.3223266137E+00            
           GBL_IV =  2.0051345543E+00 =  6.8280829529E-01 +  1.3223262591E+00             

Number of NACPs  =      6
Number of NNACPs =      0
Number of BCPs   =      5
Number of RCPs   =      0
Number of CCPs   =      0
NumNACP + NumNNACP - NumBCP + NumRCP - NumCCP =      1
Poincare-Hopf Relationship is Satisfied

Bond Path Angles and Corresponding Geometric Bond Angles:
--------------------------------------------------------
  BPA     = A-B-C Bond Path Angle
  GBA_I   = A-B-C Geometric Bond Angle in Terms of Nuclear Attractors
  GBA_II  = A-B-C Geometric Bond Angle in Terms of Nuclei
  GBA_III = A-B-C Geometric Bond Angle in Terms of A|B and C|B BCPs and Nuclear Attractor B
  GBA_IV  = A-B-C Geometric Bond Angle in Terms of A|B and C|B BCPs and Nucleus B
-------------------------------------------------------------------------------------------------
Atom A    Atom B    Atom C        BPA          GBA_I         GBA_II       GBA_III       GBA_IV
-------------------------------------------------------------------------------------------------
H3        C1        H2        119.23707377  118.45539440  118.44183789  118.66730735  118.66735920
F6        C1        H2         84.95333440   82.80376604   82.77185581   83.32095811   83.32108941
F6        C1        H3         84.96395096   82.80581802   82.77391301   83.32371052   83.32384182
Cl5       C1        H2         95.04092680   97.19545405   97.22736428   96.67782190   96.67769061
Cl5       C1        H3         95.04075606   97.19490782   97.22681282   96.67735922   96.67722792
Cl5       C1        F6        179.99388149  179.99912898  179.99912898  179.99866951  179.99866952
H4        C1        H2        119.23691695  118.45513100  118.44157208  118.66708281  118.66713466
H4        C1        H3        119.23633942  118.45465591  118.44109892  118.66659370  118.66664554
H4        C1        F6         84.96049821   82.80514205   82.77323564   83.32280218   83.32293348
H4        C1        Cl5        95.04053365   97.19491203   97.22681844   96.67734808   96.67721678

Total time for electron density critical point search, analysis and connectivity = 236 sec (NProc = 8)             
 
Virial-Based Atomic Energy Components:
-------------------------------------
  Ee(A) = E(A) - W(A) = -T(A)
        = Contribution of Atom A to Electronic Energy of Molecule.
          Not additive to give molecular Ee unless molecular electronic virial theorem is satisfied.
  T(A) = Electronic Kinetic Energy of Atom A (Hamiltonian Form)
  Ven(A) = Ven(A,Mol) = VenT(A)
         = Attraction Energy Between Electron Density Distribution of Atom A and Nuclei of Molecule
  VenO(A) = Ven(A,A)
          = Attraction Energy Between Electron Density Distribution of Atom A and Nucleus of Atom A
  Vee(A) = Vee(A,A) + Vee(A,A')/2
         = Two-Electron Interaction Energy of Atom A with Itself Plus Half of Two-Electron Interaction Energy
           Between Atom A and Other Atoms of Molecule
  Vnn(A) - W(A) = Contribution of Atom A to the Nuclear Repulsion Energy of Molecule Minus
                  the Nuclear Virial of Energy-Gradient-Based Forces on Nuclei of Molecule.
                  Calculation of Vnn(A) - W(A) assumes satisfaction of the atomic virial theorem:
                       2T(A) + Ven(A) + Vee(A) + Vnn(A) - W(A) = 0
See "2EDM Note" and "DFT Note".
--------------------------------------------------------------------------------------------------------------------
Atom A         Ee(A)              T(A)             Ven(A)           VenO(A)            Vee(A)        Vnn(A) - W(A)
--------------------------------------------------------------------------------------------------------------------
C1       -3.7794369452E+01  3.7794369452E+01 -1.3447161114E+02 -8.8884369699E+01
H2       -6.1434147577E-01  6.1434147577E-01 -9.2853748876E+00 -1.2212585864E+00
H3       -6.1433259890E-01  6.1433259890E-01 -9.2853348899E+00 -1.2212534136E+00
H4       -6.1433999181E-01  6.1433999181E-01 -9.2853992009E+00 -1.2212589707E+00
Cl5      -4.5981276646E+02  4.5981276646E+02 -1.1562990739E+03 -1.0992944238E+03
F6       -9.9740606054E+01  9.9740606054E+01 -2.8562917745E+02 -2.4297572139E+02
--------------------------------------------------------------------------------------------------------------------
Total    -5.9919075603E+02  5.9919075603E+02 -1.6042559715E+03 -1.4348182859E+03
 
More Virial-Based Atomic Energy Components:
------------------------------------------
  E(A) = Ee(A) + W(A)
       = T(A) + Ven(A) + Vee(A) + Vnn(A) = Contribution of Atom A to Total Energy E of Molecule
         Not additive to give molecular E unless molecular virial theorem is satisfied.
  Ee(A) = E(A) - W(A) = Contribution of Atom A to Electronic Energy of Molecule
          Not additive to give molecular Ee unless molecular virial theorem is satisfied.
  W(A) = Contribution of Atom A to Nuclear Virial of Energy-Gradient-Based Forces on Nuclei of Molecule
  Vnn(A) = Contribution of Atom A to Nuclear Repulsion Energy of Molecule
           Calculation of Vnn(A) assumes satisfaction of the atomic virial theorem:
                2T(A) + Ven(A) + Vee(A) + Vnn(A) - W(A) = 0
  VeeC(A) = Coulomb Part of Vee(A)
  VeeX(A) = Exchange-Correlation Part of Vee(A)
See "2EDM Note" and "DFT Note".
--------------------------------------------------------------------------------------------------------------------
Atom A          E(A)             Ee(A)              W(A)             Vnn(A)           VeeC(A)           VeeX(A)
--------------------------------------------------------------------------------------------------------------------
C1                         -3.7794369452E+01
H2                         -6.1434147577E-01
H3                         -6.1433259890E-01
H4                         -6.1433999181E-01
Cl5                        -4.5981276646E+02
F6                         -9.9740606054E+01
--------------------------------------------------------------------------------------------------------------------
Total                      -5.9919075603E+02
 
IQA Atomic Energy Components:
----------------------------
  E_IQA(A) = Contribution of Atom A to Total Energy E of Molecule, Using IQA Additive Atomic Energy Definition
           = T(A) + Vne(A,Mol)/2 + Ven(A,Mol)/2 + Vee(A) + Vnn(A,Mol)/2
  T(A) = Electronic Kinetic Energy of Atom A (Hamiltonian Form)
  Vne(A,Mol)/2 = Half of Attraction Energy Between Nucleus of Atom A and Electron Density Distribution of Molecule
  Ven(A,Mol)/2 = Half of Attraction Energy Between Electron Density Distribution of Atom A and Nuclei of Molecule
  Vee(A) = Vee(A,A) + Vee(A,A')/2
         = Two-Electron Interaction Energy of Atom A with Itself Plus Half of Two-Electron Interaction Energy
           Between Atom A and Other Atoms of Molecule
  Vnn(A,Mol)/2 = Vnn(A,A')/2 = Half of Repulsion Energy Between Nucleus of Atom A and Other Nuclei of Molecule
  VeeC(A) = Coulomb Part of Vee(A)
  VeeX(A) = Exchange-Correlation Part of Vee(A)
See "2EDM Note" and "DFT Note".
--------------------------------------------------------------------------------------------------------------------------------------------------------
Atom A        E_IQA(A)            T(A)          Vne(A,Mol)/2      Ven(A,Mol)/2         Vee(A)         Vnn(A,Mol)/2        VeeC(A)           VeeX(A)
--------------------------------------------------------------------------------------------------------------------------------------------------------
C1                          3.7794369452E+01 -6.8538709159E+01 -6.7235805570E+01                    2.3930004364E+01
H2                          6.1434147577E-01 -5.2835811894E+00 -4.6426874438E+00                    4.6520969724E+00
H3                          6.1433259890E-01 -5.2835589232E+00 -4.6426674450E+00                    4.6520753046E+00
H4                          6.1433999181E-01 -5.2835628539E+00 -4.6426996004E+00                    4.6520789995E+00
Cl5                         4.5981276646E+02 -5.7701586204E+02 -5.7814953694E+02                    2.7608759356E+01
F6                          9.9740606054E+01 -1.4072229742E+02 -1.4281458872E+02                    1.9532397018E+01
--------------------------------------------------------------------------------------------------------------------------------------------------------
Total                       5.9919075603E+02 -8.0212757159E+02 -8.0212798572E+02                    8.5027412015E+01
 
More IQA Atomic Energy Components:
---------------------------------
  Vneen(A) = Vne(A,Mol)/2 + Ven(A,Mol)/2
  V_IQA(A) = Vne(A,Mol)/2 + Ven(A,Mol)/2 + Vee(A,A) + Vee(A,A')/2 + Vnn(A,A')/2
           = VC_IQA(A) + VX_IQA(A) = Potential Energy Contribution to E_IQA(A)
           = E_IQA(A) - T(A)
  VC_IQA(A) = Vne(A,Mol)/2 + Ven(A,Mol)/2 + VeeC(A,A) + VeeC(A,A')/2 + Vnn(A,A')/2
            = Coulomb Potential Energy Contribution to E_IQA(A)
            = E_IQA(A) - T(A) - VeeX(A)
  VX_IQA(A) = VeeX(A,A) + VeeX(A,A')/2
            = Exchange-Correlation Energy Contribution to E_IQA(A)
            = E_IQA(A) - T(A) - VC_IQA(A)
See "2EDM Note" and "DFT Note".
--------------------------------------------------------------------------------
Atom A        Vneen(A)          V_IQA(A)         VC_IQA(A)         VX_IQA(A)
--------------------------------------------------------------------------------
C1       -1.3577451473E+02
H2       -9.9262686332E+00
H3       -9.9262263682E+00
H4       -9.9262624543E+00
Cl5      -1.1551653990E+03
F6       -2.8353688614E+02
--------------------------------------------------------------------------------
Total    -1.6042555573E+03
 
IQA Intraatomic ("Self") Energy Components:
------------------------------------------
  E_IQA_Intra(A) = T(A) + Vne(A,A) + Vee(A,A)
                 = Intraatomic ("Self") Contribution to E_IQA(A)
  T(A) = Electronic Kinetic Energy of Atom A (Hamiltonian Form)
  Vne(A,A) = Attraction Energy Between Electron Density Distribution of Atom A and Nucleus of Atom A
  Vee(A,A) = Two-electron Interaction Energy of Atom A With Itself
  VeeC(A,A) = Coulomb Part of Vee(A,A)
