AIMSum (Version 17.11.14, Professional)
Copyright (c) 1997-2017 by Todd A. Keith
AIMSum is a component of the AIMAll package ( http://aim.tkgristmill.com )

TP:  64-bit Linux

Much of the Quantum Theory of Atoms in Molecules (QTAIM) is described in the book:
  "Atoms in Molecules - A Quantum Theory"
  R.F.W. Bader, Oxford University Press, Oxford, 1990

For additional references see:  http://aim.tkgristmill.com/references.html

Wfn File:  /home/bruns/metodo_ts/QCISD/clch3f_ts/RUN/GAUSSIAN.wfn
Sum File:  /home/bruns/metodo_ts/QCISD/clch3f_ts/RUN/GAUSSIAN.sum

SumViz File:  /home/bruns/metodo_ts/QCISD/clch3f_ts/RUN/GAUSSIAN.sumviz

Wfn Title:   clch3f_ts-wavefunction                                                        
 
Total memory allocated for AIMSum =        1.289 Megabytes

Atomic units (a.u.) used throughout, except where stated otherwise

Model:  Unknown
 
Restricted, natural orbital wavefunction.
  Number of electrons (from MO Occs)                   =          35.9999994000
  Number of Alpha electrons (from MO Occs)             =          17.9999997000
  Number of Beta electrons (from MO Occs)              =          17.9999997000
  Number of electron pairs (N*(N-1)/2)                 =         629.9999787000
  Number of electron pairs (from Muller 2EDM)          =         629.9999787000
  Number of electron pairs (from Muller 2EDM, no SOSI) =         630.4350267182
 
Nuclear Charges and Cartesian Coordinates:
-------------------------------------------------------------------------------
Atom      Charge                X                  Y                  Z
-------------------------------------------------------------------------------
C1         6.0           3.3070000000E-04   5.4800000000E-05  -9.4053370000E-01
H2         1.0           3.5900000000E-05  -1.9890690400E+00  -1.1730021400E+00
H3         1.0          -1.7221301000E+00   9.9468570000E-01  -1.1739829100E+00
H4         1.0           1.7229578000E+00   9.9424539000E-01  -1.1745970700E+00
Cl5       17.0           1.0488000000E-03   1.8179200000E-03   3.1269638500E+00
F6         9.0          -3.5149000000E-04  -1.7404400000E-03  -4.9009442500E+00
 
Some Atomic Properties:
----------------------
  q(A) = Net Charge of Atom A
  L(A) = Lagrangian of Atom A = -(1/4) Times Atomic Integral of the Laplacian of the Electron Density
  K(A) = Electronic Kinetic Energy of Atom A (Hamiltonian Form)
  K_Scaled(A) = K(A) * E(Mol)/K(Mol) = Approximation to Virial-Based Total Energy of Atom A.
  |Mu_Intra(A)| = Magnitude of Intraatomic Dipole Moment of Atom A
--------------------------------------------------------------------------------------------------
Atom A          q(A)              L(A)              K(A)          K_Scaled(A)      |Mu_Intra(A)|
--------------------------------------------------------------------------------------------------
C1        2.2474818670E-01  8.7859858005E-05  3.7794827532E+01 -3.7803000664E+01  2.7172946230E-02
H2        9.2540193790E-02  3.0676407169E-05  6.1462234667E-01 -6.1475525875E-01  1.4485342405E-01
H3        9.2534793870E-02  2.0920398983E-05  6.1461697664E-01 -6.1474988756E-01  1.4486950133E-01
H4        9.2532142520E-02  2.9566483313E-05  6.1462634944E-01 -6.1475926239E-01  1.4484720283E-01
Cl5      -6.4505114100E-01  8.1187211939E-06  4.5981169524E+02 -4.5991112952E+02  1.6297964334E-01
F6       -8.5711236380E-01  1.1062829313E-05  9.9739090117E+01 -9.9760658696E+01  1.0283397440E-01
--------------------------------------------------------------------------------------------------
Total    -9.9980818792E-01  1.8820469798E-04  5.9918947856E+02 -5.9931905329E+02
 
1st Largest |L(A)| = 8.7859858005E-05, atom C1      
2nd Largest |L(A)| = 3.0676407169E-05, atom H2      
 
Molecular charge q(Mol) from the wfn file:  -9.9999940000E-01
Molecular energy E(Mol) from the wfn file:  -5.9931903026E+02
Molecular virial ratio (-V(Mol)/T(Mol)) from the wfn file:   2.0002162500E+00
Note.  K_Scaled(A) = (1+V(Mol)/T(Mol))*K(A) = (E(Mol)/T(Mol))*K(A)
       Only use K_Scaled(A) data with caution.
 
N_AIMInt(SumA)     =         35.999808
N_Analytic(Mol)    =         35.999999
 
G_AIMInt(SumA)     =        599.189290
G_Analytic(Mol)    =        599.189454
 
K_AIMInt(SumA)     =        599.189479
K_Analytic(Mol)    =        599.189454
 
L_AIMInt(SumA)     =          0.000188
L_Analytic(Mol)    =          0.000000
 
VenT_AIMInt(SumA)  =      -1603.768248
VenT_Analytic(Mol) =      -1603.770049
 
Some Information About the Atomic Calculations:
----------------------------------------------
  Time(sec) = "Elapsed User Time", in Seconds, for Atom A by AIMInt and, if used, by TWOe
  NProc = Number of Processors Used for AIMInt Job
  BIM = Basin Integration Method
  OAQ = Angular Quadrature Outside of Beta Sphere
  ORQ = Multiple of Default for Radial Quadrature Outside of Beta Sphere
  IAQ = Multiple of Default for Angular Quadrature Inside of Beta Sphere
  IRQ = Multiple of Default for Radial Quadrature Inside of Beta Sphere
  MIR = Maximum Integration Radius
------------------------------------------------------------------------------------------------------
Atom A     Time(sec)   NProc      BIM          OAQ                     ORQ      IAQ      IRQ      MIR
------------------------------------------------------------------------------------------------------
C1             84        8     Proaim(5)    4500(GS4)                  1.00     1.00     1.00    13.00
H2             17        8     Proaim(5)    1800(GS4)                  1.00     1.00     1.00    13.00
H3             15        8     Proaim(5)    1800(GS4)                  1.00     1.00     1.00    13.00
H4             17        8     Proaim(5)    1800(GS4)                  1.00     1.00     1.00    13.00
Cl5            32        8     Proaim(5)    3150(GS4)                  1.00     1.00     1.00    13.00
F6             33        8     Proaim(5)    2700(GS4)                  1.00     1.00     1.00    13.00
------------------------------------------------------------------------------------------------------
Total         198
Note:  Total wall clock time is less than total of atomic times if more than one atom
       was calculated at a time
 
Electron Density Critical Point Analysis of Molecular Structure:               
---------------------------------------------------------------                
  NACP = Nuclear Attractor Critical Point                                      
  NNACP = Non-Nuclear Attractor Critical Point                                 
  BCP = Bond Critical Point                                                    
  RCP = Ring Critical Point                                                    
  CCP = Cage Critical Point                                                    
  Rho = Electron Density                                                       
  GradRho = Gradient of Electron Density                                       
  HessRho_EigVals = Eigenvalues of the Hessian of Rho, Ascending Order         
  HessRho_EigVecs = Eigenvectors of the Hessian of Rho                         
  DelSqRho = Laplacian of Rho = Trace of Hessian of Rho                        
  Bond Ellipticity = (HessRho_EigVal(1) / HessRho_EigVal(2)) - 1               
  V = Virial Field = Potential Energy Density = Trace of Stress Tensor         
  G = Lagrangian Form of Kinetic Energy Density                                
  K = Hamiltonian Form of Kinetic Energy Density                               
  L = K - G = Lagrangian Density = (-1/4)DelSqRho                              
  Vnuc = Electrostatic Potential from Nuclei                                   
  Ven = Electron-nuclear attractive contribution to Virial Field V             
  Vrep = V - Ven = Repulsive contribution to Virial Field V                    
  DelSqV = Laplacian of V                                                      
  DelSqVen = Laplacian of Ven                                                  
  DelSqVrep = Laplacian of Vrep                                                
  DelSqG = Laplacian of G                                                      
  DelSqK = Laplacian of K                                                      
  Stress_EigVals = Eigenvalues of Stress Tensor, Ascending Order               
  Stress_EigVecs = Eigenvectors of Stress Tensor                               
  -DivStress = Ehrenfest Force Density = Minus Divergence of Stress Tensor     
  ESP = Total Electrostatic Potential                                          
  ESPe = Electrostatic Potential from Electrons                                
  ESPn = Electrostatic Potential from Nuclei                                   
  BP = Bond Path                                                               
  BPL = Bond Path Length                                                       
  GBL = Geometric Bond Length                                                  
  GBL_I = Distance Between Nuclear Attractors                                  
  GBL_II = Distance Between Nuclei                                             
  GBL_III = Sum of Distances Between BCP and Nuclear Attractors                
  GBL_IV = Sum of Distances Between BCP and Nuclei                             

CP# 1      Coords =  3.30700455438430E-04  5.48012935676353E-05 -9.40530880696805E-01
           Type = (3,-3) NACP C1
           Rho =  1.2141164874E+02     Rho at Nucleus =  1.2141164775E+02
           GradRho =  4.4766445048E-15 -4.5427133589E-16  1.1589398119E-11
           HessRho_EigVals = -2.4893908430E+05 -2.4893193617E+05 -2.4893193615E+05
           HessRho_EigVec1 =  1.7736111270E-04  4.3498016249E-04  9.9999988967E-01
           HessRho_EigVec2 =  9.3310695991E-01 -3.5959894505E-01 -9.0784821283E-06
           HessRho_EigVec3 =  3.5959890143E-01  9.3310685857E-01 -4.6966188607E-04
           DelSqRho = -7.4680295662E+05
           Bond Ellipticity = NA
           V = -1.8671425279E+05
           G =  6.7568164822E+00
           K =  1.8670749597E+05
           L =  1.8670073916E+05
           Vnuc =  2.1281931348E+06
           Ven = -2.5838743732E+08
           Vrep =  2.5820072307E+08
           DelSqV =  1.1231843003E+10
           DelSqVen =  1.5893409300E+12
           DelSqVrep = -1.5781090789E+12
           DelSqG =  3.8282738442E+08
           DelSqK = -1.1614670387E+10
           Stress_EigVals = -6.2238807684E+04 -6.2238807675E+04 -6.2236637430E+04
           Stress_EigVec1 =  3.7306330736E-01  9.2780577063E-01 -4.6976600133E-04
           Stress_EigVec2 =  9.2780587261E-01 -3.7306334952E-01 -2.2857752364E-06
           Stress_EigVec3 =  1.7737323340E-04  4.3499891592E-04  9.9999988966E-01
           -DivStress = -1.6741043099E+00 -4.7550660260E+00 -1.0363624931E+04
           ESP =  -1.4868352224E+01     ESP at Nucleus =  -1.4868352247E+01
           ESPe = -2.2818324600E+01     ESPe at Nucleus = -2.2818323589E+01
           ESPn =  7.9499723760E+00     ESPn at Nucleus =  7.9499713426E+00

CP# 2      Coords =  4.10828160298352E-05 -1.95530241142551E+00 -1.16800041957449E+00
           Type = (3,-3) NACP H2
           Rho =  4.4797578615E-01     Rho at Nucleus =  4.4309189143E-01
           GradRho = -1.0483333615E-17 -5.8722068140E-17  9.4962512002E-16
           HessRho_EigVals = -8.9749740282E+00 -8.9617135897E+00 -8.0175552826E+00
           HessRho_EigVec1 =  1.5385601232E-04 -1.3725416557E-01  9.9053585011E-01
           HessRho_EigVec2 =  9.9999997685E-01 -1.2789839822E-04 -1.7304835223E-04
           HessRho_EigVec3 =  1.5043955580E-04  9.9053585381E-01  1.3725414272E-01
           DelSqRho = -2.5954242901E+01
           Bond Ellipticity = NA
           V = -6.5163591468E+00
           G =  1.3899210849E-02
           K =  6.5024599360E+00
           L =  6.4885607251E+00
           Vnuc =  3.8666764106E+01
           Ven = -1.7321774048E+01
           Vrep =  1.0805414902E+01
           DelSqV =  1.6586858037E+03
           DelSqVen =  1.0035665878E+03
           DelSqVrep =  6.5511921594E+02
           DelSqG =  1.2670212042E+02
           DelSqK = -1.7853879242E+03
           Stress_EigVals = -2.2523314458E+00 -2.2500738404E+00 -2.0139538607E+00
           Stress_EigVec1 =  1.5283191644E-04 -1.3667047114E-01  9.9061655496E-01
           Stress_EigVec2 =  9.9999997702E-01 -1.2805310804E-04 -1.7194644151E-04
           Stress_EigVec3 =  1.5035152991E-04  9.9061655847E-01  1.3667044843E-01
           -DivStress = -2.8004316773E-03 -1.8244683958E+01 -2.7028193669E+00
           ESP =  -1.2598125440E+00     ESP at Nucleus =  -1.2616989609E+00
           ESPe = -1.0631185071E+01     ESPe at Nucleus = -1.0556276547E+01
           ESPn =  9.3713725265E+00     ESPn at Nucleus =  9.2945775860E+00

CP# 3      Coords = -1.69289055910380E+00  9.77801991556857E-01 -1.16896472438719E+00
           Type = (3,-3) NACP H3
           Rho =  4.4797591533E-01     Rho at Nucleus =  4.4309205830E-01
           GradRho =  4.6243823513E-13 -2.6736166336E-13  7.8247386632E-14
           HessRho_EigVals = -8.9749773254E+00 -8.9617174977E+00 -8.0175646680E+00
           HessRho_EigVec1 = -1.1904182149E-01  6.9292078287E-02  9.9046840062E-01
           HessRho_EigVec2 =  5.0011121660E-01  8.6596105327E-01 -4.7461476406E-04
           HessRho_EigVec3 =  8.5773994647E-01 -4.9528785783E-01  1.3773932669E-01
           DelSqRho = -2.5954259491E+01
           Bond Ellipticity = NA
           V = -6.5163632130E+00
           G =  1.3899170121E-02
           K =  6.5024640429E+00
           L =  6.4885648728E+00
           Vnuc =  3.8666855722E+01
           Ven = -1.7321820085E+01
           Vrep =  1.0805456872E+01
           DelSqV =  1.6586874138E+03
           DelSqVen =  1.0035696071E+03
           DelSqVrep =  6.5511780670E+02
           DelSqG =  1.2670223951E+02
           DelSqK = -1.7853896533E+03
           Stress_EigVals = -2.2523321600E+00 -2.2500748402E+00 -2.0139562128E+00
           Stress_EigVec1 = -1.1853458859E-01  6.9003436066E-02  9.9054938146E-01
           Stress_EigVec2 =  5.0011164738E-01  8.6596080247E-01 -4.7826237034E-04
           Stress_EigVec3 =  8.5780993901E-01 -4.9532859234E-01  1.3715572955E-01
           -DivStress = -1.5798631731E+01  9.1225607162E+00 -2.7117171640E+00
           ESP =  -1.2598113522E+00     ESP at Nucleus =  -1.2616977506E+00
           ESPe = -1.0631151169E+01     ESPe at Nucleus = -1.0556242742E+01
           ESPn =  9.3713398164E+00     ESPn at Nucleus =  9.2945449916E+00

CP# 4      Coords =  1.69371564516240E+00  9.77369070791219E-01 -1.16956838128627E+00
           Type = (3,-3) NACP H4
           Rho =  4.4797709804E-01     Rho at Nucleus =  4.4309319337E-01
           GradRho = -4.6265226459E-13 -2.6720849470E-13  7.7994195614E-14
           HessRho_EigVals = -8.9749997194E+00 -8.9617396751E+00 -8.0175785193E+00
           HessRho_EigVec1 =  1.1941104623E-01  6.9266894704E-02  9.9042571621E-01
           HessRho_EigVec2 = -4.9989142933E-01  8.6608802552E-01 -3.0155668014E-04
           HessRho_EigVec3 =  8.5781674087E-01  4.9506931773E-01 -1.3804640425E-01
           DelSqRho = -2.5954317914E+01
           Bond Ellipticity = NA
           V = -6.5163780290E+00
           G =  1.3899275257E-02
           K =  6.5024787537E+00
           L =  6.4885794785E+00
           Vnuc =  3.8666758091E+01
           Ven = -1.7321822081E+01
           Vrep =  1.0805444052E+01
           DelSqV =  1.6586906386E+03
           DelSqVen =  1.0035693322E+03
           DelSqVrep =  6.5512130636E+02
           DelSqG =  1.2670248285E+02
           DelSqK = -1.7853931214E+03
           Stress_EigVals = -2.2523378416E+00 -2.2500804648E+00 -2.0139597225E+00
           Stress_EigVec1 =  1.1890321236E-01  6.8979334056E-02  9.9050687911E-01
           Stress_EigVec2 = -4.9989199528E-01  8.6608769720E-01 -3.0629622300E-04
           Stress_EigVec3 =  8.5788695010E-01  4.9511004053E-01 -1.3746282632E-01
           -DivStress =  1.5800078868E+01  9.1185883396E+00 -2.7173983370E+00
           ESP =  -1.2598117638E+00     ESP at Nucleus =  -1.2616982335E+00
           ESPe = -1.0631166212E+01     ESPe at Nucleus = -1.0556257430E+01
           ESPn =  9.3713544485E+00     ESPn at Nucleus =  9.2945591968E+00

CP# 5      Coords =  1.04879998677064E-03  1.81791996789945E-03  3.12696377511699E+00
           Type = (3,-3) NACP Cl5
           Rho =  3.1725880129E+03     Rho at Nucleus =  3.1725880125E+03
           GradRho =  2.8916213169E-12  3.6210159574E-14 -1.2380496611E-09
           HessRho_EigVals = -1.3891680853E+08 -1.3891658678E+08 -1.3891658678E+08
           HessRho_EigVec1 =  1.7631506307E-04  4.3145238077E-04  9.9999989138E-01
           HessRho_EigVec2 = -1.9480156295E-01  9.8084259689E-01 -3.8884046597E-04
           HessRho_EigVec3 =  9.8084265812E-01  1.9480147323E-01 -2.5698492245E-04
           DelSqRho = -4.1674998209E+08
           Bond Ellipticity = NA
           V = -1.0421594141E+08
           G =  1.4222945778E+04
           K =  1.0420171847E+08
           L =  1.0418749552E+08
           Vnuc =  2.2702077030E+08
           Ven = -7.2024337454E+11
           Vrep =  7.2013915860E+11
           DelSqV =  3.3656981709E+14
           DelSqVen =  9.4610810907E+16
           DelSqVrep = -9.4274275449E+16
           DelSqG =  4.5632223413E+12
           DelSqK = -3.4113303943E+14
           Stress_EigVals = -3.4738665706E+07 -3.4738665706E+07 -3.4738610002E+07
           Stress_EigVec1 =  9.8080010349E-01  1.9501561707E-01 -2.5706861540E-04
           Stress_EigVec2 = -1.9501570680E-01  9.8080004229E-01 -3.8876953418E-04
           Stress_EigVec3 =  1.7631677826E-04  4.3143761708E-04  9.9999989139E-01
           -DivStress =  1.4738264402E+03  3.5762047666E+03  8.3423942037E+06
           ESP =  -6.4639013106E+01     ESP at Nucleus =  -6.4639013107E+01
           ESPe = -6.7868323172E+01     ESPe at Nucleus = -6.7868323126E+01
           ESPn =  3.2293100658E+00     ESPn at Nucleus =  3.2293100191E+00

CP# 6      Coords = -3.51489877405843E-04 -1.74043965700662E-03 -4.90094352194415E+00
           Type = (3,-3) NACP F6
           Rho =  4.3110067566E+02     Rho at Nucleus =  4.3110067512E+02
           GradRho =  1.5176781862E-12  4.2085725570E-12  8.6389482218E-09
           HessRho_EigVals = -2.0428499490E+06 -2.0428369981E+06 -2.0428369981E+06
           HessRho_EigVec1 =  1.6764349563E-04  4.7178025678E-04  9.9999987466E-01
           HessRho_EigVec2 =  9.9546266279E-01 -9.5152888051E-02 -1.2199160189E-04
           HessRho_EigVec3 =  9.5152818571E-02  9.9546255847E-01 -4.8559139344E-04
           DelSqRho = -6.1285239452E+06
           Bond Ellipticity = NA
           V = -1.5324398867E+06
           G =  1.5445018206E+02
           K =  1.5322854365E+06
           L =  1.5321309863E+06
           Vnuc =  1.2361691756E+07
           Ven = -5.3291336685E+09
           Vrep =  5.3276012286E+09
           DelSqV =  2.1792767163E+11
           DelSqVen =  7.5758932328E+13
           DelSqVrep = -7.5541008851E+13
           DelSqG =  7.2617997936E+09
           DelSqK = -2.2518947142E+11
           Stress_EigVals = -5.1081436096E+05 -5.1081436095E+05 -5.1081116476E+05
           Stress_EigVec1 =  9.9092347358E-02  9.9507812267E-01 -4.8628309650E-04
           Stress_EigVec2 =  9.9507822738E-01 -9.9092416423E-02 -1.1998898951E-04
           Stress_EigVec3 =  1.6758538552E-04  4.7199973104E-04  9.9999987457E-01
           -DivStress = -8.7393565134E+00 -2.4451577959E+01 -5.1901295619E+04
           ESP =  -2.6927251280E+01     ESP at Nucleus =  -2.6927251283E+01
           ESPe = -3.1269982550E+01     ESPe at Nucleus = -3.1269981975E+01
           ESPn =  4.3427312701E+00     ESPn at Nucleus =  4.3427306916E+00

CP# 7      Coords =  1.38104989265141E-04 -1.31349269044505E+00 -1.08181541771485E+00
           Type = (3,-1) BCP C1 H2
           Rho =  3.1741243615E-01
           GradRho = -2.6784536439E-17 -5.8811288802E-14  4.8368137981E-14
           HessRho_EigVals = -9.7088235694E-01 -9.2946119223E-01  5.1171304223E-01
           HessRho_EigVec1 =  1.5744948464E-04 -1.2972023636E-01  9.9155062175E-01
           HessRho_EigVec2 =  9.9999997646E-01 -1.2763754733E-04 -1.7548943032E-04
           HessRho_EigVec3 =  1.4932361979E-04  9.9155062603E-01  1.2972021320E-01
           DelSqRho = -1.3886305069E+00
           Bond Ellipticity =  4.4564705937E-02
           V = -4.3546706978E-01
           G =  4.4154721522E-02
           K =  3.9131234826E-01
           L =  3.4715762673E-01
           Vnuc =  1.2786667752E+01
           Ven = -4.0586473613E+00
           Vrep =  3.6231802915E+00
           DelSqV = -2.5183806634E+00
           DelSqVen =  1.7755956922E+01
           DelSqVrep = -2.0274337585E+01
           DelSqG =  1.9013315072E+00
           DelSqK =  6.1704915623E-01
           Stress_EigVals = -2.7422369535E-01 -2.6821946943E-01  1.0697609500E-01
           Stress_EigVec1 =  9.9999997592E-01 -1.2723415735E-04 -1.7879829088E-04
           Stress_EigVec2 =  1.6116617355E-04 -1.2717050812E-01  9.9188085771E-01
           Stress_EigVec3 =  1.4893899462E-04  9.9188086264E-01  1.2717048455E-01
           -DivStress = -4.9806193055E-06 -2.1889694287E-02 -1.2741505252E-02
           ESP =   7.5216133478E-01
           ESPe = -1.2034506417E+01
           ESPn =  1.2786667752E+01
           BPL =  1.9689620130E+00 =  1.3213888029E+00 +  6.4757321011E-01                
           GBL_I =  1.9685437014E+00                                                      
           GBL_II =  2.0026620567E+00                                                     
           GBL_III =  1.9686944270E+00 =  1.3211239043E+00 +  6.4757052273E-01            
           GBL_IV =  2.0028262001E+00 =  1.3211236015E+00 +  6.8170259853E-01             

CP# 8      Coords = -1.13712232678666E+00  6.56881135103693E-01 -1.08246450514785E+00
           Type = (3,-1) BCP C1 H3
           Rho =  3.1741176796E-01
           GradRho = -1.6562722852E-15  9.2578559551E-16  6.8738944679E-17
           HessRho_EigVals = -9.7087765580E-01 -9.2945651778E-01  5.1170991325E-01
           HessRho_EigVec1 = -1.1252196360E-01  6.5520816468E-02  9.9148667682E-01
           HessRho_EigVec2 =  5.0011082202E-01  8.6596128419E-01 -4.6903167671E-04
           HessRho_EigVec3 =  8.5861980725E-01 -4.9580044060E-01  1.3020733348E-01
           DelSqRho = -1.3886242603E+00
           Bond Ellipticity =  4.4564901341E-02
           V = -4.3546571723E-01
           G =  4.4154826071E-02
           K =  3.9131089115E-01
           L =  3.4715606508E-01
           Vnuc =  1.2786644871E+01
           Ven = -4.0586315547E+00
           Vrep =  3.6231658374E+00
           DelSqV = -2.5183369703E+00
           DelSqVen =  1.7755845276E+01
           DelSqVrep = -2.0274182246E+01
           DelSqG =  1.9013220777E+00
           DelSqK =  6.1701489269E-01
           Stress_EigVals = -2.7422284846E-01 -2.6821820334E-01  1.0697533457E-01
           Stress_EigVec1 =  5.0011003397E-01  8.6596174330E-01 -4.6159827570E-04
           Stress_EigVec2 = -1.1031794613E-01  6.4239481439E-02  9.9181814855E-01
           Stress_EigVec3 =  8.5890622578E-01 -4.9596728538E-01  1.2765793020E-01
           -DivStress = -1.8945453634E-02  1.0934476478E-02 -1.2749400342E-02
           ESP =   7.5216079880E-01
           ESPe = -1.2034484072E+01
           ESPn =  1.2786644871E+01
           BPL =  1.9689633129E+00 =  1.3213876097E+00 +  6.4757570321E-01                
           GBL_I =  1.9685451031E+00                                                      
           GBL_II =  2.0026633188E+00                                                     
           GBL_III =  1.9686957877E+00 =  1.3211227709E+00 +  6.4757301680E-01            
           GBL_IV =  2.0028274170E+00 =  1.3211224682E+00 +  6.8170494879E-01             

CP# 9      Coords =  2.19284627849334E-05 -7.82535830220971E-04 -2.75670065644478E+00
           Type = (3,-1) BCP C1 F6
           Rho =  4.6163771363E-02
           GradRho =  2.0987737835E-18 -1.3533989989E-18  6.9050465546E-18
           HessRho_EigVals = -3.8371705400E-02 -3.8369751826E-02  2.3416364297E-01
           HessRho_EigVec1 =  9.8993200749E-01 -1.4154366192E-01 -1.1099718351E-04
           HessRho_EigVec2 =  1.4154359679E-01  9.8993191487E-01 -4.6273640581E-04
           HessRho_EigVec3 =  1.7537705979E-04  4.4236663855E-04  9.9999988678E-01
           DelSqRho =  1.5742218575E-01
           Bond Ellipticity =  5.0914428347E-05
           V = -4.4814227121E-02
           G =  4.2084886779E-02
           K =  2.7293403420E-03
           L = -3.9355546437E-02
           Vnuc =  1.1570488445E+01
           Ven = -5.3413738315E-01
           Vrep =  4.8932315602E-01
           DelSqV = -3.9592353267E-01
           DelSqVen = -1.8214515812E+00
           DelSqVrep =  1.4255280486E+00
           DelSqG =  2.8773631068E-01
           DelSqK =  1.0818722199E-01
           Stress_EigVals = -2.4714572693E-02 -2.4714547147E-02  4.6148927190E-03
           Stress_EigVec1 =  1.7060706966E-01  9.8533902763E-01 -4.7793228858E-04
           Stress_EigVec2 =  9.8533912857E-01 -1.7060713153E-01 -9.1523982533E-05
           Stress_EigVec3 =  1.7172080877E-04  4.5531074628E-04  9.9999988160E-01
           -DivStress =  3.5078341677E-06  9.3960292136E-06  2.0513974776E-02
           ESP =  -1.6465242906E-02
           ESPe = -1.1586953688E+01
           ESPn =  1.1570488445E+01
           BPL =  3.9604131100E+00 =  1.8161699980E+00 +  2.1442431120E+00                
           GBL_I =  3.9604131069E+00                                                      
           GBL_II =  3.9604110156E+00                                                     
           GBL_III =  3.9604131070E+00 =  1.8161699950E+00 +  2.1442431120E+00            
           GBL_IV =  3.9604110158E+00 =  1.8161671757E+00 +  2.1442438400E+00             

CP# 10     Coords =  6.26224016035036E-04  7.80251941966312E-04  7.33237047051518E-01
           Type = (3,-1) BCP Cl5 C1
           Rho =  7.9011267473E-02
           GradRho = -2.0095736137E-18  6.1199714993E-19  9.3692232536E-17
           HessRho_EigVals = -8.2090166912E-02 -8.2090120374E-02  2.0657726934E-01
           HessRho_EigVec1 =  7.8079747890E-01  6.2478406623E-01 -4.0929859914E-04
           HessRho_EigVec2 = -6.2478417534E-01  7.8079746532E-01 -2.2887635323E-04
           HessRho_EigVec3 =  1.7658101014E-04  4.3442936731E-04  9.9999989005E-01
           DelSqRho =  4.2396982058E-02
           Bond Ellipticity =  5.6690744854E-07
           V = -6.7095345451E-02
           G =  3.8847295483E-02
           K =  2.8248049968E-02
           L = -1.0599245515E-02
           Vnuc =  1.3372707200E+01
           Ven = -1.0565945454E+00
           Vrep =  9.8949919999E-01
           DelSqV = -4.2753192303E-01
           DelSqVen = -5.6696242724E-01
           DelSqVrep =  1.3943050421E-01
           DelSqG =  2.8975019375E-01
           DelSqK =  1.3778172928E-01
           Stress_EigVals = -4.0654802821E-02 -4.0654795157E-02  1.4214252528E-02
           Stress_EigVec1 = -2.7179510853E-02 -9.9963047305E-01  4.3766297426E-04
           Stress_EigVec2 =  9.9963055328E-01 -2.7179585119E-02 -1.6464394747E-04
           Stress_EigVec3 =  1.7647860516E-04  4.3302633915E-04  9.9999989067E-01
           -DivStress = -6.9272682226E-06 -1.6935826470E-05 -3.9180512237E-02
           ESP =   1.7303094844E-01
           ESPe = -1.3199676252E+01
           ESPn =  1.3372707200E+01
           BPL =  4.0674951013E+00 =  2.3937269903E+00 +  1.6737681111E+00                
           GBL_I =  4.0674951013E+00                                                      
           GBL_II =  4.0674979955E+00                                                     
           GBL_III =  4.0674951013E+00 =  2.3937269903E+00 +  1.6737681111E+00            
           GBL_IV =  4.0674979955E+00 =  2.3937270652E+00 +  1.6737709304E+00             

CP# 11     Coords =  1.13789786426702E+00  6.56590461416265E-01 -1.08286952266007E+00
           Type = (3,-1) BCP H4 C1
           Rho =  3.1741326987E-01
           GradRho =  1.1851658815E-15  8.2247859310E-16 -3.5383859542E-17
           HessRho_EigVals = -9.7088449424E-01 -9.2946294039E-01  5.1171026357E-01
           HessRho_EigVec1 =  1.1289147748E-01  6.5494978808E-02  9.9144637881E-01
           HessRho_EigVec2 = -4.9989080681E-01  8.6608838758E-01 -2.9353965815E-04
           HessRho_EigVec3 =  8.5869942097E-01  4.9558179209E-01 -1.3051433550E-01
           DelSqRho = -1.3886371711E+00
           Bond Ellipticity =  4.4565040795E-02
           V = -4.3546952396E-01
           G =  4.4155115597E-02
           K =  3.9131440836E-01
           L =  3.4715929276E-01
           Vnuc =  1.2786662199E+01
           Ven = -4.0586562593E+00
           Vrep =  3.6231867353E+00
           DelSqV = -2.5183513076E+00
           DelSqVen =  1.7756034423E+01
           DelSqVrep = -2.0274385731E+01
           DelSqG =  1.9013390323E+00
           DelSqK =  6.1701227529E-01
           Stress_EigVals = -2.7422476650E-01 -2.6822012769E-01  1.0697537023E-01
           Stress_EigVec1 = -4.9988966430E-01  8.6608905059E-01 -2.8280642612E-04
           Stress_EigVec2 =  1.1068886777E-01  6.4211298234E-02  9.9177864654E-01
           Stress_EigVec3 =  8.5898678574E-01  4.9574859115E-01 -1.2796498071E-01
           -DivStress =  1.8945413249E-02  1.0930557916E-02 -1.2757099357E-02
           ESP =   7.5216513547E-01
           ESPe = -1.2034497063E+01
           ESPn =  1.2786662199E+01
           BPL =  1.9689593101E+00 =  6.4757431506E-01 +  1.3213849950E+00                
           GBL_I =  1.9685410661E+00                                                      
           GBL_II =  2.0026594109E+00                                                     
           GBL_III =  1.9686917645E+00 =  6.4757162838E-01 +  1.3211201362E+00            
           GBL_IV =  2.0028235243E+00 =  6.8170369086E-01 +  1.3211198335E+00             

Number of NACPs  =      6
Number of NNACPs =      0
Number of BCPs   =      5
Number of RCPs   =      0
Number of CCPs   =      0
NumNACP + NumNNACP - NumBCP + NumRCP - NumCCP =      1
Poincare-Hopf Relationship is Satisfied

Bond Path Angles and Corresponding Geometric Bond Angles:
--------------------------------------------------------
  BPA     = A-B-C Bond Path Angle
  GBA_I   = A-B-C Geometric Bond Angle in Terms of Nuclear Attractors
  GBA_II  = A-B-C Geometric Bond Angle in Terms of Nuclei
  GBA_III = A-B-C Geometric Bond Angle in Terms of A|B and C|B BCPs and Nuclear Attractor B
  GBA_IV  = A-B-C Geometric Bond Angle in Terms of A|B and C|B BCPs and Nucleus B
-------------------------------------------------------------------------------------------------
Atom A    Atom B    Atom C        BPA          GBA_I         GBA_II       GBA_III       GBA_IV
-------------------------------------------------------------------------------------------------
H3        C1        H2        119.36040327  118.67381903  118.66180707  118.86233826  118.86238272
F6        C1        H2         85.38163224   83.33855104   83.30812142   83.83447819   83.83459975
F6        C1        H3         85.39261441   83.34071399   83.31028923   83.83735170   83.83747327
Cl5       C1        H2         94.61176576   96.66031276   96.69074238   96.16393924   96.16381768
Cl5       C1        H3         94.61219428   96.66006728   96.69049204   96.16376472   96.16364316
Cl5       C1        F6        179.99317231  179.99883745  179.99883745  179.99837350  179.99837351
H4        C1        H2        119.36049543  118.67383261  118.66181947  118.86236834  118.86241280
H4        C1        H3        119.36031015  118.67379860  118.66178955  118.86228499  118.86232943
H4        C1        F6         85.38949310   83.34009948   83.30967306   83.83653808   83.83665965
H4        C1        Cl5        94.61230027   96.66025545   96.69068187   96.16392807   96.16380651

Total time for electron density critical point search, analysis and connectivity = 255 sec (NProc = 8)             
 
Virial-Based Atomic Energy Components:
-------------------------------------
  Ee(A) = E(A) - W(A) = -T(A)
        = Contribution of Atom A to Electronic Energy of Molecule.
          Not additive to give molecular Ee unless molecular electronic virial theorem is satisfied.
  T(A) = Electronic Kinetic Energy of Atom A (Hamiltonian Form)
  Ven(A) = Ven(A,Mol) = VenT(A)
         = Attraction Energy Between Electron Density Distribution of Atom A and Nuclei of Molecule
  VenO(A) = Ven(A,A)
          = Attraction Energy Between Electron Density Distribution of Atom A and Nucleus of Atom A
  Vee(A) = Vee(A,A) + Vee(A,A')/2
         = Two-Electron Interaction Energy of Atom A with Itself Plus Half of Two-Electron Interaction Energy
           Between Atom A and Other Atoms of Molecule
  Vnn(A) - W(A) = Contribution of Atom A to the Nuclear Repulsion Energy of Molecule Minus
                  the Nuclear Virial of Energy-Gradient-Based Forces on Nuclei of Molecule.
                  Calculation of Vnn(A) - W(A) assumes satisfaction of the atomic virial theorem:
                       2T(A) + Ven(A) + Vee(A) + Vnn(A) - W(A) = 0
See "2EDM Note" and "DFT Note".
--------------------------------------------------------------------------------------------------------------------
Atom A         Ee(A)              T(A)             Ven(A)           VenO(A)            Vee(A)        Vnn(A) - W(A)
--------------------------------------------------------------------------------------------------------------------
C1       -3.7794827532E+01  3.7794827532E+01 -1.3428665461E+02 -8.8872012748E+01
H2       -6.1462234667E-01  6.1462234667E-01 -9.2714836313E+00 -1.2214546345E+00
H3       -6.1461697664E-01  6.1461697664E-01 -9.2714725896E+00 -1.2214543840E+00
H4       -6.1462634944E-01  6.1462634944E-01 -9.2715560808E+00 -1.2214629223E+00
Cl5      -4.5981169524E+02  4.5981169524E+02 -1.1560649009E+03 -1.0993454048E+03
F6       -9.9739090117E+01  9.9739090117E+01 -2.8560218060E+02 -2.4295043756E+02
--------------------------------------------------------------------------------------------------------------------
Total    -5.9918947856E+02  5.9918947856E+02 -1.6037682484E+03 -1.4348322270E+03
 
More Virial-Based Atomic Energy Components:
------------------------------------------
  E(A) = Ee(A) + W(A)
       = T(A) + Ven(A) + Vee(A) + Vnn(A) = Contribution of Atom A to Total Energy E of Molecule
         Not additive to give molecular E unless molecular virial theorem is satisfied.
  Ee(A) = E(A) - W(A) = Contribution of Atom A to Electronic Energy of Molecule
          Not additive to give molecular Ee unless molecular virial theorem is satisfied.
  W(A) = Contribution of Atom A to Nuclear Virial of Energy-Gradient-Based Forces on Nuclei of Molecule
  Vnn(A) = Contribution of Atom A to Nuclear Repulsion Energy of Molecule
           Calculation of Vnn(A) assumes satisfaction of the atomic virial theorem:
                2T(A) + Ven(A) + Vee(A) + Vnn(A) - W(A) = 0
  VeeC(A) = Coulomb Part of Vee(A)
  VeeX(A) = Exchange-Correlation Part of Vee(A)
See "2EDM Note" and "DFT Note".
--------------------------------------------------------------------------------------------------------------------
Atom A          E(A)             Ee(A)              W(A)             Vnn(A)           VeeC(A)           VeeX(A)
--------------------------------------------------------------------------------------------------------------------
C1                         -3.7794827532E+01
H2                         -6.1462234667E-01
H3                         -6.1461697664E-01
H4                         -6.1462634944E-01
Cl5                        -4.5981169524E+02
F6                         -9.9739090117E+01
--------------------------------------------------------------------------------------------------------------------
Total                      -5.9918947856E+02
 
IQA Atomic Energy Components:
----------------------------
  E_IQA(A) = Contribution of Atom A to Total Energy E of Molecule, Using IQA Additive Atomic Energy Definition
           = T(A) + Vne(A,Mol)/2 + Ven(A,Mol)/2 + Vee(A) + Vnn(A,Mol)/2
  T(A) = Electronic Kinetic Energy of Atom A (Hamiltonian Form)
  Vne(A,Mol)/2 = Half of Attraction Energy Between Nucleus of Atom A and Electron Density Distribution of Molecule
  Ven(A,Mol)/2 = Half of Attraction Energy Between Electron Density Distribution of Atom A and Nuclei of Molecule
  Vee(A) = Vee(A,A) + Vee(A,A')/2
         = Two-Electron Interaction Energy of Atom A with Itself Plus Half of Two-Electron Interaction Energy
           Between Atom A and Other Atoms of Molecule
  Vnn(A,Mol)/2 = Vnn(A,A')/2 = Half of Repulsion Energy Between Nucleus of Atom A and Other Nuclei of Molecule
  VeeC(A) = Coulomb Part of Vee(A)
  VeeX(A) = Exchange-Correlation Part of Vee(A)
See "2EDM Note" and "DFT Note".
--------------------------------------------------------------------------------------------------------------------------------------------------------
Atom A        E_IQA(A)            T(A)          Vne(A,Mol)/2      Ven(A,Mol)/2         Vee(A)         Vnn(A,Mol)/2        VeeC(A)           VeeX(A)
--------------------------------------------------------------------------------------------------------------------------------------------------------
C1                          3.7794827532E+01 -6.8454970768E+01 -6.7143327305E+01                    2.3849914028E+01
H2                          6.1462234667E-01 -5.2781382731E+00 -4.6357418157E+00                    4.6472887930E+00
H3                          6.1461697664E-01 -5.2781213705E+00 -4.6357362948E+00                    4.6472724958E+00
H4                          6.1462634944E-01 -5.2781287160E+00 -4.6357780404E+00                    4.6472795984E+00
Cl5                         4.5981169524E+02 -5.7688074657E+02 -5.7803245047E+02                    2.7449135163E+01
F6                          9.9739090117E+01 -1.4071491889E+02 -1.4280109030E+02                    1.9542288112E+01
--------------------------------------------------------------------------------------------------------------------------------------------------------
Total                       5.9918947856E+02 -8.0188502459E+02 -8.0188412423E+02                    8.4783178190E+01
 
More IQA Atomic Energy Components:
---------------------------------
  Vneen(A) = Vne(A,Mol)/2 + Ven(A,Mol)/2
  V_IQA(A) = Vne(A,Mol)/2 + Ven(A,Mol)/2 + Vee(A,A) + Vee(A,A')/2 + Vnn(A,A')/2
           = VC_IQA(A) + VX_IQA(A) = Potential Energy Contribution to E_IQA(A)
           = E_IQA(A) - T(A)
  VC_IQA(A) = Vne(A,Mol)/2 + Ven(A,Mol)/2 + VeeC(A,A) + VeeC(A,A')/2 + Vnn(A,A')/2
            = Coulomb Potential Energy Contribution to E_IQA(A)
            = E_IQA(A) - T(A) - VeeX(A)
  VX_IQA(A) = VeeX(A,A) + VeeX(A,A')/2
            = Exchange-Correlation Energy Contribution to E_IQA(A)
            = E_IQA(A) - T(A) - VC_IQA(A)
See "2EDM Note" and "DFT Note".
--------------------------------------------------------------------------------
Atom A        Vneen(A)          V_IQA(A)         VC_IQA(A)         VX_IQA(A)
--------------------------------------------------------------------------------
C1       -1.3559829807E+02
H2       -9.9138800888E+00
H3       -9.9138576653E+00
H4       -9.9139067564E+00
Cl5      -1.1549131970E+03
F6       -2.8351600919E+02
--------------------------------------------------------------------------------
Total    -1.6037691488E+03
 
IQA Intraatomic ("Self") Energy Components:
------------------------------------------
  E_IQA_Intra(A) = T(A) + Vne(A,A) + Vee(A,A)
                 = Intraatomic ("Self") Contribution to E_IQA(A)
  T(A) = Electronic Kinetic Energy of Atom A (Hamiltonian Form)
  Vne(A,A) = Attraction Energy Between Electron Density Distribution of Atom A and Nucleus of Atom A
  Vee(A,A) = Two-electron Interaction Energy of Atom A With Itself
  VeeC(A,A) = Coulomb Part of Vee(A,A)
