AIMSum (Version 17.11.14, Professional)
Copyright (c) 1997-2017 by Todd A. Keith
AIMSum is a component of the AIMAll package ( http://aim.tkgristmill.com )

TP:  64-bit Linux

Much of the Quantum Theory of Atoms in Molecules (QTAIM) is described in the book:
  "Atoms in Molecules - A Quantum Theory"
  R.F.W. Bader, Oxford University Press, Oxford, 1990

For additional references see:  http://aim.tkgristmill.com/references.html

Wfn File:  /home/bruns/metodo_ts/QCISD/clch3f_ts/RUN/GAUSSIAN.wfn
Sum File:  /home/bruns/metodo_ts/QCISD/clch3f_ts/RUN/GAUSSIAN.sum

SumViz File:  /home/bruns/metodo_ts/QCISD/clch3f_ts/RUN/GAUSSIAN.sumviz

Wfn Title:   clch3f_ts-wavefunction                                                        
 
Total memory allocated for AIMSum =        1.289 Megabytes

Atomic units (a.u.) used throughout, except where stated otherwise

Model:  Unknown
 
Restricted, natural orbital wavefunction.
  Number of electrons (from MO Occs)                   =          35.9999997000
  Number of Alpha electrons (from MO Occs)             =          17.9999998500
  Number of Beta electrons (from MO Occs)              =          17.9999998500
  Number of electron pairs (N*(N-1)/2)                 =         629.9999893500
  Number of electron pairs (from Muller 2EDM)          =         629.9999893500
  Number of electron pairs (from Muller 2EDM, no SOSI) =         630.4346306733
 
Nuclear Charges and Cartesian Coordinates:
-------------------------------------------------------------------------------
Atom      Charge                X                  Y                  Z
-------------------------------------------------------------------------------
C1         6.0           3.3070000000E-04   5.4800000000E-05  -9.5943097000E-01
H2         1.0           3.5900000000E-05  -1.9890690400E+00  -1.1730021400E+00
H3         1.0          -1.7221301000E+00   9.9468570000E-01  -1.1739829100E+00
H4         1.0           1.7229578000E+00   9.9424539000E-01  -1.1745970700E+00
Cl5       17.0           1.0488000000E-03   1.8179200000E-03   3.1080665900E+00
F6         9.0          -3.5149000000E-04  -1.7404400000E-03  -4.9009442500E+00
 
Some Atomic Properties:
----------------------
  q(A) = Net Charge of Atom A
  L(A) = Lagrangian of Atom A = -(1/4) Times Atomic Integral of the Laplacian of the Electron Density
  K(A) = Electronic Kinetic Energy of Atom A (Hamiltonian Form)
  K_Scaled(A) = K(A) * E(Mol)/K(Mol) = Approximation to Virial-Based Total Energy of Atom A.
  |Mu_Intra(A)| = Magnitude of Intraatomic Dipole Moment of Atom A
--------------------------------------------------------------------------------------------------
Atom A          q(A)              L(A)              K(A)          K_Scaled(A)      |Mu_Intra(A)|
--------------------------------------------------------------------------------------------------
C1        2.2993476000E-01 -1.1359058790E-04  3.7796145905E+01 -3.7803665070E+01  2.8960383575E-02
H2        9.1373154520E-02  3.0603431496E-05  6.1603118589E-01 -6.1615373914E-01  1.4470372388E-01
H3        9.1366920770E-02  2.2067653762E-05  6.1602979236E-01 -6.1615234533E-01  1.4471985313E-01
H4        9.1361980060E-02  2.9738349675E-05  6.1604141842E-01 -6.1616397370E-01  1.4469729799E-01
Cl5      -6.4951316300E-01  8.3578035371E-06  4.5981613203E+02 -4.5990760785E+02  1.6846634163E-01
F6       -8.5454391000E-01  1.1463643663E-05  9.9739468234E+01 -9.9759310403E+01  1.0169574795E-01
--------------------------------------------------------------------------------------------------
Total    -1.0000202577E+00 -1.1359705767E-05  5.9919984857E+02 -5.9931905338E+02
 
1st Largest |L(A)| = 1.1359058790E-04, atom C1      
2nd Largest |L(A)| = 3.0603431496E-05, atom H2      
 
Molecular charge q(Mol) from the wfn file:  -9.9999970000E-01
Molecular energy E(Mol) from the wfn file:  -5.9931904542E+02
Molecular virial ratio (-V(Mol)/T(Mol)) from the wfn file:   2.0001989400E+00
Note.  K_Scaled(A) = (1+V(Mol)/T(Mol))*K(A) = (E(Mol)/T(Mol))*K(A)
       Only use K_Scaled(A) data with caution.
 
N_AIMInt(SumA)     =         36.000020
N_Analytic(Mol)    =         36.000000
 
G_AIMInt(SumA)     =        599.199860
G_Analytic(Mol)    =        599.199844
 
K_AIMInt(SumA)     =        599.199849
K_Analytic(Mol)    =        599.199844
 
L_AIMInt(SumA)     =         -0.000011
L_Analytic(Mol)    =          0.000000
 
VenT_AIMInt(SumA)  =      -1604.107866
VenT_Analytic(Mol) =      -1604.107532
 
Some Information About the Atomic Calculations:
----------------------------------------------
  Time(sec) = "Elapsed User Time", in Seconds, for Atom A by AIMInt and, if used, by TWOe
  NProc = Number of Processors Used for AIMInt Job
  BIM = Basin Integration Method
  OAQ = Angular Quadrature Outside of Beta Sphere
  ORQ = Multiple of Default for Radial Quadrature Outside of Beta Sphere
  IAQ = Multiple of Default for Angular Quadrature Inside of Beta Sphere
  IRQ = Multiple of Default for Radial Quadrature Inside of Beta Sphere
  MIR = Maximum Integration Radius
------------------------------------------------------------------------------------------------------
Atom A     Time(sec)   NProc      BIM          OAQ                     ORQ      IAQ      IRQ      MIR
------------------------------------------------------------------------------------------------------
C1             85        8     Proaim(5)    4500(GS4)                  1.00     1.00     1.00    13.00
H2             16        8     Proaim(5)    1800(GS4)                  1.00     1.00     1.00    13.00
H3             17        8     Proaim(5)    1800(GS4)                  1.00     1.00     1.00    13.00
H4             16        8     Proaim(5)    1800(GS4)                  1.00     1.00     1.00    13.00
Cl5            31        8     Proaim(5)    3150(GS4)                  1.00     1.00     1.00    13.00
F6             33        8     Proaim(5)    2700(GS4)                  1.00     1.00     1.00    13.00
------------------------------------------------------------------------------------------------------
Total         198
Note:  Total wall clock time is less than total of atomic times if more than one atom
       was calculated at a time
 
Electron Density Critical Point Analysis of Molecular Structure:               
---------------------------------------------------------------                
  NACP = Nuclear Attractor Critical Point                                      
  NNACP = Non-Nuclear Attractor Critical Point                                 
  BCP = Bond Critical Point                                                    
  RCP = Ring Critical Point                                                    
  CCP = Cage Critical Point                                                    
  Rho = Electron Density                                                       
  GradRho = Gradient of Electron Density                                       
  HessRho_EigVals = Eigenvalues of the Hessian of Rho, Ascending Order         
  HessRho_EigVecs = Eigenvectors of the Hessian of Rho                         
  DelSqRho = Laplacian of Rho = Trace of Hessian of Rho                        
  Bond Ellipticity = (HessRho_EigVal(1) / HessRho_EigVal(2)) - 1               
  V = Virial Field = Potential Energy Density = Trace of Stress Tensor         
  G = Lagrangian Form of Kinetic Energy Density                                
  K = Hamiltonian Form of Kinetic Energy Density                               
  L = K - G = Lagrangian Density = (-1/4)DelSqRho                              
  Vnuc = Electrostatic Potential from Nuclei                                   
  Ven = Electron-nuclear attractive contribution to Virial Field V             
  Vrep = V - Ven = Repulsive contribution to Virial Field V                    
  DelSqV = Laplacian of V                                                      
  DelSqVen = Laplacian of Ven                                                  
  DelSqVrep = Laplacian of Vrep                                                
  DelSqG = Laplacian of G                                                      
  DelSqK = Laplacian of K                                                      
  Stress_EigVals = Eigenvalues of Stress Tensor, Ascending Order               
  Stress_EigVecs = Eigenvectors of Stress Tensor                               
  -DivStress = Ehrenfest Force Density = Minus Divergence of Stress Tensor     
  ESP = Total Electrostatic Potential                                          
  ESPe = Electrostatic Potential from Electrons                                
  ESPn = Electrostatic Potential from Nuclei                                   
  BP = Bond Path                                                               
  BPL = Bond Path Length                                                       
  GBL = Geometric Bond Length                                                  
  GBL_I = Distance Between Nuclear Attractors                                  
  GBL_II = Distance Between Nuclei                                             
  GBL_III = Sum of Distances Between BCP and Nuclear Attractors                
  GBL_IV = Sum of Distances Between BCP and Nuclei                             

CP# 1      Coords =  3.30700392906170E-04  5.48011404202958E-05 -9.59428291240987E-01
           Type = (3,-3) NACP C1
           Rho =  1.2141572245E+02     Rho at Nucleus =  1.2141572156E+02
           GradRho = -1.9941202393E-15  4.8539137136E-16  1.3806083936E-11
           HessRho_EigVals = -2.4894785662E+05 -2.4894068681E+05 -2.4894068677E+05
           HessRho_EigVec1 =  1.7782556084E-04  4.3628618018E-04  9.9999988902E-01
           HessRho_EigVec2 = -5.4433875241E-01  8.3886545415E-01 -2.6918809062E-04
           HessRho_EigVec3 =  8.3886547849E-01  5.4433864413E-01 -3.8665919487E-04
           DelSqRho = -7.4682923019E+05
           Bond Ellipticity = NA
           V = -1.8672082339E+05
           G =  6.7579213309E+00
           K =  1.8671406547E+05
           L =  1.8670730755E+05
           Vnuc =  2.2398508754E+06
           Ven = -2.7195311223E+08
           Vrep =  2.7176639141E+08
           DelSqV =  1.1232237548E+10
           DelSqVen =  1.6727860838E+12
           DelSqVrep = -1.6615538627E+12
           DelSqG =  3.8284147758E+08
           DelSqK = -1.1615079025E+10
           Stress_EigVals = -6.2241000766E+04 -6.2241000751E+04 -6.2238821874E+04
           Stress_EigVec1 =  8.9390288999E-01  4.4826052430E-01 -3.5443662053E-04
           Stress_EigVec2 = -4.4826062917E-01  8.9390285385E-01 -3.1018650122E-04
           Stress_EigVec3 =  1.7778754293E-04  4.3615659240E-04  9.9999988908E-01
           -DivStress = -1.4441577076E+00 -4.1919357195E+00 -9.8471825030E+03
           ESP =  -1.4868914958E+01     ESP at Nucleus =  -1.4868914979E+01
           ESPe = -2.2831365248E+01     ESPe at Nucleus = -2.2831364283E+01
           ESPn =  7.9624502897E+00     ESPn at Nucleus =  7.9624493043E+00

CP# 2      Coords =  4.10991611995561E-05 -1.95520588518478E+00 -1.16838791134150E+00
           Type = (3,-3) NACP H2
           Rho =  4.4891451435E-01     Rho at Nucleus =  4.4400969422E-01
           GradRho = -1.4564607868E-17  6.4263676075E-16  1.9227345674E-16
           HessRho_EigVals = -8.9932300042E+00 -8.9799407356E+00 -8.0316736538E+00
           HessRho_EigVec1 =  1.5549874922E-04 -1.2627186068E-01  9.9199566180E-01
           HessRho_EigVec2 =  9.9999997655E-01 -1.2986498514E-04 -1.7328406313E-04
           HessRho_EigVec3 =  1.5070640296E-04  9.9199566548E-01  1.2627183752E-01
           DelSqRho = -2.6004844394E+01
           Bond Ellipticity = NA
           V = -6.5291254082E+00
           G =  1.3957154892E-02
           K =  6.5151682533E+00
           L =  6.5012110984E+00
           Vnuc =  3.8648071946E+01
           Ven = -1.7349680448E+01
           Vrep =  1.0820555040E+01
           DelSqV =  1.6617514224E+03
           DelSqVen =  1.0050370971E+03
           DelSqVrep =  6.5671432532E+02
           DelSqG =  1.2693443140E+02
           DelSqK = -1.7886858538E+03
           Stress_EigVals = -2.2569611156E+00 -2.2546596287E+00 -2.0175046639E+00
           Stress_EigVec1 =  1.5572180497E-04 -1.2570276723E-01  9.9206793621E-01
           Stress_EigVec2 =  9.9999997652E-01 -1.2990810909E-04 -1.7342724609E-04
           Stress_EigVec3 =  1.5067795443E-04  9.9206793993E-01  1.2570274405E-01
           -DivStress = -2.8147640845E-03 -1.8332216849E+01 -2.4980086713E+00
           ESP =  -1.2601732589E+00     ESP at Nucleus =  -1.2620938545E+00
           ESPe = -1.0648013358E+01     ESPe at Nucleus = -1.0572850226E+01
           ESPn =  9.3878400995E+00     ESPn at Nucleus =  9.3107563717E+00

CP# 3      Coords = -1.69280658482960E+00  9.77753504783760E-01 -1.16935213555619E+00
           Type = (3,-3) NACP H3
           Rho =  4.4891769195E-01     Rho at Nucleus =  4.4401280925E-01
           GradRho =  4.9212517201E-13 -2.8492402162E-13  7.6703978521E-14
           HessRho_EigVals = -8.9932908682E+00 -8.9800020599E+00 -8.0317223647E+00
           HessRho_EigVec1 = -1.0953146984E-01  6.3801602141E-02  9.9193357272E-01
           HessRho_EigVec2 =  5.0010668662E-01  8.6596366849E-01 -4.7629095129E-04
           HessRho_EigVec3 =  8.5900882366E-01 -4.9602044355E-01  1.2675788128E-01
           DelSqRho = -2.6005015293E+01
           Bond Ellipticity = NA
           V = -6.5291685373E+00
           G =  1.3957357038E-02
           K =  6.5152111802E+00
           L =  6.5012538232E+00
           Vnuc =  3.8647963745E+01
           Ven = -1.7349754683E+01
           Vrep =  1.0820586146E+01
           DelSqV =  1.6617618881E+03
           DelSqVen =  1.0050408882E+03
           DelSqVrep =  6.5672099992E+02
           DelSqG =  1.2693520149E+02
           DelSqK = -1.7886970896E+03
           Stress_EigVals = -2.2569763669E+00 -2.2546752170E+00 -2.0175169534E+00
           Stress_EigVec1 = -1.0903630804E-01  6.3521170912E-02  9.9200612114E-01
           Stress_EigVec2 =  5.0010708553E-01  8.6596343550E-01 -4.8102642495E-04
           Stress_EigVec3 =  8.5907158406E-01 -4.9605684072E-01  1.2618884356E-01
           -DivStress = -1.5874732917E+01  9.1665023564E+00 -2.5069816868E+00
           ESP =  -1.2601720160E+00     ESP at Nucleus =  -1.2620927636E+00
           ESPe = -1.0647997376E+01     ESPe at Nucleus = -1.0572833474E+01
           ESPn =  9.3878253598E+00     ESPn at Nucleus =  9.3107407103E+00

CP# 4      Coords =  1.69363142237992E+00  9.77320464391785E-01 -1.16995574238050E+00
           Type = (3,-3) NACP H4
           Rho =  4.4892082760E-01     Rho at Nucleus =  4.4401583456E-01
           GradRho = -4.9291883140E-13 -2.8526010589E-13  7.7414178302E-14
           HessRho_EigVals = -8.9933503483E+00 -8.9800612340E+00 -8.0317618266E+00
           HessRho_EigVec1 =  1.0989990862E-01  6.3778920833E-02  9.9189427831E-01
           HessRho_EigVec2 = -4.9988860375E-01  8.6608965588E-01 -3.0300782056E-04
           HessRho_EigVec3 =  8.5908869968E-01  4.9580334532E-01 -1.2706552972E-01
           DelSqRho = -2.6005173409E+01
           Bond Ellipticity = NA
           V = -6.5292085748E+00
           G =  1.3957611262E-02
           K =  6.5152509635E+00
           L =  6.5012933522E+00
           Vnuc =  3.8647744039E+01
           Ven = -1.7349777239E+01
           Vrep =  1.0820568664E+01
           DelSqV =  1.6617708610E+03
           DelSqVen =  1.0050412856E+03
           DelSqVrep =  6.5672957542E+02
           DelSqG =  1.2693587548E+02
           DelSqK = -1.7887067365E+03
           Stress_EigVals = -2.2569914126E+00 -2.2546902298E+00 -2.0175269323E+00
           Stress_EigVec1 =  1.0940476000E-01  6.3498494527E-02  9.9196700534E-01
           Stress_EigVec2 = -4.9988904188E-01  8.6608940139E-01 -3.0760343571E-04
           Stress_EigVec3 =  8.5915164220E-01  4.9583978259E-01 -1.2649650469E-01
           -DivStress =  1.5876377351E+01  9.1626217088E+00 -2.5127099844E+00
           ESP =  -1.2601724347E+00     ESP at Nucleus =  -1.2620933607E+00
           ESPe = -1.0648023644E+01     ESPe at Nucleus = -1.0572858837E+01
           ESPn =  9.3878512094E+00     ESPn at Nucleus =  9.3107654762E+00

CP# 5      Coords =  1.04879998709493E-03  1.81791996870412E-03  3.10806651672098E+00
           Type = (3,-3) NACP Cl5
           Rho =  3.1725845630E+03     Rho at Nucleus =  3.1725845626E+03
           GradRho =  3.8048198471E-13  3.4794267340E-12  1.2092641560E-08
           HessRho_EigVals = -1.3891665257E+08 -1.3891643521E+08 -1.3891643521E+08
           HessRho_EigVec1 =  1.7608390634E-04  4.3079153294E-04  9.9999989171E-01
           HessRho_EigVec2 =  9.8791023474E-01  1.5502680461E-01 -2.4073935412E-04
           HessRho_EigVec3 = -1.5502689153E-01  9.8791017014E-01 -3.9828563909E-04
           DelSqRho = -4.1674952299E+08
           Bond Ellipticity = NA
           V = -1.0421582720E+08
           G =  1.4223228142E+04
           K =  1.0420160398E+08
           L =  1.0418738075E+08
           Vnuc =  2.3198997994E+08
           Ven = -7.3600782913E+11
           Vrep =  7.3590361331E+11
           DelSqV =  3.3656944925E+14
           DelSqVen =  9.6681569259E+16
           DelSqVrep = -9.6345034169E+16
           DelSqG =  4.5632172755E+12
           DelSqK = -3.4113266652E+14
           Stress_EigVals = -3.4738627267E+07 -3.4738627267E+07 -3.4738572671E+07
           Stress_EigVec1 = -1.5488267004E-01  9.8793279117E-01 -3.9830123037E-04
           Stress_EigVec2 =  9.8793285577E-01  1.5488258313E-01 -2.4067792354E-04
           Stress_EigVec3 =  1.7608368935E-04  4.3077171140E-04  9.9999989172E-01
           -DivStress =  1.4377213938E+03  3.4866169720E+03  8.1638129795E+06
           ESP =  -6.4640649693E+01     ESP at Nucleus =  -6.4640649694E+01
           ESPe = -6.7874904057E+01     ESPe at Nucleus = -6.7874904012E+01
           ESPn =  3.2342543644E+00     ESPn at Nucleus =  3.2342543186E+00

CP# 6      Coords = -3.51489872457501E-04 -1.74043964335246E-03 -4.90094350052526E+00
           Type = (3,-3) NACP F6
           Rho =  4.3110147093E+02     Rho at Nucleus =  4.3110147035E+02
           GradRho =  4.2519259007E-15  1.2473945533E-13 -1.6020784931E-10
           HessRho_EigVals = -2.0428511485E+06 -2.0428377419E+06 -2.0428377419E+06
           HessRho_EigVec1 =  1.6935124043E-04  4.7587747020E-04  9.9999987243E-01
           HessRho_EigVec2 =  9.9966809815E-01  2.5761610426E-02 -1.8155442560E-04
           HessRho_EigVec3 = -2.5761693538E-02  9.9966800137E-01 -4.7135676490E-04
           DelSqRho = -6.1285266323E+06
           Bond Ellipticity = NA
           V = -1.5324405457E+06
           G =  1.5444383950E+02
           K =  1.5322861019E+06
           L =  1.5321316581E+06
           Vnuc =  1.2008412913E+07
           Ven = -5.1768444704E+09
           Vrep =  5.1753120299E+09
           DelSqV =  2.1792774815E+11
           DelSqVen =  7.3593868255E+13
           DelSqVrep = -7.3375942604E+13
           DelSqG =  7.2617923995E+09
           DelSqK = -2.2518954055E+11
           Stress_EigVals = -5.1081461849E+05 -5.1081461847E+05 -5.1081130878E+05
           Stress_EigVec1 = -1.8884535515E-02  9.9982155946E-01 -4.7282381500E-04
           Stress_EigVec2 =  9.9982165692E-01  1.8884453053E-02 -1.7826626801E-04
           Stress_EigVec3 =  1.6930543894E-04  4.7610596582E-04  9.9999987233E-01
           -DivStress = -9.0922359023E+00 -2.5425202659E+01 -5.3428956527E+04
           ESP =  -2.6925835507E+01     ESP at Nucleus =  -2.6925835511E+01
           ESPe = -3.1280826820E+01     ESPe at Nucleus = -3.1280826224E+01
           ESPn =  4.3549913130E+00     ESPn at Nucleus =  4.3549907138E+00

CP# 7      Coords =  1.38229029408136E-04 -1.31271312719019E+00 -1.08919327454716E+00
           Type = (3,-1) BCP C1 H2
           Rho =  3.1829107243E-01
           GradRho = -2.8294022788E-16 -4.4129946534E-13  6.7054373373E-13
           HessRho_EigVals = -9.7431263677E-01 -9.3277215645E-01  5.1127197038E-01
           HessRho_EigVec1 =  1.5872979783E-04 -1.1908632424E-01  9.9288389159E-01
           HessRho_EigVec2 =  9.9999997623E-01 -1.2951856747E-04 -1.7540186285E-04
           HessRho_EigVec3 =  1.4948486242E-04  9.9288389583E-01  1.1908630085E-01
           DelSqRho = -1.3958128228E+00
           Bond Ellipticity =  4.4534434302E-02
           V = -4.3763582754E-01
           G =  4.4341310915E-02
           K =  3.9329451662E-01
           L =  3.4895320571E-01
           Vnuc =  1.2807827024E+01
           Ven = -4.0766169990E+00
           Vrep =  3.6389811715E+00
           DelSqV = -2.5168482468E+00
           DelSqVen =  1.7877329193E+01
           DelSqVrep = -2.0394177440E+01
           DelSqG =  1.9101820173E+00
           DelSqK =  6.0666622948E-01
           Stress_EigVals = -2.7524216548E-01 -2.6924859014E-01  1.0685492808E-01
           Stress_EigVec1 =  9.9999997569E-01 -1.2925199280E-04 -1.7865790521E-04
           Stress_EigVec2 =  1.6236574114E-04 -1.1661830533E-01  9.9317679418E-01
           Stress_EigVec3 =  1.4920486199E-04  9.9317679904E-01  1.1661828151E-01
           -DivStress = -4.8510286342E-06 -2.0942135068E-02 -1.1389711591E-02
           ESP =   7.5432509667E-01
           ESPe = -1.2053501928E+01
           ESPn =  1.2807827024E+01
           BPL =  1.9667376707E+00 =  1.3193800629E+00 +  6.4735760786E-01                
           GBL_I =  1.9663948124E+00                                                      
           GBL_II =  2.0005565182E+00                                                     
           GBL_III =  1.9665210725E+00 =  1.3191658810E+00 +  6.4735519154E-01            
           GBL_IV =  2.0006942344E+00 =  1.3191656164E+00 +  6.8152861803E-01             

CP# 8      Coords = -1.13644563312350E+00  6.56490404510230E-01 -1.08984203029871E+00
           Type = (3,-1) BCP C1 H3
           Rho =  3.1829382957E-01
           GradRho = -2.7264896836E-14  1.5668915183E-14  1.9559893679E-14
           HessRho_EigVals = -9.7432239147E-01 -9.3278102578E-01  5.1126756469E-01
           HessRho_EigVec1 = -1.0331429699E-01  6.0203310492E-02  9.9282511926E-01
           HessRho_EigVec2 =  5.0010648959E-01  8.6596378620E-01 -4.6910205555E-04
           HessRho_EigVec3 =  8.5977884081E-01 -4.9646982022E-01  1.1957450606E-01
           DelSqRho = -1.3958358526E+00
           Bond Ellipticity =  4.4534960015E-02
           V = -4.3764339254E-01
           G =  4.4342214699E-02
           K =  3.9330117784E-01
           L =  3.4895896314E-01
           Vnuc =  1.2807834977E+01
           Ven = -4.0766548432E+00
           Vrep =  3.6390114507E+00
           DelSqV = -2.5168134710E+00
           DelSqVen =  1.7877635254E+01
           DelSqVrep = -2.0394448725E+01
           DelSqG =  1.9102097514E+00
           DelSqK =  6.0660371965E-01
           Stress_EigVals = -2.7524570086E-01 -2.6925145187E-01  1.0685376019E-01
           Stress_EigVec1 =  5.0010552521E-01  8.6596434732E-01 -4.6132445813E-04
           Stress_EigVec2 = -1.0118115284E-01  5.8962477992E-02  9.9311922774E-01
           Stress_EigVec3 =  8.6003304469E-01 -4.9661773564E-01  1.1710673200E-01
           -DivStress = -1.8125061750E-02  1.0460708923E-02 -1.1397234144E-02
           ESP =   7.5433569822E-01
           ESPe = -1.2053499278E+01
           ESPn =  1.2807834977E+01
           BPL =  1.9667294535E+00 =  1.3193713826E+00 +  6.4735807099E-01                
           GBL_I =  1.9663866970E+00                                                      
           GBL_II =  2.0005485172E+00                                                     
           GBL_III =  1.9665129159E+00 =  1.3191572602E+00 +  6.4735565574E-01            
           GBL_IV =  2.0006861881E+00 =  1.3191569956E+00 +  6.8152919253E-01             

CP# 9      Coords =  2.21556449842769E-05 -7.80884800854200E-04 -2.76353434838260E+00
           Type = (3,-1) BCP C1 F6
           Rho =  4.7193800265E-02
           GradRho = -1.2199112020E-13  6.8995000838E-14  3.6037834691E-13
           HessRho_EigVals = -3.9947123771E-02 -3.9945169790E-02  2.3834163767E-01
           HessRho_EigVec1 =  9.9013674213E-01 -1.4010431591E-01 -1.1200481614E-04
           HessRho_EigVec2 =  1.4010425014E-01  9.9013664874E-01 -4.6465897322E-04
           HessRho_EigVec3 =  1.7600080087E-04  4.4438357117E-04  9.9999988577E-01
           DelSqRho =  1.5844934411E-01
           Bond Ellipticity =  4.8916559782E-05
           V = -4.5894848233E-02
           G =  4.2753592130E-02
           K =  3.1412561026E-03
           L = -3.9612336028E-02
           Vnuc =  1.1609960098E+01
           Ven = -5.4791813794E-01
           Vrep =  5.0202328970E-01
           DelSqV = -4.1047067687E-01
           DelSqVen = -1.8395905626E+00
           DelSqVrep =  1.4291198858E+00
           DelSqG =  2.9539787631E-01
           DelSqK =  1.1507280056E-01
           Stress_EigVals = -2.5447247082E-02 -2.5447207582E-02  4.9996064310E-03
           Stress_EigVec1 =  4.5110855879E-02  9.9898187891E-01 -4.6506611979E-04
           Stress_EigVec2 =  9.9898197225E-01 -4.5110930759E-02 -1.5179093904E-04
           Stress_EigVec3 =  1.7261596301E-04  4.5774525040E-04  9.9999988034E-01
           -DivStress =  3.6764628065E-06  9.8462646980E-06  2.1398628596E-02
           ESP =  -9.9011776240E-03
           ESPe = -1.1619861275E+01
           ESPn =  1.1609960098E+01
           BPL =  3.9415156801E+00 =  1.8041062799E+00 +  2.1374094002E+00                
           GBL_I =  3.9415156772E+00                                                      
           GBL_II =  3.9415137479E+00                                                     
           GBL_III =  3.9415156773E+00 =  1.8041062771E+00 +  2.1374094002E+00            
           GBL_IV =  3.9415137480E+00 =  1.8041035983E+00 +  2.1374101497E+00             

CP# 10     Coords =  6.26229857232898E-04  7.80275707195036E-04  7.13888351013259E-01
           Type = (3,-1) BCP Cl5 C1
           Rho =  7.8763216836E-02
           GradRho = -3.3205478973E-16 -1.8805433660E-16 -8.5019968990E-17
           HessRho_EigVals = -8.1241683179E-02 -8.1241640623E-02  2.0749622838E-01
           HessRho_EigVec1 =  3.6133717869E-01  9.3243510418E-01 -4.6881324166E-04
           HessRho_EigVec2 =  9.3243520532E-01 -3.6133722174E-01 -7.6638636935E-06
           HessRho_EigVec3 =  1.7654572980E-04  4.3436873236E-04  9.9999989008E-01
           DelSqRho =  4.5012904581E-02
           Bond Ellipticity =  5.2381870019E-07
           V = -6.7341331469E-02
           G =  3.9297278807E-02
           K =  2.8044052662E-02
           L = -1.1253226145E-02
           Vnuc =  1.3383142043E+01
           Ven = -1.0540993187E+00
           Vrep =  9.8675798721E-01
           DelSqV = -4.2849660245E-01
           DelSqVen = -6.0241409578E-01
           DelSqVrep =  1.7391749333E-01
           DelSqG =  2.8983954292E-01
           DelSqK =  1.3865705953E-01
           Stress_EigVals = -4.0593662976E-02 -4.0593644116E-02  1.3845975623E-02
           Stress_EigVec1 = -1.0345876285E-01  9.9463365834E-01 -4.1240446003E-04
           Stress_EigVec2 =  9.9463372819E-01  1.0345867877E-01 -2.2031569651E-04
           Stress_EigVec3 =  1.7646658665E-04  4.3298497500E-04  9.9999989069E-01
           -DivStress = -6.9148186445E-06 -1.6904425082E-05 -3.9120506415E-02
           ESP =   1.7271644189E-01
           ESPe = -1.3210425601E+01
           ESPn =  1.3383142043E+01
           BPL =  4.0674952535E+00 =  2.3941784279E+00 +  1.6733168256E+00                
           GBL_I =  4.0674952535E+00                                                      
           GBL_II =  4.0674980055E+00                                                     
           GBL_III =  4.0674952535E+00 =  2.3941784279E+00 +  1.6733168256E+00            
           GBL_IV =  4.0674980055E+00 =  2.3941785011E+00 +  1.6733195044E+00             

CP# 11     Coords =  1.13722002937328E+00  6.56199272377186E-01 -1.09024679257682E+00
           Type = (3,-1) BCP H4 C1
           Rho =  3.1829749328E-01
           GradRho =  2.3290514313E-14  1.3467261014E-14  1.5935830846E-14
           HessRho_EigVals = -9.7433832153E-01 -9.3279595631E-01  5.1126705624E-01
           HessRho_EigVec1 =  1.0368301709E-01  6.0180226051E-02  9.9278808029E-01
           HessRho_EigVec2 = -4.9988810429E-01  8.6608994737E-01 -2.9370009320E-04
           HessRho_EigVec3 =  8.5986145114E-01  4.9625249970E-01 -1.1988219793E-01
           DelSqRho = -1.3958672216E+00
           Bond Ellipticity =  4.4535318725E-02
           V = -4.3765282343E-01
           G =  4.4343009014E-02
           K =  3.9330981441E-01
           L =  3.4896680540E-01
           Vnuc =  1.2807871872E+01
           Ven = -4.0767135111E+00
           Vrep =  3.6390606877E+00
           DelSqV = -2.5168325639E+00
           DelSqVen =  1.7878088525E+01
           DelSqVrep = -2.0394921089E+01
           DelSqG =  1.9102502761E+00
           DelSqK =  6.0658228777E-01
           Stress_EigVals = -2.7525037608E-01 -2.6925597653E-01  1.0685352918E-01
           Stress_EigVec1 = -4.9988690410E-01  8.6609064376E-01 -2.8266650065E-04
           Stress_EigVec2 =  1.0155122099E-01  5.8937060598E-02  9.9308296350E-01
           Stress_EigVec3 =  8.6011652270E-01  4.9640046302E-01 -1.1741442712E-01
           -DivStress =  1.8124847165E-02  1.0456957896E-02 -1.1404615461E-02
           ESP =   7.5434698447E-01
           ESPe = -1.2053524888E+01
           ESPn =  1.2807871872E+01
           BPL =  1.9667194811E+00 =  6.4735546817E-01 +  1.3193640130E+00                
           GBL_I =  1.9663766982E+00                                                      
           GBL_II =  2.0005388038E+00                                                     
           GBL_III =  1.9665029282E+00 =  6.4735305276E-01 +  1.3191498754E+00            
           GBL_IV =  2.0006764868E+00 =  6.8152687612E-01 +  1.3191496107E+00             

Number of NACPs  =      6
Number of NNACPs =      0
Number of BCPs   =      5
Number of RCPs   =      0
Number of CCPs   =      0
NumNACP + NumNNACP - NumBCP + NumRCP - NumCCP =      1
Poincare-Hopf Relationship is Satisfied

Bond Path Angles and Corresponding Geometric Bond Angles:
--------------------------------------------------------
  BPA     = A-B-C Bond Path Angle
  GBA_I   = A-B-C Geometric Bond Angle in Terms of Nuclear Attractors
  GBA_II  = A-B-C Geometric Bond Angle in Terms of Nuclei
  GBA_III = A-B-C Geometric Bond Angle in Terms of A|B and C|B BCPs and Nuclear Attractor B
  GBA_IV  = A-B-C Geometric Bond Angle in Terms of A|B and C|B BCPs and Nucleus B
-------------------------------------------------------------------------------------------------
Atom A    Atom B    Atom C        BPA          GBA_I         GBA_II       GBA_III       GBA_IV
-------------------------------------------------------------------------------------------------
H3        C1        H2        119.45305452  118.87623039  118.86593313  119.03562412  119.03566317
F6        C1        H2         85.73149309   83.87382883   83.84556241   84.32820248   84.32831826
F6        C1        H3         85.74248444   83.87610843   83.84784709   84.33117795   84.33129373
Cl5       C1        H2         94.26191480   96.12491045   96.15317687   95.67009826   95.66998248
Cl5       C1        H3         94.26224645   96.12469414   96.15295547   95.66994921   95.66983343
Cl5       C1        F6        179.99320287  179.99872369  179.99872369  179.99827078  179.99827078
H4        C1        H2        119.45339717  118.87652441  118.86622730  119.03591148  119.03595054
H4        C1        H3        119.45361345  118.87693752  118.86664637  119.03623928  119.03627834
H4        C1        F6         85.73958699   83.87555889   83.84729598   84.33044572   84.33056150
H4        C1        Cl5        94.26227424   96.12489926   96.15316218   95.67012638   95.67001061

Total time for electron density critical point search, analysis and connectivity = 253 sec (NProc = 8)             
 
Virial-Based Atomic Energy Components:
-------------------------------------
  Ee(A) = E(A) - W(A) = -T(A)
        = Contribution of Atom A to Electronic Energy of Molecule.
          Not additive to give molecular Ee unless molecular electronic virial theorem is satisfied.
  T(A) = Electronic Kinetic Energy of Atom A (Hamiltonian Form)
  Ven(A) = Ven(A,Mol) = VenT(A)
         = Attraction Energy Between Electron Density Distribution of Atom A and Nuclei of Molecule
  VenO(A) = Ven(A,A)
          = Attraction Energy Between Electron Density Distribution of Atom A and Nucleus of Atom A
  Vee(A) = Vee(A,A) + Vee(A,A')/2
         = Two-Electron Interaction Energy of Atom A with Itself Plus Half of Two-Electron Interaction Energy
           Between Atom A and Other Atoms of Molecule
  Vnn(A) - W(A) = Contribution of Atom A to the Nuclear Repulsion Energy of Molecule Minus
                  the Nuclear Virial of Energy-Gradient-Based Forces on Nuclei of Molecule.
                  Calculation of Vnn(A) - W(A) assumes satisfaction of the atomic virial theorem:
                       2T(A) + Ven(A) + Vee(A) + Vnn(A) - W(A) = 0
See "2EDM Note" and "DFT Note".
--------------------------------------------------------------------------------------------------------------------
Atom A         Ee(A)              T(A)             Ven(A)           VenO(A)            Vee(A)        Vnn(A) - W(A)
--------------------------------------------------------------------------------------------------------------------
C1       -3.7796145905E+01  3.7796145905E+01 -1.3430835079E+02 -8.8861603390E+01
H2       -6.1603118589E-01  6.1603118589E-01 -9.2981394207E+00 -1.2235248674E+00
H3       -6.1602979236E-01  6.1602979236E-01 -9.2981543879E+00 -1.2235292215E+00
H4       -6.1604141842E-01  6.1604141842E-01 -9.2982707987E+00 -1.2235415583E+00
Cl5      -4.5981613203E+02  4.5981613203E+02 -1.1562002246E+03 -1.0993831196E+03
F6       -9.9739468234E+01  9.9739468234E+01 -2.8570472618E+02 -2.4294353338E+02
--------------------------------------------------------------------------------------------------------------------
Total    -5.9919984857E+02  5.9919984857E+02 -1.6041078662E+03 -1.4348588520E+03
 
More Virial-Based Atomic Energy Components:
------------------------------------------
  E(A) = Ee(A) + W(A)
       = T(A) + Ven(A) + Vee(A) + Vnn(A) = Contribution of Atom A to Total Energy E of Molecule
         Not additive to give molecular E unless molecular virial theorem is satisfied.
  Ee(A) = E(A) - W(A) = Contribution of Atom A to Electronic Energy of Molecule
          Not additive to give molecular Ee unless molecular virial theorem is satisfied.
  W(A) = Contribution of Atom A to Nuclear Virial of Energy-Gradient-Based Forces on Nuclei of Molecule
  Vnn(A) = Contribution of Atom A to Nuclear Repulsion Energy of Molecule
           Calculation of Vnn(A) assumes satisfaction of the atomic virial theorem:
                2T(A) + Ven(A) + Vee(A) + Vnn(A) - W(A) = 0
  VeeC(A) = Coulomb Part of Vee(A)
  VeeX(A) = Exchange-Correlation Part of Vee(A)
See "2EDM Note" and "DFT Note".
--------------------------------------------------------------------------------------------------------------------
Atom A          E(A)             Ee(A)              W(A)             Vnn(A)           VeeC(A)           VeeX(A)
--------------------------------------------------------------------------------------------------------------------
C1                         -3.7796145905E+01
H2                         -6.1603118589E-01
H3                         -6.1602979236E-01
H4                         -6.1604141842E-01
Cl5                        -4.5981613203E+02
F6                         -9.9739468234E+01
--------------------------------------------------------------------------------------------------------------------
Total                      -5.9919984857E+02
 
IQA Atomic Energy Components:
----------------------------
  E_IQA(A) = Contribution of Atom A to Total Energy E of Molecule, Using IQA Additive Atomic Energy Definition
           = T(A) + Vne(A,Mol)/2 + Ven(A,Mol)/2 + Vee(A) + Vnn(A,Mol)/2
  T(A) = Electronic Kinetic Energy of Atom A (Hamiltonian Form)
  Vne(A,Mol)/2 = Half of Attraction Energy Between Nucleus of Atom A and Electron Density Distribution of Molecule
  Ven(A,Mol)/2 = Half of Attraction Energy Between Electron Density Distribution of Atom A and Nuclei of Molecule
  Vee(A) = Vee(A,A) + Vee(A,A')/2
         = Two-Electron Interaction Energy of Atom A with Itself Plus Half of Two-Electron Interaction Energy
           Between Atom A and Other Atoms of Molecule
  Vnn(A,Mol)/2 = Vnn(A,A')/2 = Half of Repulsion Energy Between Nucleus of Atom A and Other Nuclei of Molecule
  VeeC(A) = Coulomb Part of Vee(A)
  VeeX(A) = Exchange-Correlation Part of Vee(A)
See "2EDM Note" and "DFT Note".
--------------------------------------------------------------------------------------------------------------------------------------------------------
Atom A        E_IQA(A)            T(A)          Vne(A,Mol)/2      Ven(A,Mol)/2         Vee(A)         Vnn(A,Mol)/2        VeeC(A)           VeeX(A)
--------------------------------------------------------------------------------------------------------------------------------------------------------
C1                          3.7796145905E+01 -6.8494092850E+01 -6.7154175395E+01                    2.3887347913E+01
H2                          6.1603118589E-01 -5.2864251128E+00 -4.6490697103E+00                    4.6553781859E+00
H3                          6.1602979236E-01 -5.2864167364E+00 -4.6490771939E+00                    4.6553703552E+00
H4                          6.1604141842E-01 -5.2864294194E+00 -4.6491353993E+00                    4.6553827381E+00
Cl5                         4.5981613203E+02 -5.7693668410E+02 -5.7810011230E+02                    2.7491161708E+01
F6                          9.9739468234E+01 -1.4076371801E+02 -1.4285236309E+02                    1.9597458212E+01
--------------------------------------------------------------------------------------------------------------------------------------------------------
Total                       5.9919984857E+02 -8.0205376623E+02 -8.0205393309E+02                    8.4942099112E+01
 
More IQA Atomic Energy Components:
---------------------------------
  Vneen(A) = Vne(A,Mol)/2 + Ven(A,Mol)/2
  V_IQA(A) = Vne(A,Mol)/2 + Ven(A,Mol)/2 + Vee(A,A) + Vee(A,A')/2 + Vnn(A,A')/2
           = VC_IQA(A) + VX_IQA(A) = Potential Energy Contribution to E_IQA(A)
           = E_IQA(A) - T(A)
  VC_IQA(A) = Vne(A,Mol)/2 + Ven(A,Mol)/2 + VeeC(A,A) + VeeC(A,A')/2 + Vnn(A,A')/2
            = Coulomb Potential Energy Contribution to E_IQA(A)
            = E_IQA(A) - T(A) - VeeX(A)
  VX_IQA(A) = VeeX(A,A) + VeeX(A,A')/2
            = Exchange-Correlation Energy Contribution to E_IQA(A)
            = E_IQA(A) - T(A) - VC_IQA(A)
See "2EDM Note" and "DFT Note".
--------------------------------------------------------------------------------
Atom A        Vneen(A)          V_IQA(A)         VC_IQA(A)         VX_IQA(A)
--------------------------------------------------------------------------------
C1       -1.3564826824E+02
H2       -9.9354948231E+00
H3       -9.9354939303E+00
H4       -9.9355648187E+00
Cl5      -1.1550367964E+03
F6       -2.8361608110E+02
--------------------------------------------------------------------------------
Total    -1.6041076993E+03
 
IQA Intraatomic ("Self") Energy Components:
------------------------------------------
  E_IQA_Intra(A) = T(A) + Vne(A,A) + Vee(A,A)
                 = Intraatomic ("Self") Contribution to E_IQA(A)
  T(A) = Electronic Kinetic Energy of Atom A (Hamiltonian Form)
  Vne(A,A) = Attraction Energy Between Electron Density Distribution of Atom A and Nucleus of Atom A
  Vee(A,A) = Two-electron Interaction Energy of Atom A With Itself
  VeeC(A,A) = Coulomb Part of Vee(A,A)
