AIMSum (Version 17.11.14, Professional)
Copyright (c) 1997-2017 by Todd A. Keith
AIMSum is a component of the AIMAll package ( http://aim.tkgristmill.com )

TP:  64-bit Linux

Much of the Quantum Theory of Atoms in Molecules (QTAIM) is described in the book:
  "Atoms in Molecules - A Quantum Theory"
  R.F.W. Bader, Oxford University Press, Oxford, 1990

For additional references see:  http://aim.tkgristmill.com/references.html

Wfn File:  /home/bruns/metodo_ts/QCISD/clch3f_ts/RUN/GAUSSIAN.wfn
Sum File:  /home/bruns/metodo_ts/QCISD/clch3f_ts/RUN/GAUSSIAN.sum

SumViz File:  /home/bruns/metodo_ts/QCISD/clch3f_ts/RUN/GAUSSIAN.sumviz

Wfn Title:   clch3f_ts-wavefunction                                                        
 
Total memory allocated for AIMSum =        1.289 Megabytes

Atomic units (a.u.) used throughout, except where stated otherwise

Model:  Unknown
 
Restricted, natural orbital wavefunction.
  Number of electrons (from MO Occs)                   =          35.9999990000
  Number of Alpha electrons (from MO Occs)             =          17.9999995000
  Number of Beta electrons (from MO Occs)              =          17.9999995000
  Number of electron pairs (N*(N-1)/2)                 =         629.9999645000
  Number of electron pairs (from Muller 2EDM)          =         629.9999645000
  Number of electron pairs (from Muller 2EDM, no SOSI) =         630.4345775784
 
Nuclear Charges and Cartesian Coordinates:
-------------------------------------------------------------------------------
Atom      Charge                X                  Y                  Z
-------------------------------------------------------------------------------
C1         6.0           3.3070000000E-04   5.4800000000E-05  -9.4053370000E-01
H2         1.0           3.5900000000E-05  -1.9890690400E+00  -1.1730021400E+00
H3         1.0          -1.7221301000E+00   9.9468570000E-01  -1.1739829100E+00
H4         1.0           1.7229578000E+00   9.9424539000E-01  -1.1745970700E+00
Cl5       17.0           1.0488000000E-03   1.8179200000E-03   3.1080665900E+00
F6         9.0          -3.5149000000E-04  -1.7404400000E-03  -4.9009442500E+00
 
Some Atomic Properties:
----------------------
  q(A) = Net Charge of Atom A
  L(A) = Lagrangian of Atom A = -(1/4) Times Atomic Integral of the Laplacian of the Electron Density
  K(A) = Electronic Kinetic Energy of Atom A (Hamiltonian Form)
  K_Scaled(A) = K(A) * E(Mol)/K(Mol) = Approximation to Virial-Based Total Energy of Atom A.
  |Mu_Intra(A)| = Magnitude of Intraatomic Dipole Moment of Atom A
--------------------------------------------------------------------------------------------------
Atom A          q(A)              L(A)              K(A)          K_Scaled(A)      |Mu_Intra(A)|
--------------------------------------------------------------------------------------------------
C1        2.2585949050E-01  9.0062008367E-05  3.7795352563E+01 -3.7803156169E+01  2.3992629736E-02
H2        9.1622586990E-02  3.0624304415E-05  6.1521748359E-01 -6.1534450755E-01  1.4487652548E-01
H3        9.1617364140E-02  2.0941047394E-05  6.1521214705E-01 -6.1533916991E-01  1.4489244617E-01
H4        9.1614914120E-02  2.9651842459E-05  6.1522149549E-01 -6.1534852027E-01  1.4487012776E-01
Cl5      -6.4154337300E-01  8.3050639638E-06  4.5981441794E+02 -4.5990935583E+02  1.6788931839E-01
F6       -8.5897550390E-01  1.1322139041E-05  9.9740054740E+01 -9.9760648070E+01  1.0491490631E-01
--------------------------------------------------------------------------------------------------
Total    -9.9980452115E-01  1.9090640564E-04  5.9919547637E+02 -5.9931919227E+02
 
1st Largest |L(A)| = 9.0062008367E-05, atom C1      
2nd Largest |L(A)| = 3.0624304415E-05, atom H2      
 
Molecular charge q(Mol) from the wfn file:  -9.9999900000E-01
Molecular energy E(Mol) from the wfn file:  -5.9931916788E+02
Molecular virial ratio (-V(Mol)/T(Mol)) from the wfn file:   2.0002064700E+00
Note.  K_Scaled(A) = (1+V(Mol)/T(Mol))*K(A) = (E(Mol)/T(Mol))*K(A)
       Only use K_Scaled(A) data with caution.
 
N_AIMInt(SumA)     =         35.999805
N_Analytic(Mol)    =         35.999999
 
G_AIMInt(SumA)     =        599.195285
G_Analytic(Mol)    =        599.195452
 
K_AIMInt(SumA)     =        599.195476
K_Analytic(Mol)    =        599.195452
 
L_AIMInt(SumA)     =          0.000191
L_Analytic(Mol)    =          0.000000
 
VenT_AIMInt(SumA)  =      -1604.178722
VenT_Analytic(Mol) =      -1604.180562
 
Some Information About the Atomic Calculations:
----------------------------------------------
  Time(sec) = "Elapsed User Time", in Seconds, for Atom A by AIMInt and, if used, by TWOe
  NProc = Number of Processors Used for AIMInt Job
  BIM = Basin Integration Method
  OAQ = Angular Quadrature Outside of Beta Sphere
  ORQ = Multiple of Default for Radial Quadrature Outside of Beta Sphere
  IAQ = Multiple of Default for Angular Quadrature Inside of Beta Sphere
  IRQ = Multiple of Default for Radial Quadrature Inside of Beta Sphere
  MIR = Maximum Integration Radius
------------------------------------------------------------------------------------------------------
Atom A     Time(sec)   NProc      BIM          OAQ                     ORQ      IAQ      IRQ      MIR
------------------------------------------------------------------------------------------------------
C1             81        8     Proaim(5)    4500(GS4)                  1.00     1.00     1.00    13.00
H2             15        8     Proaim(5)    1800(GS4)                  1.00     1.00     1.00    13.00
H3             15        8     Proaim(5)    1800(GS4)                  1.00     1.00     1.00    13.00
H4             18        8     Proaim(5)    1800(GS4)                  1.00     1.00     1.00    13.00
Cl5            32        8     Proaim(5)    3150(GS4)                  1.00     1.00     1.00    13.00
F6             36        8     Proaim(5)    2700(GS4)                  1.00     1.00     1.00    13.00
------------------------------------------------------------------------------------------------------
Total         197
Note:  Total wall clock time is less than total of atomic times if more than one atom
       was calculated at a time
 
Electron Density Critical Point Analysis of Molecular Structure:               
---------------------------------------------------------------                
  NACP = Nuclear Attractor Critical Point                                      
  NNACP = Non-Nuclear Attractor Critical Point                                 
  BCP = Bond Critical Point                                                    
  RCP = Ring Critical Point                                                    
  CCP = Cage Critical Point                                                    
  Rho = Electron Density                                                       
  GradRho = Gradient of Electron Density                                       
  HessRho_EigVals = Eigenvalues of the Hessian of Rho, Ascending Order         
  HessRho_EigVecs = Eigenvectors of the Hessian of Rho                         
  DelSqRho = Laplacian of Rho = Trace of Hessian of Rho                        
  Bond Ellipticity = (HessRho_EigVal(1) / HessRho_EigVal(2)) - 1               
  V = Virial Field = Potential Energy Density = Trace of Stress Tensor         
  G = Lagrangian Form of Kinetic Energy Density                                
  K = Hamiltonian Form of Kinetic Energy Density                               
  L = K - G = Lagrangian Density = (-1/4)DelSqRho                              
  Vnuc = Electrostatic Potential from Nuclei                                   
  Ven = Electron-nuclear attractive contribution to Virial Field V             
  Vrep = V - Ven = Repulsive contribution to Virial Field V                    
  DelSqV = Laplacian of V                                                      
  DelSqVen = Laplacian of Ven                                                  
  DelSqVrep = Laplacian of Vrep                                                
  DelSqG = Laplacian of G                                                      
  DelSqK = Laplacian of K                                                      
  Stress_EigVals = Eigenvalues of Stress Tensor, Ascending Order               
  Stress_EigVecs = Eigenvectors of Stress Tensor                               
  -DivStress = Ehrenfest Force Density = Minus Divergence of Stress Tensor     
  ESP = Total Electrostatic Potential                                          
  ESPe = Electrostatic Potential from Electrons                                
  ESPn = Electrostatic Potential from Nuclei                                   
  BP = Bond Path                                                               
  BPL = Bond Path Length                                                       
  GBL = Geometric Bond Length                                                  
  GBL_I = Distance Between Nuclear Attractors                                  
  GBL_II = Distance Between Nuclei                                             
  GBL_III = Sum of Distances Between BCP and Nuclear Attractors                
  GBL_IV = Sum of Distances Between BCP and Nuclei                             

CP# 1      Coords =  3.30700462887860E-04  5.48013119580599E-05 -9.40530832508935E-01
           Type = (3,-3) NACP C1
           Rho =  1.2140874985E+02     Rho at Nucleus =  1.2140874882E+02
           GradRho = -5.7263393335E-15 -5.7028074805E-16 -1.3729238875E-11
           HessRho_EigVals = -2.4893320243E+05 -2.4892609483E+05 -2.4892609480E+05
           HessRho_EigVec1 =  1.7759568124E-04  4.3550674927E-04  9.9999988940E-01
           HessRho_EigVec2 =  9.2666694976E-01 -3.7588344498E-01 -8.7227108850E-07
           HessRho_EigVec3 =  3.7588340303E-01  9.2666684743E-01 -4.7032498743E-04
           DelSqRho = -7.4678539207E+05
           Bond Ellipticity = NA
           V = -1.8670986939E+05
           G =  6.7606846541E+00
           K =  1.8670310870E+05
           L =  1.8669634802E+05
           Vnuc =  2.0924292385E+06
           Ven = -2.5403921799E+08
           Vrep =  2.5385250812E+08
           DelSqV =  1.1231580666E+10
           DelSqVen =  1.5625955738E+12
           DelSqVrep = -1.5513639931E+12
           DelSqG =  3.8281853212E+08
           DelSqK = -1.1614399198E+10
           Stress_EigVals = -6.2237343266E+04 -6.2237343257E+04 -6.2235182863E+04
           Stress_EigVec1 =  3.8899570932E-01  9.2123944608E-01 -4.7023659886E-04
           Stress_EigVec2 =  9.2123954897E-01 -3.8899574981E-01  5.8034576945E-06
           Stress_EigVec3 =  1.7757366421E-04  4.3545807239E-04  9.9999988942E-01
           -DivStress = -1.7014589908E+00 -4.8225774391E+00 -1.0540584027E+04
           ESP =  -1.4869247537E+01     ESP at Nucleus =  -1.4869247560E+01
           ESPe = -2.2838728078E+01     ESPe at Nucleus = -2.2838727023E+01
           ESPn =  7.9694805411E+00     ESPn at Nucleus =  7.9694794624E+00

CP# 2      Coords =  4.10767013317465E-05 -1.95532504993553E+00 -1.16801474225377E+00
           Type = (3,-3) NACP H2
           Rho =  4.4813742706E-01     Rho at Nucleus =  4.4325833250E-01
           GradRho = -1.2132591782E-17 -4.4827892001E-16  5.7643603133E-16
           HessRho_EigVals = -8.9785743761E+00 -8.9652465455E+00 -8.0217158757E+00
           HessRho_EigVec1 =  1.5432686202E-04 -1.3689667237E-01  9.9058532054E-01
           HessRho_EigVec2 =  9.9999997679E-01 -1.2782769499E-04 -1.7345910641E-04
           HessRho_EigVec3 =  1.5037021268E-04  9.9058532432E-01  1.3689664946E-01
           DelSqRho = -2.5965536797E+01
           Bond Ellipticity = NA
           V = -6.5192161622E+00
           G =  1.3915981448E-02
           K =  6.5053001808E+00
           L =  6.4913841993E+00
           Vnuc =  3.8700906688E+01
           Ven = -1.7343324748E+01
           Vrep =  1.0824108586E+01
           DelSqV =  1.6595036694E+03
           DelSqVen =  1.0048898167E+03
           DelSqVrep =  6.5461385275E+02
           DelSqG =  1.2676674452E+02
           DelSqK = -1.7862704140E+03
           Stress_EigVals = -2.2532585617E+00 -2.2509568395E+00 -2.0150007610E+00
           Stress_EigVec1 =  1.5322770316E-04 -1.3627547650E-01  9.9067097011E-01
           Stress_EigVec2 =  9.9999997697E-01 -1.2799283404E-04 -1.7227716288E-04
           Stress_EigVec3 =  1.5027593752E-04  9.9067097370E-01  1.3627545375E-01
           -DivStress = -2.7983262476E-03 -1.8240427271E+01 -2.6961170389E+00
           ESP =  -1.2606445399E+00     ESP at Nucleus =  -1.2625288069E+00
           ESPe = -1.0645125803E+01     ESPe at Nucleus = -1.0570131946E+01
           ESPn =  9.3844812634E+00     ESPn at Nucleus =  9.3076031395E+00

CP# 3      Coords = -1.69291015927653E+00  9.77813301379447E-01 -1.16897906711973E+00
           Type = (3,-3) NACP H3
           Rho =  4.4813756631E-01     Rho at Nucleus =  4.4325850905E-01
           GradRho =  4.5287350974E-13 -2.6213209938E-13  7.6431824852E-14
           HessRho_EigVals = -8.9785778845E+00 -8.9652506515E+00 -8.0217253862E+00
           HessRho_EigVec1 = -1.1873155437E-01  6.9114144806E-02  9.9051807302E-01
           HessRho_EigVec2 =  5.0011136604E-01  8.6596096638E-01 -4.7566197296E-04
           HessRho_EigVec3 =  8.5778286271E-01 -4.9531287050E-01  1.3738166093E-01
           DelSqRho = -2.5965553922E+01
           Bond Ellipticity = NA
           V = -6.5192203732E+00
           G =  1.3915946326E-02
           K =  6.5053044269E+00
           L =  6.4913884805E+00
           Vnuc =  3.8701000649E+01
           Ven = -1.7343372244E+01
           Vrep =  1.0824151871E+01
           DelSqV =  1.6595053086E+03
           DelSqVen =  1.0048929192E+03
           DelSqVrep =  6.5461238943E+02
           DelSqG =  1.2676686629E+02
           DelSqK = -1.7862721749E+03
           Stress_EigVals = -2.2532593398E+00 -2.2509578874E+00 -2.0150031460E+00
           Stress_EigVec1 = -1.1819214218E-01  6.8806212090E-02  9.9060401912E-01
           Stress_EigVec2 =  5.0011172253E-01  8.6596075883E-01 -4.7870169229E-04
           Stress_EigVec3 =  8.5785714575E-01 -4.9535610357E-01  1.3676055038E-01
           -DivStress = -1.5794947802E+01  9.1204378430E+00 -2.7050078901E+00
           ESP =  -1.2606434270E+00     ESP at Nucleus =  -1.2625276752E+00
           ESPe = -1.0645095014E+01     ESPe at Nucleus = -1.0570101270E+01
           ESPn =  9.3844515874E+00     ESPn at Nucleus =  9.3075735952E+00

CP# 4      Coords =  1.69373524093628E+00  9.77380375145652E-01 -1.16958273637662E+00
           Type = (3,-3) NACP H4
           Rho =  4.4813874943E-01     Rho at Nucleus =  4.4325964422E-01
           GradRho = -4.5389453724E-13 -2.6212586237E-13  7.6286063738E-14
           HessRho_EigVals = -8.9786002646E+00 -8.9652728035E+00 -8.0217391589E+00
           HessRho_EigVec1 =  1.1910085052E-01  6.9088624791E-02  9.9047551677E-01
           HessRho_EigVec2 = -4.9989151848E-01  8.6608797384E-01 -3.0220034599E-04
           HessRho_EigVec3 =  8.5785981207E-01  4.9509431778E-01 -1.3768863186E-01
           DelSqRho = -2.5965612227E+01
           Bond Ellipticity = NA
           V = -6.5192351638E+00
           G =  1.3916053523E-02
           K =  6.5053191103E+00
           L =  6.4914030567E+00
           Vnuc =  3.8700903593E+01
           Ven = -1.7343374538E+01
           Vrep =  1.0824139374E+01
           DelSqV =  1.6595085233E+03
           DelSqVen =  1.0048926555E+03
           DelSqVrep =  6.5461586778E+02
           DelSqG =  1.2676710850E+02
           DelSqK = -1.7862756318E+03
           Stress_EigVals = -2.2532650233E+00 -2.2509635049E+00 -2.0150066356E+00
           Stress_EigVec1 =  1.1856078586E-01  6.8781855313E-02  9.9056165706E-01
           Stress_EigVec2 = -4.9989201898E-01  8.6608768347E-01 -3.0641920495E-04
           Stress_EigVec3 =  8.5793432698E-01  4.9513753737E-01 -1.3706753690E-01
           -DivStress =  1.5796397927E+01  9.1164666345E+00 -2.7106848134E+00
           ESP =  -1.2606438797E+00     ESP at Nucleus =  -1.2625281989E+00
           ESPe = -1.0645111937E+01     ESPe at Nucleus = -1.0570117844E+01
           ESPn =  9.3844680577E+00     ESPn at Nucleus =  9.3075896452E+00

CP# 5      Coords =  1.04879998652813E-03  1.81791996730534E-03  3.10806651434321E+00
           Type = (3,-3) NACP Cl5
           Rho =  3.1725878062E+03     Rho at Nucleus =  3.1725878058E+03
           GradRho = -8.0286380238E-13 -8.6280188237E-12 -1.3433918865E-08
           HessRho_EigVals = -1.3891681209E+08 -1.3891658851E+08 -1.3891658851E+08
           HessRho_EigVec1 =  1.7757287231E-04  4.3456270411E-04  9.9999988981E-01
           HessRho_EigVec2 =  2.5215150626E-01  9.6768765694E-01 -4.6529628343E-04
           HessRho_EigVec3 =  9.6768775251E-01 -2.5215156110E-01 -6.2259436339E-05
           DelSqRho = -4.1674998911E+08
           Bond Ellipticity = NA
           V = -1.0421594332E+08
           G =  1.4223021090E+04
           K =  1.0420172030E+08
           L =  1.0418749728E+08
           Vnuc =  2.2469890214E+08
           Ven = -7.1287699699E+11
           Vrep =  7.1277278105E+11
           DelSqV =  3.3656982229E+14
           DelSqVen =  9.3643275034E+16
           DelSqVrep = -9.3306705212E+16
           DelSqG =  4.5632227986E+12
           DelSqK = -3.4113304509E+14
           Stress_EigVals = -3.4738666496E+07 -3.4738666496E+07 -3.4738610328E+07
           Stress_EigVec1 =  9.6768219571E-01 -2.5217288560E-01 -6.2254875735E-05
           Stress_EigVec2 =  2.5217283076E-01  9.6768210014E-01 -4.6528565884E-04
           Stress_EigVec3 =  1.7757535611E-04  4.3454965974E-04  9.9999988982E-01
           -DivStress =  1.5008441230E+03  3.6423926257E+03  8.4286191779E+06
           ESP =  -6.4638381263E+01     ESP at Nucleus =  -6.4638381264E+01
           ESPe = -6.7879520851E+01     ESPe at Nucleus = -6.7879520805E+01
           ESPn =  3.2411395885E+00     ESPn at Nucleus =  3.2411395410E+00

CP# 6      Coords = -3.51489880467321E-04 -1.74043966504879E-03 -4.90094353788014E+00
           Type = (3,-3) NACP F6
           Rho =  4.3109893958E+02     Rho at Nucleus =  4.3109893907E+02
           GradRho =  1.4430330130E-12  4.1116771546E-12  9.2237160116E-09
           HessRho_EigVals = -2.0428416164E+06 -2.0428289812E+06 -2.0428289811E+06
           HessRho_EigVec1 =  1.6726698964E-04  4.7147178423E-04  9.9999987487E-01
           HessRho_EigVec2 =  9.9434841172E-01 -1.0616601432E-01 -1.1626739984E-04
           HessRho_EigVec3 =  1.0616594622E-01  9.9434830674E-01 -4.8656528943E-04
           DelSqRho = -6.1284995787E+06
           Bond Ellipticity = NA
           V = -1.5324338104E+06
           G =  1.5445788539E+02
           K =  1.5322793526E+06
           L =  1.5321248947E+06
           Vnuc =  1.2638324610E+07
           Ven = -5.4483683373E+09
           Vrep =  5.4468359035E+09
           DelSqV =  2.1792681139E+11
           DelSqVen =  7.7453968015E+13
           DelSqVrep = -7.7236041204E+13
           DelSqG =  7.2617713688E+09
           DelSqK = -2.2518858276E+11
           Stress_EigVals = -5.1081230918E+05 -5.1081230918E+05 -5.1080919208E+05
           Stress_EigVec1 =  1.0969625270E-01  9.9396503701E-01 -4.8718685273E-04
           Stress_EigVec2 =  9.9396514234E-01 -1.0969632042E-01 -1.1445266920E-04
           Stress_EigVec3 =  1.6720455668E-04  4.7169172049E-04  9.9999987477E-01
           -DivStress = -8.5208613186E+00 -2.3877613060E+01 -5.0763926591E+04
           ESP =  -2.6928494528E+01     ESP at Nucleus =  -2.6928494531E+01
           ESPe = -3.1276222292E+01     ESPe at Nucleus = -3.1276221728E+01
           ESPn =  4.3477277634E+00     ESPn at Nucleus =  4.3477271967E+00

CP# 7      Coords =  1.38126005907971E-04 -1.31302169748407E+00 -1.08200659857252E+00
           Type = (3,-1) BCP C1 H2
           Rho =  3.1739786312E-01
           GradRho = -2.7357723240E-17 -4.0599151054E-14  2.7563198575E-14
           HessRho_EigVals = -9.7022014271E-01 -9.2894874324E-01  5.1110820797E-01
           HessRho_EigVec1 =  1.5783785793E-04 -1.2930851497E-01  9.9160439846E-01
           HessRho_EigVec2 =  9.9999997640E-01 -1.2759277771E-04 -1.7581274053E-04
           HessRho_EigVec3 =  1.4925564398E-04  9.9160440281E-01  1.2930849178E-01
           DelSqRho = -1.3880606780E+00
           Bond Ellipticity =  4.4428069650E-02
           V = -4.3552296816E-01
           G =  4.4253899334E-02
           K =  3.9126906883E-01
           L =  3.4701516949E-01
           Vnuc =  1.2803330567E+01
           Ven = -4.0637497626E+00
           Vrep =  3.6282267945E+00
           DelSqV = -2.5104455379E+00
           DelSqVen =  1.7771799707E+01
           DelSqVrep = -2.0282245245E+01
           DelSqG =  1.9009563944E+00
           DelSqK =  6.0948914346E-01
           Stress_EigVals = -2.7412936966E-01 -2.6821126589E-01  1.0681766739E-01
           Stress_EigVec1 =  9.9999997587E-01 -1.2719380718E-04 -1.7911656836E-04
           Stress_EigVec2 =  1.6155827984E-04 -1.2669566167E-01  9.9194162289E-01
           Stress_EigVec3 =  1.4886212366E-04  9.9194162789E-01  1.2669563807E-01
           -DivStress = -4.6471850886E-06 -2.0072028264E-02 -1.2165741134E-02
           ESP =   7.5122545058E-01
           ESPe = -1.2052105116E+01
           ESPn =  1.2803330567E+01
           BPL =  1.9689662704E+00 =  1.3209272817E+00 +  6.4803898864E-01                
           GBL_I =  1.9685678489E+00                                                      
           GBL_II =  2.0026620567E+00                                                     
           GBL_III =  1.9687123545E+00 =  1.3206760849E+00 +  6.4803626966E-01            
           GBL_IV =  2.0028196090E+00 =  1.3206757764E+00 +  6.8214383258E-01             

CP# 8      Coords = -1.13671445852915E+00  6.56645464924186E-01 -1.08265557230585E+00
           Type = (3,-1) BCP C1 H3
           Rho =  3.1739721033E-01
           GradRho = -7.7280082649E-16  3.8550967165E-16  1.3378934357E-17
           HessRho_EigVals = -9.7021550969E-01 -9.2894417034E-01  5.1110517823E-01
           HessRho_EigVec1 = -1.1216486918E-01  6.5315668482E-02  9.9154067268E-01
           HessRho_EigVec2 =  5.0011092852E-01  8.6596122219E-01 -4.6993456175E-04
           HessRho_EigVec3 =  8.5866646685E-01 -4.9582761633E-01  1.2979550682E-01
           DelSqRho = -1.3880545018E+00
           Bond Ellipticity =  4.4428223641E-02
           V = -4.3552165107E-01
           G =  4.4254012810E-02
           K =  3.9126763826E-01
           L =  3.4701362545E-01
           Vnuc =  1.2803310101E+01
           Ven = -4.0637349089E+00
           Vrep =  3.6282132578E+00
           DelSqV = -2.5104028447E+00
           DelSqVen =  1.7771692223E+01
           DelSqVrep = -2.0282095068E+01
           DelSqG =  1.9009471360E+00
           DelSqK =  6.0945570869E-01
           Stress_EigVals = -2.7412853723E-01 -2.6821004119E-01  1.0681692736E-01
           Stress_EigVec1 =  5.0011010686E-01  8.6596170086E-01 -4.6224455832E-04
           Stress_EigVec2 = -1.0990631124E-01  6.4002539316E-02  9.9187916487E-01
           Stress_EigVec3 =  8.5895895348E-01 -4.9599799154E-01  1.2718297299E-01
           -DivStress = -1.7371726587E-02  1.0025926288E-02 -1.2172648606E-02
           ESP =   7.5122485528E-01
           ESPe = -1.2052085245E+01
           ESPn =  1.2803310101E+01
           BPL =  1.9689675641E+00 =  1.3209261262E+00 +  6.4804143786E-01                
           GBL_I =  1.9685692494E+00                                                      
           GBL_II =  2.0026633188E+00                                                     
           GBL_III =  1.9687137120E+00 =  1.3206749921E+00 +  6.4803871989E-01            
           GBL_IV =  2.0028208239E+00 =  1.3206746838E+00 +  6.8214614007E-01             

CP# 9      Coords =  2.19206838505286E-05 -7.82586038968867E-04 -2.75724246598631E+00
           Type = (3,-1) BCP C1 F6
           Rho =  4.6124786411E-02
           GradRho =  3.0156482896E-18  2.4678281199E-18  6.9357717442E-17
           HessRho_EigVals = -3.8343143315E-02 -3.8341205650E-02  2.3478592297E-01
           HessRho_EigVec1 =  9.8954898644E-01 -1.4419705748E-01 -1.0979666434E-04
           HessRho_EigVec2 =  1.4419699254E-01  9.8954889354E-01 -4.6328932139E-04
           HessRho_EigVec3 =  1.7545412462E-04  4.4261512962E-04  9.9999988665E-01
           DelSqRho =  1.5810157400E-01
           Bond Ellipticity =  5.0537390042E-05
           V = -4.4890432768E-02
           G =  4.2207913134E-02
           K =  2.6825196336E-03
           L = -3.9525393501E-02
           Vnuc =  1.1579449600E+01
           Ven = -5.3409963954E-01
           Vrep =  4.8920920677E-01
           DelSqV = -3.9590611695E-01
           DelSqVen = -1.8307292078E+00
           DelSqVrep =  1.4348230909E+00
           DelSqG =  2.8751436762E-01
           DelSqK =  1.0839174933E-01
           Stress_EigVals = -2.4686162228E-02 -2.4686136515E-02  4.4818659751E-03
           Stress_EigVec1 =  1.6144226371E-01  9.8688204359E-01 -4.7700292583E-04
           Stress_EigVec2 =  9.8688214393E-01 -1.6144232650E-01 -9.5948468347E-05
           Stress_EigVec3 =  1.7169828262E-04  4.5525553217E-04  9.9999988163E-01
           -DivStress =  3.4905498890E-06  9.3503345755E-06  2.0425050685E-02
           ESP =  -1.7904687811E-02
           ESPe = -1.1597354287E+01
           ESPn =  1.1579449600E+01
           BPL =  3.9604131739E+00 =  1.8167118555E+00 +  2.1437013184E+00                
           GBL_I =  3.9604131710E+00                                                      
           GBL_II =  3.9604110156E+00                                                     
           GBL_III =  3.9604131711E+00 =  1.8167118527E+00 +  2.1437013184E+00            
           GBL_IV =  3.9604110157E+00 =  1.8167089852E+00 +  2.1437020305E+00             

CP# 10     Coords =  6.26076560753213E-04  7.79896121241222E-04  7.24584839069748E-01
           Type = (3,-1) BCP Cl5 C1
           Rho =  8.0662118929E-02
           GradRho =  1.3587537654E-18 -7.5045799685E-19  5.2054643990E-17
           HessRho_EigVals = -8.4478947232E-02 -8.4478855508E-02  2.0957221773E-01
           HessRho_EigVec1 =  3.0343661783E-02  9.9953942774E-01 -4.4111307636E-04
           HessRho_EigVec2 =  9.9953950937E-01 -3.0343736588E-02 -1.6388844491E-04
           HessRho_EigVec3 =  1.7719798143E-04  4.3593697238E-04  9.9999988928E-01
           DelSqRho =  4.0614414986E-02
           Bond Ellipticity =  1.0857733916E-06
           V = -6.9105448231E-02
           G =  3.9629525989E-02
           K =  2.9475922242E-02
           L = -1.0153603747E-02
           Vnuc =  1.3426685393E+01
           Ven = -1.0830248940E+00
           Vrep =  1.0139194458E+00
           DelSqV = -4.4008839777E-01
           DelSqVen = -5.4531697246E-01
           DelSqVrep =  1.0522857469E-01
           DelSqG =  2.9777319340E-01
           DelSqK =  1.4231520437E-01
           Stress_EigVals = -4.1838276065E-02 -4.1838272701E-02  1.4571100534E-02
           Stress_EigVec1 =  5.2595103607E-01  8.5051472223E-01 -4.6360722311E-04
           Stress_EigVec2 =  8.5051483008E-01 -5.2595106020E-01  7.8075582822E-05
           Stress_EigVec3 =  1.7743027788E-04  4.3536875226E-04  9.9999988949E-01
           -DivStress = -7.3281533482E-06 -1.7918217816E-05 -4.1253141480E-02
           ESP =   1.7981272267E-01
           ESPe = -1.3246872671E+01
           ESPn =  1.3426685393E+01
           BPL =  4.0485977944E+00 =  2.3834819388E+00 +  1.6651158557E+00                
           GBL_I =  4.0485977944E+00                                                      
           GBL_II =  4.0486007376E+00                                                     
           GBL_III =  4.0485977944E+00 =  2.3834819388E+00 +  1.6651158557E+00            
           GBL_IV =  4.0486007376E+00 =  2.3834820144E+00 +  1.6651187231E+00             

CP# 11     Coords =  1.13748988827780E+00  6.56354912642979E-01 -1.08306051996416E+00
           Type = (3,-1) BCP H4 C1
           Rho =  3.1739872252E-01
           GradRho =  5.9252201394E-16  4.0183760923E-16  4.2308388072E-17
           HessRho_EigVals = -9.7022239960E-01 -9.2895065877E-01  5.1110559368E-01
           HessRho_EigVec1 =  1.1253443411E-01  6.5289594306E-02  9.9150051438E-01
           HessRho_EigVec2 = -4.9989087425E-01  8.6608834846E-01 -2.9412012097E-04
           HessRho_EigVec3 =  8.5874624598E-01  4.9560896031E-01 -1.3010243456E-01
           DelSqRho = -1.3880674647E+00
           Bond Ellipticity =  4.4428345506E-02
           V = -4.3552547468E-01
           G =  4.4254304255E-02
           K =  3.9127117043E-01
           L =  3.4701686617E-01
           Vnuc =  1.2803328861E+01
           Ven = -4.0637602244E+00
           Vrep =  3.6282347497E+00
           DelSqV = -2.5104179752E+00
           DelSqVen =  1.7771884231E+01
           DelSqVrep = -2.0282302207E+01
           DelSqG =  1.9009642120E+00
           DelSqK =  6.0945376313E-01
           Stress_EigVals = -2.7413046411E-01 -2.6821198964E-01  1.0681697907E-01
           Stress_EigVec1 = -4.9988970204E-01  8.6608902870E-01 -2.8313095451E-04
           Stress_EigVec2 =  1.1027727643E-01  6.3974133809E-02  9.9183982200E-01
           Stress_EigVec3 =  8.5903970112E-01  4.9577929018E-01 -1.2748994992E-01
           -DivStress =  1.7371780352E-02  1.0022477683E-02 -1.2179717140E-02
           ESP =   7.5122915963E-01
           ESPe = -1.2052099701E+01
           ESPn =  1.2803328861E+01
           BPL =  1.9689635540E+00 =  6.4804001180E-01 +  1.3209235422E+00                
           GBL_I =  1.9685652109E+00                                                      
           GBL_II =  2.0026594109E+00                                                     
           GBL_III =  1.9687096854E+00 =  6.4803729359E-01 +  1.3206723918E+00            
           GBL_IV =  2.0028169289E+00 =  6.8214484557E-01 +  1.3206720834E+00             

Number of NACPs  =      6
Number of NNACPs =      0
Number of BCPs   =      5
Number of RCPs   =      0
Number of CCPs   =      0
NumNACP + NumNNACP - NumBCP + NumRCP - NumCCP =      1
Poincare-Hopf Relationship is Satisfied

Bond Path Angles and Corresponding Geometric Bond Angles:
--------------------------------------------------------
  BPA     = A-B-C Bond Path Angle
  GBA_I   = A-B-C Geometric Bond Angle in Terms of Nuclear Attractors
  GBA_II  = A-B-C Geometric Bond Angle in Terms of Nuclei
  GBA_III = A-B-C Geometric Bond Angle in Terms of A|B and C|B BCPs and Nuclear Attractor B
  GBA_IV  = A-B-C Geometric Bond Angle in Terms of A|B and C|B BCPs and Nucleus B
-------------------------------------------------------------------------------------------------
Atom A    Atom B    Atom C        BPA          GBA_I         GBA_II       GBA_III       GBA_IV
-------------------------------------------------------------------------------------------------
H3        C1        H2        119.34889661  118.67368524  118.66180707  118.85851800  118.85856330
F6        C1        H2         85.34026457   83.33821171   83.30812142   83.82405064   83.82417432
F6        C1        H3         85.35103843   83.34037439   83.31028923   83.82691200   83.82703568
Cl5       C1        H2         94.65357740   96.66076802   96.69085831   96.17448989   96.17436621
Cl5       C1        H3         94.65367804   96.66038979   96.69047495   96.17418630   96.17406262
Cl5       C1        F6        179.99355824  179.99893840  179.99893840  179.99847974  179.99847974
H4        C1        H2        119.34898604  118.67369885  118.66181947  118.85854814  118.85859345
H4        C1        H3        119.34880022  118.67366488  118.66178955  118.85846496  118.85851026
H4        C1        F6         85.34783849   83.33975972   83.30967306   83.82609062   83.82621430
H4        C1        Cl5        94.65360312   96.66049636   96.69058303   96.17427057   96.17414689

Total time for electron density critical point search, analysis and connectivity = 222 sec (NProc = 8)             
 
Virial-Based Atomic Energy Components:
-------------------------------------
  Ee(A) = E(A) - W(A) = -T(A)
        = Contribution of Atom A to Electronic Energy of Molecule.
          Not additive to give molecular Ee unless molecular electronic virial theorem is satisfied.
  T(A) = Electronic Kinetic Energy of Atom A (Hamiltonian Form)
  Ven(A) = Ven(A,Mol) = VenT(A)
         = Attraction Energy Between Electron Density Distribution of Atom A and Nuclei of Molecule
  VenO(A) = Ven(A,A)
          = Attraction Energy Between Electron Density Distribution of Atom A and Nucleus of Atom A
  Vee(A) = Vee(A,A) + Vee(A,A')/2
         = Two-Electron Interaction Energy of Atom A with Itself Plus Half of Two-Electron Interaction Energy
           Between Atom A and Other Atoms of Molecule
  Vnn(A) - W(A) = Contribution of Atom A to the Nuclear Repulsion Energy of Molecule Minus
                  the Nuclear Virial of Energy-Gradient-Based Forces on Nuclei of Molecule.
                  Calculation of Vnn(A) - W(A) assumes satisfaction of the atomic virial theorem:
                       2T(A) + Ven(A) + Vee(A) + Vnn(A) - W(A) = 0
See "2EDM Note" and "DFT Note".
--------------------------------------------------------------------------------------------------------------------
Atom A         Ee(A)              T(A)             Ven(A)           VenO(A)            Vee(A)        Vnn(A) - W(A)
--------------------------------------------------------------------------------------------------------------------
C1       -3.7795352563E+01  3.7795352563E+01 -1.3438659441E+02 -8.8872325322E+01
H2       -6.1521748359E-01  6.1521748359E-01 -9.2919865236E+00 -1.2224339093E+00
H3       -6.1521214705E-01  6.1521214705E-01 -9.2919766758E+00 -1.2224335816E+00
H4       -6.1522149549E-01  6.1522149549E-01 -9.2920601537E+00 -1.2224419854E+00
Cl5      -4.5981441794E+02  4.5981441794E+02 -1.1562490660E+03 -1.0993386274E+03
F6       -9.9740054740E+01  9.9740054740E+01 -2.8566703786E+02 -2.4295984559E+02
--------------------------------------------------------------------------------------------------------------------
Total    -5.9919547637E+02  5.9919547637E+02 -1.6041787216E+03 -1.4348381078E+03
 
More Virial-Based Atomic Energy Components:
------------------------------------------
  E(A) = Ee(A) + W(A)
       = T(A) + Ven(A) + Vee(A) + Vnn(A) = Contribution of Atom A to Total Energy E of Molecule
         Not additive to give molecular E unless molecular virial theorem is satisfied.
  Ee(A) = E(A) - W(A) = Contribution of Atom A to Electronic Energy of Molecule
          Not additive to give molecular Ee unless molecular virial theorem is satisfied.
  W(A) = Contribution of Atom A to Nuclear Virial of Energy-Gradient-Based Forces on Nuclei of Molecule
  Vnn(A) = Contribution of Atom A to Nuclear Repulsion Energy of Molecule
           Calculation of Vnn(A) assumes satisfaction of the atomic virial theorem:
                2T(A) + Ven(A) + Vee(A) + Vnn(A) - W(A) = 0
  VeeC(A) = Coulomb Part of Vee(A)
  VeeX(A) = Exchange-Correlation Part of Vee(A)
See "2EDM Note" and "DFT Note".
--------------------------------------------------------------------------------------------------------------------
Atom A          E(A)             Ee(A)              W(A)             Vnn(A)           VeeC(A)           VeeX(A)
--------------------------------------------------------------------------------------------------------------------
C1                         -3.7795352563E+01
H2                         -6.1521748359E-01
H3                         -6.1521214705E-01
H4                         -6.1522149549E-01
Cl5                        -4.5981441794E+02
F6                         -9.9740054740E+01
--------------------------------------------------------------------------------------------------------------------
Total                      -5.9919547637E+02
 
IQA Atomic Energy Components:
----------------------------
  E_IQA(A) = Contribution of Atom A to Total Energy E of Molecule, Using IQA Additive Atomic Energy Definition
           = T(A) + Vne(A,Mol)/2 + Ven(A,Mol)/2 + Vee(A) + Vnn(A,Mol)/2
  T(A) = Electronic Kinetic Energy of Atom A (Hamiltonian Form)
  Vne(A,Mol)/2 = Half of Attraction Energy Between Nucleus of Atom A and Electron Density Distribution of Molecule
  Ven(A,Mol)/2 = Half of Attraction Energy Between Electron Density Distribution of Atom A and Nuclei of Molecule
  Vee(A) = Vee(A,A) + Vee(A,A')/2
         = Two-Electron Interaction Energy of Atom A with Itself Plus Half of Two-Electron Interaction Energy
           Between Atom A and Other Atoms of Molecule
  Vnn(A,Mol)/2 = Vnn(A,A')/2 = Half of Repulsion Energy Between Nucleus of Atom A and Other Nuclei of Molecule
  VeeC(A) = Coulomb Part of Vee(A)
  VeeX(A) = Exchange-Correlation Part of Vee(A)
See "2EDM Note" and "DFT Note".
--------------------------------------------------------------------------------------------------------------------------------------------------------
Atom A        E_IQA(A)            T(A)          Vne(A,Mol)/2      Ven(A,Mol)/2         Vee(A)         Vnn(A,Mol)/2        VeeC(A)           VeeX(A)
--------------------------------------------------------------------------------------------------------------------------------------------------------
C1                          3.7795352563E+01 -6.8516181068E+01 -6.7193297203E+01                    2.3908438387E+01
H2                          6.1521748359E-01 -5.2850659729E+00 -4.6459932618E+00                    4.6538015698E+00
H3                          6.1521214705E-01 -5.2850506347E+00 -4.6459883379E+00                    4.6537867976E+00
H4                          6.1522149549E-01 -5.2850589229E+00 -4.6460300769E+00                    4.6537948226E+00
Cl5                         4.5981441794E+02 -5.7697592684E+02 -5.7812453302E+02                    2.7549686098E+01
F6                          9.9740054740E+01 -1.4074299778E+02 -1.4283351893E+02                    1.9564772385E+01
--------------------------------------------------------------------------------------------------------------------------------------------------------
Total                       5.9919547637E+02 -8.0209028122E+02 -8.0208936083E+02                    8.4984280060E+01
 
More IQA Atomic Energy Components:
---------------------------------
  Vneen(A) = Vne(A,Mol)/2 + Ven(A,Mol)/2
  V_IQA(A) = Vne(A,Mol)/2 + Ven(A,Mol)/2 + Vee(A,A) + Vee(A,A')/2 + Vnn(A,A')/2
           = VC_IQA(A) + VX_IQA(A) = Potential Energy Contribution to E_IQA(A)
           = E_IQA(A) - T(A)
  VC_IQA(A) = Vne(A,Mol)/2 + Ven(A,Mol)/2 + VeeC(A,A) + VeeC(A,A')/2 + Vnn(A,A')/2
            = Coulomb Potential Energy Contribution to E_IQA(A)
            = E_IQA(A) - T(A) - VeeX(A)
  VX_IQA(A) = VeeX(A,A) + VeeX(A,A')/2
            = Exchange-Correlation Energy Contribution to E_IQA(A)
            = E_IQA(A) - T(A) - VC_IQA(A)
See "2EDM Note" and "DFT Note".
--------------------------------------------------------------------------------
Atom A        Vneen(A)          V_IQA(A)         VC_IQA(A)         VX_IQA(A)
--------------------------------------------------------------------------------
C1       -1.3570947827E+02
H2       -9.9310592347E+00
H3       -9.9310389726E+00
H4       -9.9310889998E+00
Cl5      -1.1551004599E+03
F6       -2.8357651671E+02
--------------------------------------------------------------------------------
Total    -1.6041796420E+03
 
IQA Intraatomic ("Self") Energy Components:
------------------------------------------
  E_IQA_Intra(A) = T(A) + Vne(A,A) + Vee(A,A)
                 = Intraatomic ("Self") Contribution to E_IQA(A)
  T(A) = Electronic Kinetic Energy of Atom A (Hamiltonian Form)
  Vne(A,A) = Attraction Energy Between Electron Density Distribution of Atom A and Nucleus of Atom A
  Vee(A,A) = Two-electron Interaction Energy of Atom A With Itself
  VeeC(A,A) = Coulomb Part of Vee(A,A)
