AIMSum (Version 17.11.14, Professional)
Copyright (c) 1997-2017 by Todd A. Keith
AIMSum is a component of the AIMAll package ( http://aim.tkgristmill.com )

TP:  64-bit Linux

Much of the Quantum Theory of Atoms in Molecules (QTAIM) is described in the book:
  "Atoms in Molecules - A Quantum Theory"
  R.F.W. Bader, Oxford University Press, Oxford, 1990

For additional references see:  http://aim.tkgristmill.com/references.html

Wfn File:  /home/bruns/metodo_ts/QCISD/clch3f_ts/RUN/GAUSSIAN.wfn
Sum File:  /home/bruns/metodo_ts/QCISD/clch3f_ts/RUN/GAUSSIAN.sum

SumViz File:  /home/bruns/metodo_ts/QCISD/clch3f_ts/RUN/GAUSSIAN.sumviz

Wfn Title:   clch3f_ts-wavefunction                                                        
 
Total memory allocated for AIMSum =        1.289 Megabytes

Atomic units (a.u.) used throughout, except where stated otherwise

Model:  Unknown
 
Restricted, natural orbital wavefunction.
  Number of electrons (from MO Occs)                   =          35.9999997000
  Number of Alpha electrons (from MO Occs)             =          17.9999998500
  Number of Beta electrons (from MO Occs)              =          17.9999998500
  Number of electron pairs (N*(N-1)/2)                 =         629.9999893500
  Number of electron pairs (from Muller 2EDM)          =         629.9999893500
  Number of electron pairs (from Muller 2EDM, no SOSI) =         630.4346222906
 
Nuclear Charges and Cartesian Coordinates:
-------------------------------------------------------------------------------
Atom      Charge                X                  Y                  Z
-------------------------------------------------------------------------------
C1         6.0           3.3070000000E-04  -1.8842460000E-02  -9.4053370000E-01
H2         1.0           3.5900000000E-05  -1.9890690400E+00  -1.1730021400E+00
H3         1.0          -1.7221301000E+00   9.9468570000E-01  -1.1739829100E+00
H4         1.0           1.7229578000E+00   9.9424539000E-01  -1.1745970700E+00
Cl5       17.0           1.0488000000E-03   1.8179200000E-03   3.1080665900E+00
F6         9.0          -3.5149000000E-04  -1.7404400000E-03  -4.9009442500E+00
 
Some Atomic Properties:
----------------------
  q(A) = Net Charge of Atom A
  L(A) = Lagrangian of Atom A = -(1/4) Times Atomic Integral of the Laplacian of the Electron Density
  K(A) = Electronic Kinetic Energy of Atom A (Hamiltonian Form)
  K_Scaled(A) = K(A) * E(Mol)/K(Mol) = Approximation to Virial-Based Total Energy of Atom A.
  |Mu_Intra(A)| = Magnitude of Intraatomic Dipole Moment of Atom A
--------------------------------------------------------------------------------------------------
Atom A          q(A)              L(A)              K(A)          K_Scaled(A)      |Mu_Intra(A)|
--------------------------------------------------------------------------------------------------
C1        2.2646192260E-01  2.7341632291E-04  3.7795270698E+01 -3.7803052744E+01  2.8376319781E-02
H2        8.7053393690E-02  3.1016811956E-05  6.2306061268E-01 -6.2318890086E-01  1.4488906481E-01
H3        9.3692838660E-02  2.1386789859E-05  6.1145426149E-01 -6.1158015992E-01  1.4481957400E-01
H4        9.3689443690E-02  3.0224220726E-05  6.1146526896E-01 -6.1159116965E-01  1.4479753300E-01
Cl5      -6.4153814600E-01  8.0832249652E-06  4.5981440790E+02 -4.5990908369E+02  1.6791648257E-01
F6       -8.5897286770E-01  1.2017586526E-05  9.9740051965E+01 -9.9760588442E+01  1.0492017192E-01
--------------------------------------------------------------------------------------------------
Total    -9.9961341506E-01  3.7614495694E-04  5.9919571071E+02 -5.9931908511E+02
 
1st Largest |L(A)| = 2.7341632291E-04, atom C1      
2nd Largest |L(A)| = 3.1016811956E-05, atom H2      
 
Molecular charge q(Mol) from the wfn file:  -9.9999970000E-01
Molecular energy E(Mol) from the wfn file:  -5.9931903719E+02
Molecular virial ratio (-V(Mol)/T(Mol)) from the wfn file:   2.0002059000E+00
Note.  K_Scaled(A) = (1+V(Mol)/T(Mol))*K(A) = (E(Mol)/T(Mol))*K(A)
       Only use K_Scaled(A) data with caution.
 
N_AIMInt(SumA)     =         35.999613
N_Analytic(Mol)    =         36.000000
 
G_AIMInt(SumA)     =        599.195335
G_Analytic(Mol)    =        599.195661
 
K_AIMInt(SumA)     =        599.195711
K_Analytic(Mol)    =        599.195661
 
L_AIMInt(SumA)     =          0.000376
L_Analytic(Mol)    =          0.000000
 
VenT_AIMInt(SumA)  =      -1604.176299
VenT_Analytic(Mol) =      -1604.179946
 
Some Information About the Atomic Calculations:
----------------------------------------------
  Time(sec) = "Elapsed User Time", in Seconds, for Atom A by AIMInt and, if used, by TWOe
  NProc = Number of Processors Used for AIMInt Job
  BIM = Basin Integration Method
  OAQ = Angular Quadrature Outside of Beta Sphere
  ORQ = Multiple of Default for Radial Quadrature Outside of Beta Sphere
  IAQ = Multiple of Default for Angular Quadrature Inside of Beta Sphere
  IRQ = Multiple of Default for Radial Quadrature Inside of Beta Sphere
  MIR = Maximum Integration Radius
------------------------------------------------------------------------------------------------------
Atom A     Time(sec)   NProc      BIM          OAQ                     ORQ      IAQ      IRQ      MIR
------------------------------------------------------------------------------------------------------
C1             72        8     Proaim(5)    4500(GS4)                  1.00     1.00     1.00    13.00
H2             17        8     Proaim(5)    1800(GS4)                  1.00     1.00     1.00    13.00
H3             17        8     Proaim(5)    1800(GS4)                  1.00     1.00     1.00    13.00
H4             17        8     Proaim(5)    1800(GS4)                  1.00     1.00     1.00    13.00
Cl5            28        8     Proaim(5)    3150(GS4)                  1.00     1.00     1.00    13.00
F6             35        8     Proaim(5)    2700(GS4)                  1.00     1.00     1.00    13.00
------------------------------------------------------------------------------------------------------
Total         186
Note:  Total wall clock time is less than total of atomic times if more than one atom
       was calculated at a time
 
Electron Density Critical Point Analysis of Molecular Structure:               
---------------------------------------------------------------                
  NACP = Nuclear Attractor Critical Point                                      
  NNACP = Non-Nuclear Attractor Critical Point                                 
  BCP = Bond Critical Point                                                    
  RCP = Ring Critical Point                                                    
  CCP = Cage Critical Point                                                    
  Rho = Electron Density                                                       
  GradRho = Gradient of Electron Density                                       
  HessRho_EigVals = Eigenvalues of the Hessian of Rho, Ascending Order         
  HessRho_EigVecs = Eigenvectors of the Hessian of Rho                         
  DelSqRho = Laplacian of Rho = Trace of Hessian of Rho                        
  Bond Ellipticity = (HessRho_EigVal(1) / HessRho_EigVal(2)) - 1               
  V = Virial Field = Potential Energy Density = Trace of Stress Tensor         
  G = Lagrangian Form of Kinetic Energy Density                                
  K = Hamiltonian Form of Kinetic Energy Density                               
  L = K - G = Lagrangian Density = (-1/4)DelSqRho                              
  Vnuc = Electrostatic Potential from Nuclei                                   
  Ven = Electron-nuclear attractive contribution to Virial Field V             
  Vrep = V - Ven = Repulsive contribution to Virial Field V                    
  DelSqV = Laplacian of V                                                      
  DelSqVen = Laplacian of Ven                                                  
  DelSqVrep = Laplacian of Vrep                                                
  DelSqG = Laplacian of G                                                      
  DelSqK = Laplacian of K                                                      
  Stress_EigVals = Eigenvalues of Stress Tensor, Ascending Order               
  Stress_EigVecs = Eigenvectors of Stress Tensor                               
  -DivStress = Ehrenfest Force Density = Minus Divergence of Stress Tensor     
  ESP = Total Electrostatic Potential                                          
  ESPe = Electrostatic Potential from Electrons                                
  ESPn = Electrostatic Potential from Nuclei                                   
  BP = Bond Path                                                               
  BPL = Bond Path Length                                                       
  GBL = Geometric Bond Length                                                  
  GBL_I = Distance Between Nuclear Attractors                                  
  GBL_II = Distance Between Nuclei                                             
  GBL_III = Sum of Distances Between BCP and Nuclear Attractors                
  GBL_IV = Sum of Distances Between BCP and Nuclei                             

CP# 1      Coords =  3.30700464305130E-04 -1.88422518142297E-02 -9.40530832064669E-01
           Type = (3,-3) NACP C1
           Rho =  1.2140893578E+02     Rho at Nucleus =  1.2140893475E+02
           GradRho = -4.7416864152E-15  2.7511818174E-13 -2.9542035984E-13
           HessRho_EigVals = -2.4893355923E+05 -2.4892649151E+05 -2.4892641123E+05
           HessRho_EigVec1 =  1.7757200478E-04 -1.3143747130E-03  9.9999912044E-01
           HessRho_EigVec2 =  9.9999993562E-01 -3.1158425502E-04 -1.7798168835E-04
           HessRho_EigVec3 =  3.1181791559E-04  9.9999908767E-01  1.3143192998E-03
           DelSqRho = -7.4678646197E+05
           Bond Ellipticity = NA
           V = -1.8671013744E+05
           G =  6.7609732070E+00
           K =  1.8670337647E+05
           L =  1.8669661549E+05
           Vnuc =  2.0866149366E+06
           Ven = -2.5333369884E+08
           Vrep =  2.5314698870E+08
           DelSqV =  1.1231596623E+10
           DelSqVen =  1.5582557798E+12
           DelSqVrep = -1.5470241832E+12
           DelSqG =  3.8281904474E+08
           DelSqK = -1.1614415668E+10
           Stress_EigVals = -6.2237450395E+04 -6.2237414915E+04 -6.2235272129E+04
           Stress_EigVec1 =  2.7950632907E-04  9.9999927778E-01  1.1688924441E-03
           Stress_EigVec2 =  9.9999994518E-01 -2.7929859892E-04 -1.7787482364E-04
           Stress_EigVec3 =  1.7754822516E-04 -1.1689420971E-03  9.9999930103E-01
           -DivStress = -1.7066737895E+00 -7.6584071522E+02 -1.0542234299E+04
           ESP =  -1.4869251015E+01     ESP at Nucleus =  -1.4869251038E+01
           ESPe = -2.2838689794E+01     ESPe at Nucleus = -2.2838688737E+01
           ESPn =  7.9694387795E+00     ESPn at Nucleus =  7.9694376998E+00

CP# 2      Coords =  4.12107991045394E-05 -1.95482847568128E+00 -1.16791906326514E+00
           Type = (3,-3) NACP H2
           Rho =  4.5446706205E-01     Rho at Nucleus =  4.4938327352E-01
           GradRho = -1.7628780538E-18  3.9840959687E-16  4.7485488428E-16
           HessRho_EigVals = -9.0987941872E+00 -9.0852174064E+00 -8.1045845453E+00
           HessRho_EigVec1 =  1.5390564136E-04 -1.3777466550E-01  9.9046358735E-01
           HessRho_EigVec2 =  9.9999997661E-01 -1.2933774359E-04 -1.7337851115E-04
           HessRho_EigVec3 =  1.5199149187E-04  9.9046359086E-01  1.3777464237E-01
           DelSqRho = -2.6288596139E+01
           Bond Ellipticity = NA
           V = -6.6009491815E+00
           G =  1.4400073399E-02
           K =  6.5865491081E+00
           L =  6.5721490347E+00
           Vnuc =  3.8303528798E+01
           Ven = -1.7407692199E+01
           Vrep =  1.0806743018E+01
           DelSqV =  1.6781111759E+03
           DelSqVen =  1.0069459993E+03
           DelSqVrep =  6.7116517663E+02
           DelSqG =  1.2816139867E+02
           DelSqK = -1.8062725746E+03
           Stress_EigVals = -2.2836001791E+00 -2.2814104172E+00 -2.0359385853E+00
           Stress_EigVec1 =  1.5354222753E-04 -1.3714851785E-01  9.9055048356E-01
           Stress_EigVec2 =  9.9999997667E-01 -1.2944025246E-04 -1.7292885680E-04
           Stress_EigVec3 =  1.5193404107E-04  9.9055048700E-01  1.3714849477E-01
           -DivStress = -2.9060266703E-03 -1.8735265375E+01 -2.7815148137E+00
           ESP =  -1.2604401467E+00     ESP at Nucleus =  -1.2626808622E+00
           ESPe = -1.0675430727E+01     ESPe at Nucleus = -1.0598627281E+01
           ESPn =  9.4149905800E+00     ESPn at Nucleus =  9.3359464191E+00

CP# 3      Coords = -1.69330225394129E+00  9.77631837953215E-01 -1.16902645153902E+00
           Type = (3,-3) NACP H3
           Rho =  4.4501532204E-01     Rho at Nucleus =  4.4023587102E-01
           GradRho =  3.2707219364E-13 -1.9383122195E-13  5.5878548737E-14
           HessRho_EigVals = -8.9191833538E+00 -8.9059730278E+00 -7.9805399462E+00
           HessRho_EigVec1 = -1.1741552432E-01  7.0486946905E-02  9.9057820739E-01
           HessRho_EigVec2 =  5.0880965882E-01  8.6087852418E-01 -9.4747284810E-04
           HessRho_EigVec3 =  8.5283428973E-01 -5.0390451172E-01  1.3694494270E-01
           DelSqRho = -2.5805696328E+01
           Bond Ellipticity = NA
           V = -6.4787862427E+00
           G =  1.3681080397E-02
           K =  6.4651051623E+00
           L =  6.4514240819E+00
           Vnuc =  3.8903385280E+01
           Ven = -1.7312602529E+01
           Vrep =  1.0833816286E+01
           DelSqV =  1.6502670845E+03
           DelSqVen =  1.0039289467E+03
           DelSqVrep =  6.4633813784E+02
           DelSqG =  1.2607455150E+02
           DelSqK = -1.7763416360E+03
           Stress_EigVals = -2.2382712081E+00 -2.2359176125E+00 -2.0045974221E+00
           Stress_EigVec1 = -1.1987610836E-01  6.5104415821E-02  9.9065187310E-01
           Stress_EigVec2 =  5.0834836304E-01  8.6113746046E-01  4.9209740349E-03
           Stress_EigVec3 =  8.5276706107E-01 -5.0418616525E-01  1.3632553073E-01
           -DivStress = -1.5488243607E+01  9.1630715661E+00 -2.6631157013E+00
           ESP =  -1.2606851009E+00     ESP at Nucleus =  -1.2624001366E+00
           ESPe = -1.0629999554E+01     ESPe at Nucleus = -1.0555899468E+01
           ESPn =  9.3693144531E+00     ESPn at Nucleus =  9.2934993310E+00

CP# 4      Coords =  1.69412720749047E+00  9.77198710754903E-01 -1.16963024018959E+00
           Type = (3,-3) NACP H4
           Rho =  4.4501783337E-01     Rho at Nucleus =  4.4023829231E-01
           GradRho = -3.2764821881E-13 -1.9358304547E-13  5.6622102627E-14
           HessRho_EigVals = -8.9192309956E+00 -8.9060203945E+00 -7.9805712823E+00
           HessRho_EigVec1 =  1.1778513979E-01  7.0462131715E-02  9.9053609164E-01
           HessRho_EigVec2 = -5.0859257299E-01  8.6100696873E-01 -7.7103614700E-04
           HessRho_EigVec3 =  8.5291280653E-01  5.0368848288E-01 -1.3725034304E-01
           DelSqRho = -2.5805822672E+01
           Bond Ellipticity = NA
           V = -6.4788182409E+00
           G =  1.3681286385E-02
           K =  6.4651369545E+00
           L =  6.4514556681E+00
           Vnuc =  3.8903197826E+01
           Ven = -1.7312616808E+01
           Vrep =  1.0833798567E+01
           DelSqV =  1.6502742342E+03
           DelSqVen =  1.0039290245E+03
           DelSqVrep =  6.4634520973E+02
           DelSqG =  1.2607508828E+02
           DelSqK = -1.7763493225E+03
           Stress_EigVals = -2.2382832657E+00 -2.2359296271E+00 -2.0046053480E+00
           Stress_EigVec1 =  1.2024432523E-01  6.5079062351E-02  9.9060891269E-01
           Stress_EigVec2 = -5.0812917192E-01  8.6126579158E-01  5.0971470083E-03
           Stress_EigVec3 =  8.5284585178E-01  5.0397018950E-01 -1.3663089401E-01
           -DivStress =  1.5489793854E+01  9.1592566932E+00 -2.6687008813E+00
           ESP =  -1.2606855565E+00     ESP at Nucleus =  -1.2624007323E+00
           ESPe = -1.0630022980E+01     ESPe at Nucleus = -1.0555922160E+01
           ESPn =  9.3693374232E+00     ESPn at Nucleus =  9.2935214274E+00

CP# 5      Coords =  1.04879998652841E-03  1.81791911906441E-03  3.10806651434857E+00
           Type = (3,-3) NACP Cl5
           Rho =  3.1725878582E+03     Rho at Nucleus =  3.1725878578E+03
           GradRho =  8.7910312454E-12 -1.3313645930E-11  2.6669653604E-08
           HessRho_EigVals = -1.3891681147E+08 -1.3891658808E+08 -1.3891658768E+08
           HessRho_EigVec1 =  1.7758259829E-04  8.9292836074E-03  9.9996011738E-01
           HessRho_EigVec2 =  2.1322761092E-04  9.9996011008E-01 -8.9293214092E-03
           HessRho_EigVec3 =  9.9999996150E-01 -2.1480479895E-04 -1.7567154472E-04
           DelSqRho = -4.1674998723E+08
           Bond Ellipticity = NA
           V = -1.0421594285E+08
           G =  1.4223019541E+04
           K =  1.0420171983E+08
           L =  1.0418749681E+08
           Vnuc =  2.2469962306E+08
           Ven = -7.1287929587E+11
           Vrep =  7.1277507992E+11
           DelSqV =  3.3656982317E+14
           DelSqVen =  9.3643549912E+16
           DelSqVrep = -9.3306980089E+16
           DelSqG =  4.5632226826E+12
           DelSqK = -3.4113304585E+14
           Stress_EigVals = -3.4738666390E+07 -3.4738666290E+07 -3.4738610168E+07
           Stress_EigVec1 =  9.9999996152E-01 -2.1472517574E-04 -1.7567134471E-04
           Stress_EigVec2 =  2.1314521669E-04  9.9995997039E-01 -8.9449528339E-03
           Stress_EigVec3 =  1.7758501922E-04  8.9449150462E-03  9.9995997768E-01
           -DivStress =  1.5008121516E+03  9.8104038556E+04  8.4280199100E+06
           ESP =  -6.4638379904E+01     ESP at Nucleus =  -6.4638379905E+01
           ESPe = -6.7879500337E+01     ESPe at Nucleus = -6.7879500290E+01
           ESPn =  3.2411204327E+00     ESPn at Nucleus =  3.2411203852E+00

CP# 6      Coords = -3.51489880488840E-04 -1.74044899230679E-03 -4.90094353794685E+00
           Type = (3,-3) NACP F6
           Rho =  4.3109895014E+02     Rho at Nucleus =  4.3109894962E+02
           GradRho =  1.3818438822E-12 -1.0788671724E-10  9.2181784147E-09
           HessRho_EigVals = -2.0428416735E+06 -2.0428290616E+06 -2.0428290124E+06
           HessRho_EigVec1 =  1.6725344779E-04 -1.0844617722E-02  9.9994118142E-01
           HessRho_EigVec2 =  1.1885341824E-04  9.9994118856E-01  1.0844597919E-02
           HessRho_EigVec3 =  9.9999997895E-01 -1.1703263106E-04 -1.6853253126E-04
           DelSqRho = -6.1284997476E+06
           Bond Ellipticity = NA
           V = -1.5324338526E+06
           G =  1.5445786477E+02
           K =  1.5322793948E+06
           L =  1.5321249369E+06
           Vnuc =  1.2638502292E+07
           Ven = -5.4484450693E+09
           Vrep =  5.4469126354E+09
           DelSqV =  2.1792681820E+11
           DelSqVen =  7.7455054340E+13
           DelSqVrep = -7.7237127522E+13
           DelSqG =  7.2617715891E+09
           DelSqK = -2.2518858979E+11
           Stress_EigVals = -5.1081232939E+05 -5.1081231730E+05 -5.1080920593E+05
           Stress_EigVec1 =  9.9999997989E-01 -1.0892222883E-04 -1.6839000205E-04
           Stress_EigVec2 =  1.1075346857E-04  9.9994043981E-01  1.0913503897E-02
           Stress_EigVec3 =  1.6719124954E-04 -1.0913522327E-02  9.9994043176E-01
           -DivStress = -8.5193287026E+00  6.4105012651E+02 -5.0759179874E+04
           ESP =  -2.6928493439E+01     ESP at Nucleus =  -2.6928493442E+01
           ESPe = -3.1276207233E+01     ESPe at Nucleus = -3.1276206669E+01
           ESPn =  4.3477137940E+00     ESPn at Nucleus =  4.3477132273E+00

CP# 7      Coords =  1.38730432090973E-04 -1.31630069777605E+00 -1.08169728020172E+00
           Type = (3,-1) BCP C1 H2
           Rho =  3.2438492560E-01
           GradRho = -7.7400182514E-19 -7.6704383045E-16 -1.2906754722E-17
           HessRho_EigVals = -9.9952480764E-01 -9.5629144479E-01  5.0771884817E-01
           HessRho_EigVec1 =  1.5721219296E-04 -1.3064286328E-01  9.9142948189E-01
           HessRho_EigVec2 =  9.9999997627E-01 -1.2900081498E-04 -1.7556995051E-04
           HessRho_EigVec3 =  1.5083217220E-04  9.9142948596E-01  1.3064283990E-01
           DelSqRho = -1.4480974043E+00
           Bond Ellipticity =  4.5209400424E-02
           V = -4.5388701126E-01
           G =  4.5931330098E-02
           K =  4.0795568117E-01
           L =  3.6202435107E-01
           Vnuc =  1.2862434173E+01
           Ven = -4.1723797524E+00
           Vrep =  3.7184927412E+00
           DelSqV = -2.5198576075E+00
           DelSqVen =  1.8626057539E+01
           DelSqVrep = -2.1145915147E+01
           DelSqG =  1.9781034571E+00
           DelSqK =  5.4175415043E-01
           Stress_EigVals = -2.8307430394E-01 -2.7658696275E-01  1.0577425543E-01
           Stress_EigVec1 =  9.9999997576E-01 -1.2868901489E-04 -1.7866742315E-04
           Stress_EigVec2 =  1.6073970710E-04 -1.2790665243E-01  9.9178619794E-01
           Stress_EigVec3 =  1.5048474078E-04  9.9178620262E-01  1.2790662864E-01
           -DivStress = -4.5317123028E-06 -1.7629556749E-02 -1.2334143392E-02
           ESP =   7.7406134764E-01
           ESPe = -1.2088372826E+01
           ESPn =  1.2862434173E+01
           BPL =  1.9496910428E+00 =  1.3053657279E+00 +  6.4432531489E-01                
           GBL_I =  1.9492942699E+00                                                      
           GBL_II =  1.9838937570E+00                                                     
           GBL_III =  1.9494383272E+00 =  1.3051154822E+00 +  6.4432284497E-01            
           GBL_IV =  1.9840507722E+00 =  1.3051149651E+00 +  6.7893580720E-01             

CP# 8      Coords =  2.19302772279967E-05 -9.40587336892239E-03 -2.75724650503510E+00
           Type = (3,-1) BCP C1 F6
           Rho =  4.6123382197E-02
           GradRho = -3.5132430226E-16 -8.2081053594E-13  8.7637557908E-13
           HessRho_EigVals = -3.8366238566E-02 -3.8316039371E-02  2.3477871557E-01
           HessRho_EigVec1 = -5.3372782780E-03  9.9998114622E-01  3.0365538593E-03
           HessRho_EigVec2 =  9.9998574124E-01  5.3377863810E-03 -1.5924911428E-04
           HessRho_EigVec3 =  1.7545458767E-04 -3.0356606050E-03  9.9999537698E-01
           DelSqRho =  1.5809643763E-01
           Bond Ellipticity =  1.3101352898E-03
           V = -4.4887891836E-02
           G =  4.2206000622E-02
           K =  2.6818912145E-03
           L = -3.9524109407E-02
           Vnuc =  1.1579369733E+01
           Ven = -5.3407969578E-01
           Vrep =  4.8919180395E-01
           DelSqV = -3.9587837543E-01
           DelSqVen = -1.8306571047E+00
           DelSqVrep =  1.4347787293E+00
           DelSqG =  2.8749811608E-01
           DelSqK =  1.0838025934E-01
           Stress_EigVals = -2.4699185259E-02 -2.4670456295E-02  4.4817497186E-03
           Stress_EigVec1 =  9.9999998383E-01 -5.2618388922E-05 -1.7195431813E-04
           Stress_EigVec2 =  5.3465365533E-05  9.9998784948E-01  4.9293038768E-03
           Stress_EigVec3 =  1.7169285676E-04 -4.9293129907E-03  9.9998783612E-01
           -DivStress =  3.4903648213E-06 -9.4887812655E-05  2.0422625575E-02
           ESP =  -1.7918494538E-02
           ESPe = -1.1597288227E+01
           ESPn =  1.1579369733E+01
           BPL =  3.9604620382E+00 =  1.8167511630E+00 +  2.1437108752E+00                
           GBL_I =  3.9604496889E+00                                                      
           GBL_II =  3.9604475339E+00                                                     
           GBL_III =  3.9604509766E+00 =  1.8167402062E+00 +  2.1437107704E+00            
           GBL_IV =  3.9604488219E+00 =  1.8167373394E+00 +  2.1437114825E+00             

CP# 9      Coords = -1.13843448025813E+00  6.50108446216136E-01 -1.08278769808162E+00
           Type = (3,-1) BCP C1 H3
           Rho =  3.1393337769E-01
           GradRho = -6.4470182816E-14  3.9326522735E-14  6.0960359037E-14
           HessRho_EigVals = -9.5564179908E-01 -9.1528667434E-01  5.1231823820E-01
           HessRho_EigVec1 = -1.1002868848E-01  6.7633312685E-02  9.9162463802E-01
           HessRho_EigVec2 =  5.0826478122E-01  8.6119767144E-01 -2.3415554943E-03
           HessRho_EigVec3 =  8.5414319636E-01 -5.0375024142E-01  1.2913208118E-01
           DelSqRho = -1.3586102352E+00
           Bond Ellipticity =  4.4090147790E-02
           V = -4.2657745435E-01
           G =  4.3462447771E-02
           K =  3.8311500658E-01
           L =  3.3965255881E-01
           Vnuc =  1.2774328536E+01
           Ven = -4.0102881051E+00
           Vrep =  3.5837106508E+00
           DelSqV = -2.5010969767E+00
           DelSqVen =  1.7355333497E+01
           DelSqVrep = -1.9856430474E+01
           DelSqG =  1.8637957560E+00
           DelSqK =  6.3730122070E-01
           Stress_EigVals = -2.6971638794E-01 -2.6406490059E-01  1.0720383418E-01
           Stress_EigVec1 =  5.0866154426E-01  8.6096317807E-01 -2.4164853946E-03
           Stress_EigVec2 = -1.0775898342E-01  6.6448710607E-02  9.9195391544E-01
           Stress_EigVec3 =  8.5419636787E-01 -5.0430841245E-01  1.2657642058E-01
           -DivStress = -1.7428098951E-02  1.1325723661E-02 -1.2022488852E-02
           ESP =   7.3997042075E-01
           ESPe = -1.2034358116E+01
           ESPn =  1.2774328536E+01
           BPL =  1.9786736022E+00 =  1.3286038600E+00 +  6.5006974224E-01                
           GBL_I =  1.9782728437E+00                                                      
           GBL_II =  2.0121155713E+00                                                     
           GBL_III =  1.9784185555E+00 =  1.3283516813E+00 +  6.5006687427E-01            
           GBL_IV =  2.0122744472E+00 =  1.3283514786E+00 +  6.8392296862E-01             

CP# 10     Coords =  6.26084946682946E-04 -1.08120012147404E-02  7.24600716420675E-01
           Type = (3,-1) BCP Cl5 C1
           Rho =  8.0658432135E-02
           GradRho = -1.0981378522E-16 -9.3815652574E-17  3.8578925215E-16
           HessRho_EigVals = -8.4541257162E-02 -8.4406154402E-02  2.0956582813E-01
           HessRho_EigVec1 =  2.0499587003E-04  9.9999162534E-01 -4.0874469099E-03
           HessRho_EigVec2 =  9.9999996329E-01 -2.0571839252E-04 -1.7634655861E-04
           HessRho_EigVec3 =  1.7718594478E-04  4.0874106095E-03  9.9999163080E-01
           DelSqRho =  4.0618416564E-02
           Bond Ellipticity =  1.6006268920E-03
           V = -6.9099377122E-02
           G =  3.9626990632E-02
           K =  2.9472386491E-02
           L = -1.0154604141E-02
           Vnuc =  1.3426546049E+01
           Ven = -1.0829641533E+00
           Vrep =  1.0138647762E+00
           DelSqV = -4.4005619286E-01
           DelSqVen = -5.4536504044E-01
           DelSqVrep =  1.0530884758E-01
           DelSqG =  2.9774637039E-01
           DelSqK =  1.4230982247E-01
           Stress_EigVals = -4.1853877348E-02 -4.1816609270E-02  1.4571109496E-02
           Stress_EigVec1 =  9.9999997350E-01 -1.4775325048E-04 -1.7656156992E-04
           Stress_EigVec2 =  1.4670788398E-04  9.9998254803E-01 -5.9061085910E-03
           Stress_EigVec3 =  1.7743113531E-04  5.9060825315E-03  9.9998254320E-01
           -DivStress = -7.3270470559E-06 -2.2646574718E-04 -4.1244735668E-02
           ESP =   1.7978840640E-01
           ESPe = -1.3246757643E+01
           ESPn =  1.3426546049E+01
           BPL =  4.0486595884E+00 =  2.3834995646E+00 +  1.6651600238E+00                
           GBL_I =  4.0486501246E+00                                                      
           GBL_II =  4.0486530693E+00                                                     
           GBL_III =  4.0486502359E+00 =  2.3834992980E+00 +  1.6651509379E+00            
           GBL_IV =  4.0486531804E+00 =  2.3834993736E+00 +  1.6651538068E+00             

CP# 11     Coords =  1.13920943243227E+00  6.49817058065060E-01 -1.08319320874975E+00
           Type = (3,-1) BCP H4 C1
           Rho =  3.1393637589E-01
           GradRho =  5.5823625704E-14  3.3960920839E-14  5.0450589950E-14
           HessRho_EigVals = -9.5565495495E-01 -9.1529905185E-01  5.1231833300E-01
           HessRho_EigVec1 =  1.1039884681E-01  6.7608336717E-02  9.9158519928E-01
           HessRho_EigVec2 = -5.0804783862E-01  8.6132613714E-01 -2.1631343381E-03
           HessRho_EigVec3 =  8.5422449526E-01  5.0353390976E-01 -1.2943768161E-01
           DelSqRho = -1.3586356738E+00
           Bond Ellipticity =  4.4090401947E-02
           V = -4.2658504811E-01
           G =  4.3463064830E-02
           K =  3.8312198328E-01
           L =  3.3965891845E-01
           Vnuc =  1.2774359582E+01
           Ven = -4.0103361515E+00
           Vrep =  3.5837511034E+00
           DelSqV = -2.5011181425E+00
           DelSqVen =  1.7355700638E+01
           DelSqVrep = -1.9856818781E+01
           DelSqG =  1.8638284014E+00
           DelSqK =  6.3728974116E-01
           Stress_EigVals = -2.6972020159E-01 -2.6406862425E-01  1.0720377774E-01
           Stress_EigVec1 = -5.0844439667E-01  8.6109192424E-01 -2.2346142868E-03
           Stress_EigVec2 =  1.0813057906E-01  6.6421404656E-02  9.9191530630E-01
           Stress_EigVec3 =  8.5427868601E-01  5.0409214932E-01 -1.2688195941E-01
           -DivStress =  1.7428340618E-02  1.1322379721E-02 -1.2029657290E-02
           ESP =   7.3997953275E-01
           ESPe = -1.2034380049E+01
           ESPn =  1.2774359582E+01
           BPL =  1.9786653662E+00 =  6.5006736037E-01 +  1.3285980058E+00                
           GBL_I =  1.9782645792E+00                                                      
           GBL_II =  2.0121075465E+00                                                     
           GBL_III =  1.9784103028E+00 =  6.5006449220E-01 +  1.3283458106E+00            
           GBL_IV =  2.0122664353E+00 =  6.8392082753E-01 +  1.3283456078E+00             

Number of NACPs  =      6
Number of NNACPs =      0
Number of BCPs   =      5
Number of RCPs   =      0
Number of CCPs   =      0
NumNACP + NumNNACP - NumBCP + NumRCP - NumCCP =      1
Poincare-Hopf Relationship is Satisfied

Bond Path Angles and Corresponding Geometric Bond Angles:
--------------------------------------------------------
  BPA     = A-B-C Bond Path Angle
  GBA_I   = A-B-C Geometric Bond Angle in Terms of Nuclear Attractors
  GBA_II  = A-B-C Geometric Bond Angle in Terms of Nuclei
  GBA_III = A-B-C Geometric Bond Angle in Terms of A|B and C|B BCPs and Nuclear Attractor B
  GBA_IV  = A-B-C Geometric Bond Angle in Terms of A|B and C|B BCPs and Nucleus B
-------------------------------------------------------------------------------------------------
Atom A    Atom B    Atom C        BPA          GBA_I         GBA_II       GBA_III       GBA_IV
-------------------------------------------------------------------------------------------------
F6        C1        H2         85.92279173   83.54851689   83.51815713   84.08811528   84.08824649
H3        C1        H2        119.74150501  119.12191492  119.11211967  119.27030004  119.27035344
H3        C1        F6         85.05930350   83.23346057   83.20350209   83.69317194   83.69329182
Cl5       C1        H2         95.24764673   96.99127585   97.02164162   96.48579968   96.48568219
Cl5       C1        F6        178.82956026  179.46020722  179.46020120  179.42608494  179.42607122
Cl5       C1        H3         94.34995519   96.49303928   96.52297598   96.01650790   96.01638100
H4        C1        H2        119.74177587  119.12212996  119.11233446  119.27051513  119.27056853
H4        C1        F6         85.05628188   83.23289477   83.20293476   83.69241112   83.69253100
H4        C1        H3        118.56482559  117.77627360  117.76021929  118.03432400  118.03435313
H4        C1        Cl5        94.34997735   96.49321725   96.52315549   96.01665929   96.01653240

Total time for electron density critical point search, analysis and connectivity = 159 sec (NProc = 8)             
 
Virial-Based Atomic Energy Components:
-------------------------------------
  Ee(A) = E(A) - W(A) = -T(A)
        = Contribution of Atom A to Electronic Energy of Molecule.
          Not additive to give molecular Ee unless molecular electronic virial theorem is satisfied.
  T(A) = Electronic Kinetic Energy of Atom A (Hamiltonian Form)
  Ven(A) = Ven(A,Mol) = VenT(A)
         = Attraction Energy Between Electron Density Distribution of Atom A and Nuclei of Molecule
  VenO(A) = Ven(A,A)
          = Attraction Energy Between Electron Density Distribution of Atom A and Nucleus of Atom A
  Vee(A) = Vee(A,A) + Vee(A,A')/2
         = Two-Electron Interaction Energy of Atom A with Itself Plus Half of Two-Electron Interaction Energy
           Between Atom A and Other Atoms of Molecule
  Vnn(A) - W(A) = Contribution of Atom A to the Nuclear Repulsion Energy of Molecule Minus
                  the Nuclear Virial of Energy-Gradient-Based Forces on Nuclei of Molecule.
                  Calculation of Vnn(A) - W(A) assumes satisfaction of the atomic virial theorem:
                       2T(A) + Ven(A) + Vee(A) + Vnn(A) - W(A) = 0
See "2EDM Note" and "DFT Note".
--------------------------------------------------------------------------------------------------------------------
Atom A         Ee(A)              T(A)             Ven(A)           VenO(A)            Vee(A)        Vnn(A) - W(A)
--------------------------------------------------------------------------------------------------------------------
C1       -3.7795270698E+01  3.7795270698E+01 -1.3437991284E+02 -8.8870489348E+01
H2       -6.2306061268E-01  6.2306061268E-01 -9.3658199039E+00 -1.2333661151E+00
H3       -6.1145426149E-01  6.1145426149E-01 -9.2574901217E+00 -1.2171934550E+00
H4       -6.1146526896E-01  6.1146526896E-01 -9.2575885194E+00 -1.2172041533E+00
Cl5      -4.5981440790E+02  4.5981440790E+02 -1.1562486275E+03 -1.0993385374E+03
F6       -9.9740051965E+01  9.9740051965E+01 -2.8566686000E+02 -2.4295981520E+02
--------------------------------------------------------------------------------------------------------------------
Total    -5.9919571071E+02  5.9919571071E+02 -1.6041762989E+03 -1.4348366057E+03
 
More Virial-Based Atomic Energy Components:
------------------------------------------
  E(A) = Ee(A) + W(A)
       = T(A) + Ven(A) + Vee(A) + Vnn(A) = Contribution of Atom A to Total Energy E of Molecule
         Not additive to give molecular E unless molecular virial theorem is satisfied.
  Ee(A) = E(A) - W(A) = Contribution of Atom A to Electronic Energy of Molecule
          Not additive to give molecular Ee unless molecular virial theorem is satisfied.
  W(A) = Contribution of Atom A to Nuclear Virial of Energy-Gradient-Based Forces on Nuclei of Molecule
  Vnn(A) = Contribution of Atom A to Nuclear Repulsion Energy of Molecule
           Calculation of Vnn(A) assumes satisfaction of the atomic virial theorem:
                2T(A) + Ven(A) + Vee(A) + Vnn(A) - W(A) = 0
  VeeC(A) = Coulomb Part of Vee(A)
  VeeX(A) = Exchange-Correlation Part of Vee(A)
See "2EDM Note" and "DFT Note".
--------------------------------------------------------------------------------------------------------------------
Atom A          E(A)             Ee(A)              W(A)             Vnn(A)           VeeC(A)           VeeX(A)
--------------------------------------------------------------------------------------------------------------------
C1                         -3.7795270698E+01
H2                         -6.2306061268E-01
H3                         -6.1145426149E-01
H4                         -6.1146526896E-01
Cl5                        -4.5981440790E+02
F6                         -9.9740051965E+01
--------------------------------------------------------------------------------------------------------------------
Total                      -5.9919571071E+02
 
IQA Atomic Energy Components:
----------------------------
  E_IQA(A) = Contribution of Atom A to Total Energy E of Molecule, Using IQA Additive Atomic Energy Definition
           = T(A) + Vne(A,Mol)/2 + Ven(A,Mol)/2 + Vee(A) + Vnn(A,Mol)/2
  T(A) = Electronic Kinetic Energy of Atom A (Hamiltonian Form)
  Vne(A,Mol)/2 = Half of Attraction Energy Between Nucleus of Atom A and Electron Density Distribution of Molecule
  Ven(A,Mol)/2 = Half of Attraction Energy Between Electron Density Distribution of Atom A and Nuclei of Molecule
  Vee(A) = Vee(A,A) + Vee(A,A')/2
         = Two-Electron Interaction Energy of Atom A with Itself Plus Half of Two-Electron Interaction Energy
           Between Atom A and Other Atoms of Molecule
  Vnn(A,Mol)/2 = Vnn(A,A')/2 = Half of Repulsion Energy Between Nucleus of Atom A and Other Nuclei of Molecule
  VeeC(A) = Coulomb Part of Vee(A)
  VeeX(A) = Exchange-Correlation Part of Vee(A)
See "2EDM Note" and "DFT Note".
--------------------------------------------------------------------------------------------------------------------------------------------------------
Atom A        E_IQA(A)            T(A)          Vne(A,Mol)/2      Ven(A,Mol)/2         Vee(A)         Vnn(A,Mol)/2        VeeC(A)           VeeX(A)
--------------------------------------------------------------------------------------------------------------------------------------------------------
C1                          3.7795270698E+01 -6.8516066212E+01 -6.7189956421E+01                    2.3908313099E+01
H2                          6.2306061268E-01 -5.2993136407E+00 -4.6829099519E+00                    4.6679732095E+00
H3                          6.1145426149E-01 -5.2779497331E+00 -4.6287450608E+00                    4.6467496655E+00
H4                          6.1146526896E-01 -5.2779610806E+00 -4.6287942597E+00                    4.6467607137E+00
Cl5                         4.5981440790E+02 -5.7697575246E+02 -5.7812431376E+02                    2.7549523274E+01
F6                          9.9740051965E+01 -1.4074293001E+02 -1.4283343000E+02                    1.9564709523E+01
--------------------------------------------------------------------------------------------------------------------------------------------------------
Total                       5.9919571071E+02 -8.0208997314E+02 -8.0208814945E+02                    8.4984029485E+01
 
More IQA Atomic Energy Components:
---------------------------------
  Vneen(A) = Vne(A,Mol)/2 + Ven(A,Mol)/2
  V_IQA(A) = Vne(A,Mol)/2 + Ven(A,Mol)/2 + Vee(A,A) + Vee(A,A')/2 + Vnn(A,A')/2
           = VC_IQA(A) + VX_IQA(A) = Potential Energy Contribution to E_IQA(A)
           = E_IQA(A) - T(A)
  VC_IQA(A) = Vne(A,Mol)/2 + Ven(A,Mol)/2 + VeeC(A,A) + VeeC(A,A')/2 + Vnn(A,A')/2
            = Coulomb Potential Energy Contribution to E_IQA(A)
            = E_IQA(A) - T(A) - VeeX(A)
  VX_IQA(A) = VeeX(A,A) + VeeX(A,A')/2
            = Exchange-Correlation Energy Contribution to E_IQA(A)
            = E_IQA(A) - T(A) - VC_IQA(A)
See "2EDM Note" and "DFT Note".
--------------------------------------------------------------------------------
Atom A        Vneen(A)          V_IQA(A)         VC_IQA(A)         VX_IQA(A)
--------------------------------------------------------------------------------
C1       -1.3570602263E+02
H2       -9.9822235926E+00
H3       -9.9066947939E+00
H4       -9.9067553403E+00
Cl5      -1.1551000662E+03
F6       -2.8357636001E+02
--------------------------------------------------------------------------------
Total    -1.6041781226E+03
 
IQA Intraatomic ("Self") Energy Components:
------------------------------------------
  E_IQA_Intra(A) = T(A) + Vne(A,A) + Vee(A,A)
                 = Intraatomic ("Self") Contribution to E_IQA(A)
  T(A) = Electronic Kinetic Energy of Atom A (Hamiltonian Form)
  Vne(A,A) = Attraction Energy Between Electron Density Distribution of Atom A and Nucleus of Atom A
  Vee(A,A) = Two-electron Interaction Energy of Atom A With Itself
  VeeC(A,A) = Coulomb Part of Vee(A,A)
