AIMSum (Version 17.11.14, Professional)
Copyright (c) 1997-2017 by Todd A. Keith
AIMSum is a component of the AIMAll package ( http://aim.tkgristmill.com )

TP:  64-bit Linux

Much of the Quantum Theory of Atoms in Molecules (QTAIM) is described in the book:
  "Atoms in Molecules - A Quantum Theory"
  R.F.W. Bader, Oxford University Press, Oxford, 1990

For additional references see:  http://aim.tkgristmill.com/references.html

Wfn File:  /home/bruns/metodo_ts/QCISD/clch3f_ts/RUN/GAUSSIAN.wfn
Sum File:  /home/bruns/metodo_ts/QCISD/clch3f_ts/RUN/GAUSSIAN.sum

SumViz File:  /home/bruns/metodo_ts/QCISD/clch3f_ts/RUN/GAUSSIAN.sumviz

Wfn Title:   clch3f_ts-wavefunction                                                        
 
Total memory allocated for AIMSum =        1.289 Megabytes

Atomic units (a.u.) used throughout, except where stated otherwise

Model:  Unknown
 
Restricted, natural orbital wavefunction.
  Number of electrons (from MO Occs)                   =          35.9999997000
  Number of Alpha electrons (from MO Occs)             =          17.9999998500
  Number of Beta electrons (from MO Occs)              =          17.9999998500
  Number of electron pairs (N*(N-1)/2)                 =         629.9999893500
  Number of electron pairs (from Muller 2EDM)          =         629.9999893500
  Number of electron pairs (from Muller 2EDM, no SOSI) =         630.4346222923
 
Nuclear Charges and Cartesian Coordinates:
-------------------------------------------------------------------------------
Atom      Charge                X                  Y                  Z
-------------------------------------------------------------------------------
C1         6.0          -1.8566560000E-02   5.4800000000E-05  -9.4053370000E-01
H2         1.0           3.5900000000E-05  -1.9890690400E+00  -1.1730021400E+00
H3         1.0          -1.7221301000E+00   9.9468570000E-01  -1.1739829100E+00
H4         1.0           1.7229578000E+00   9.9424539000E-01  -1.1745970700E+00
Cl5       17.0           1.0488000000E-03   1.8179200000E-03   3.1080665900E+00
F6         9.0          -3.5149000000E-04  -1.7404400000E-03  -4.9009442500E+00
 
Some Atomic Properties:
----------------------
  q(A) = Net Charge of Atom A
  L(A) = Lagrangian of Atom A = -(1/4) Times Atomic Integral of the Laplacian of the Electron Density
  K(A) = Electronic Kinetic Energy of Atom A (Hamiltonian Form)
  K_Scaled(A) = K(A) * E(Mol)/K(Mol) = Approximation to Virial-Based Total Energy of Atom A.
  |Mu_Intra(A)| = Magnitude of Intraatomic Dipole Moment of Atom A
--------------------------------------------------------------------------------------------------
Atom A          q(A)              L(A)              K(A)          K_Scaled(A)      |Mu_Intra(A)|
--------------------------------------------------------------------------------------------------
C1        2.2608351850E-01 -7.9468659572E-05  3.7795232963E+01 -3.7803015379E+01  2.8593977068E-02
H2        9.1711836820E-02  3.1143102826E-05  6.1514533771E-01 -6.1527200229E-01  1.4489243961E-01
H3        8.7729435920E-02  2.1678949388E-05  6.2194920563E-01 -6.2207727119E-01  1.4492071114E-01
H4        9.5008339050E-02  2.9832278958E-05  6.0887423304E-01 -6.0899960633E-01  1.4469814702E-01
Cl5      -6.4153514000E-01  9.0131801881E-06  4.5981440780E+02 -4.5990908819E+02  1.6791846773E-01
F6       -8.5897440400E-01  1.1542778327E-05  9.9740051032E+01 -9.9760588506E+01  1.0492015004E-01
--------------------------------------------------------------------------------------------------
Total    -9.9997641371E-01  2.3741630115E-05  5.9919566057E+02 -5.9931904095E+02
 
1st Largest |L(A)| = 7.9468659572E-05, atom C1      
2nd Largest |L(A)| = 3.1143102826E-05, atom H2      
 
Molecular charge q(Mol) from the wfn file:  -9.9999970000E-01
Molecular energy E(Mol) from the wfn file:  -5.9931903875E+02
Molecular virial ratio (-V(Mol)/T(Mol)) from the wfn file:   2.0002059100E+00
Note.  K_Scaled(A) = (1+V(Mol)/T(Mol))*K(A) = (E(Mol)/T(Mol))*K(A)
       Only use K_Scaled(A) data with caution.
 
N_AIMInt(SumA)     =         35.999976
N_Analytic(Mol)    =         36.000000
 
G_AIMInt(SumA)     =        599.195637
G_Analytic(Mol)    =        599.195654
 
K_AIMInt(SumA)     =        599.195661
K_Analytic(Mol)    =        599.195654
 
L_AIMInt(SumA)     =          0.000024
L_Analytic(Mol)    =          0.000000
 
VenT_AIMInt(SumA)  =      -1604.179820
VenT_Analytic(Mol) =      -1604.179947
 
Some Information About the Atomic Calculations:
----------------------------------------------
  Time(sec) = "Elapsed User Time", in Seconds, for Atom A by AIMInt and, if used, by TWOe
  NProc = Number of Processors Used for AIMInt Job
  BIM = Basin Integration Method
  OAQ = Angular Quadrature Outside of Beta Sphere
  ORQ = Multiple of Default for Radial Quadrature Outside of Beta Sphere
  IAQ = Multiple of Default for Angular Quadrature Inside of Beta Sphere
  IRQ = Multiple of Default for Radial Quadrature Inside of Beta Sphere
  MIR = Maximum Integration Radius
------------------------------------------------------------------------------------------------------
Atom A     Time(sec)   NProc      BIM          OAQ                     ORQ      IAQ      IRQ      MIR
------------------------------------------------------------------------------------------------------
C1             86        8     Proaim(5)    4500(GS4)                  1.00     1.00     1.00    13.00
H2             17        8     Proaim(5)    1800(GS4)                  1.00     1.00     1.00    13.00
H3             17        8     Proaim(5)    1800(GS4)                  1.00     1.00     1.00    13.00
H4             18        8     Proaim(5)    1800(GS4)                  1.00     1.00     1.00    13.00
Cl5            33        8     Proaim(5)    3150(GS4)                  1.00     1.00     1.00    13.00
F6             36        8     Proaim(5)    2700(GS4)                  1.00     1.00     1.00    13.00
------------------------------------------------------------------------------------------------------
Total         207
Note:  Total wall clock time is less than total of atomic times if more than one atom
       was calculated at a time
 
Electron Density Critical Point Analysis of Molecular Structure:               
---------------------------------------------------------------                
  NACP = Nuclear Attractor Critical Point                                      
  NNACP = Non-Nuclear Attractor Critical Point                                 
  BCP = Bond Critical Point                                                    
  RCP = Ring Critical Point                                                    
  CCP = Cage Critical Point                                                    
  Rho = Electron Density                                                       
  GradRho = Gradient of Electron Density                                       
  HessRho_EigVals = Eigenvalues of the Hessian of Rho, Ascending Order         
  HessRho_EigVecs = Eigenvectors of the Hessian of Rho                         
  DelSqRho = Laplacian of Rho = Trace of Hessian of Rho                        
  Bond Ellipticity = (HessRho_EigVal(1) / HessRho_EigVal(2)) - 1               
  V = Virial Field = Potential Energy Density = Trace of Stress Tensor         
  G = Lagrangian Form of Kinetic Energy Density                                
  K = Hamiltonian Form of Kinetic Energy Density                               
  L = K - G = Lagrangian Density = (-1/4)DelSqRho                              
  Vnuc = Electrostatic Potential from Nuclei                                   
  Ven = Electron-nuclear attractive contribution to Virial Field V             
  Vrep = V - Ven = Repulsive contribution to Virial Field V                    
  DelSqV = Laplacian of V                                                      
  DelSqVen = Laplacian of Ven                                                  
  DelSqVrep = Laplacian of Vrep                                                
  DelSqG = Laplacian of G                                                      
  DelSqK = Laplacian of K                                                      
  Stress_EigVals = Eigenvalues of Stress Tensor, Ascending Order               
  Stress_EigVecs = Eigenvectors of Stress Tensor                               
  -DivStress = Ehrenfest Force Density = Minus Divergence of Stress Tensor     
  ESP = Total Electrostatic Potential                                          
  ESPe = Electrostatic Potential from Electrons                                
  ESPn = Electrostatic Potential from Nuclei                                   
  BP = Bond Path                                                               
  BPL = Bond Path Length                                                       
  GBL = Geometric Bond Length                                                  
  GBL_I = Distance Between Nuclear Attractors                                  
  GBL_II = Distance Between Nuclei                                             
  GBL_III = Sum of Distances Between BCP and Nuclear Attractors                
  GBL_IV = Sum of Distances Between BCP and Nuclei                             

CP# 1      Coords = -1.85663550284097E-02  5.47989486579045E-05 -9.40530831969589E-01
           Type = (3,-3) NACP C1
           Rho =  1.2140892727E+02     Rho at Nucleus =  1.2140892624E+02
           GradRho =  4.1113727358E-13  5.6291599396E-16 -9.8378053652E-13
           HessRho_EigVals = -2.4893354684E+05 -2.4892647907E+05 -2.4892639892E+05
           HessRho_EigVec1 = -1.5492057011E-03  4.5848774662E-04  9.9999869487E-01
           HessRho_EigVec2 =  7.0694243015E-01  7.0727067388E-01  7.7092531181E-04
           HessRho_EigVec3 =  7.0726939734E-01 -7.0694270182E-01  1.4198322020E-03
           DelSqRho = -7.4678642483E+05
           Bond Ellipticity = NA
           V = -1.8671012815E+05
           G =  6.7609691442E+00
           K =  1.8670336718E+05
           L =  1.8669660621E+05
           Vnuc =  2.0867135781E+06
           Ven = -2.5334565703E+08
           Vrep =  2.5315894690E+08
           DelSqV =  1.1231596072E+10
           DelSqVen =  1.5583293686E+12
           DelSqVrep = -1.5470977643E+12
           DelSqG =  3.8281903366E+08
           DelSqK = -1.1614415106E+10
           Stress_EigVals = -6.2237447304E+04 -6.2237411806E+04 -6.2235269037E+04
           Stress_EigVec1 = -7.0662171428E-01  7.0759029124E-01 -1.3163011717E-03
           Stress_EigVec2 =  7.0759012309E-01  7.0662279161E-01  6.6939555410E-04
           Stress_EigVec3 = -1.4037862037E-03  4.5839227417E-04  9.9999890963E-01
           -DivStress = -7.5401614463E+02  3.8741547729E+00 -1.0542583422E+04
           ESP =  -1.4869250357E+01     ESP at Nucleus =  -1.4869250380E+01
           ESPe = -2.2838689949E+01     ESPe at Nucleus = -2.2838688892E+01
           ESPn =  7.9694395920E+00     ESPn at Nucleus =  7.9694385123E+00

CP# 2      Coords = -3.71076639144908E-04 -1.95532844996682E+00 -1.16801521290163E+00
           Type = (3,-3) NACP H2
           Rho =  4.4809357435E-01     Rho at Nucleus =  4.4321521272E-01
           GradRho = -2.3714218095E-18  1.2659575101E-16 -3.5800962664E-16
           HessRho_EigVals = -8.9777134967E+00 -8.9643854097E+00 -8.0210061434E+00
           HessRho_EigVec1 =  2.3161702159E-03 -1.3687055220E-01  9.9058623415E-01
           HessRho_EigVec2 =  9.9993303625E-01  1.1548678103E-02 -7.4232928130E-04
           HessRho_EigVec3 = -1.1338358533E-02  9.9052162014E-01  1.3688813554E-01
           DelSqRho = -2.5963105050E+01
           Bond Ellipticity = NA
           V = -6.5186054824E+00
           G =  1.3914609947E-02
           K =  6.5046908724E+00
           L =  6.4907762625E+00
           Vnuc =  3.8701632151E+01
           Ven = -1.7341952684E+01
           Vrep =  1.0823347201E+01
           DelSqV =  1.6593527776E+03
           DelSqVen =  1.0048145411E+03
           DelSqVrep =  6.5453823642E+02
           DelSqG =  1.2675533449E+02
           DelSqK = -1.7861081120E+03
           Stress_EigVals = -2.2530421066E+00 -2.2507418080E+00 -2.0148215677E+00
           Stress_EigVec1 = -4.7367327493E-03 -1.3632828656E-01  9.9065239193E-01
           Stress_EigVec2 =  9.9992084444E-01  1.0901838916E-02  6.2813019795E-03
           Stress_EigVec3 = -1.1656251935E-02  9.9060372914E-01  1.3626585632E-01
           -DivStress =  2.2058002622E-01 -1.8236893516E+01 -2.6956094095E+00
           ESP =  -1.2606186265E+00     ESP at Nucleus =  -1.2625011074E+00
           ESPe = -1.0644961834E+01     ESPe at Nucleus = -1.0569975035E+01
           ESPn =  9.3843432073E+00     ESPn at Nucleus =  9.3074739279E+00

CP# 3      Coords = -1.69264385764972E+00  9.77417169815779E-01 -1.16889611847176E+00
           Type = (3,-3) NACP H3
           Rho =  4.5359520101E-01     Rho at Nucleus =  4.4853961663E-01
           GradRho =  6.3084883296E-13 -3.6948622952E-13  1.0824875194E-13
           HessRho_EigVals = -9.0822410586E+00 -9.0686994051E+00 -8.0931775979E+00
           HessRho_EigVec1 = -1.1883241997E-01  7.0447542076E-02  9.9041203536E-01
           HessRho_EigVec2 =  5.0519245877E-01  8.6300636465E-01 -7.7082540450E-04
           HessRho_EigVec3 =  8.5478619289E-01 -5.0025709229E-01  1.3814270176E-01
           DelSqRho = -2.6244118061E+01
           Bond Ellipticity = NA
           V = -6.5896964191E+00
           G =  1.4333451882E-02
           K =  6.5753629673E+00
           L =  6.5610295154E+00
           Vnuc =  3.8356619545E+01
           Ven = -1.7398378552E+01
           Vrep =  1.0808682133E+01
           DelSqV =  1.6755510404E+03
           DelSqVen =  1.0066356518E+03
           DelSqVrep =  6.6891538861E+02
           DelSqG =  1.2796946520E+02
           DelSqK = -1.8035205056E+03
           Stress_EigVals = -2.2794222767E+00 -2.2772176788E+00 -2.0330564637E+00
           Stress_EigVec1 = -1.2018633852E-01  6.6895333014E-02  9.9049495630E-01
           Stress_EigVec2 =  5.0487890155E-01  8.6318509341E-01  2.9646716302E-03
           Stress_EigVec3 =  8.5478215868E-01 -5.0043631855E-01  1.3751709809E-01
           -DivStress = -1.6106885833E+01  9.4333158070E+00 -2.7789101060E+00
           ESP =  -1.2604666453E+00     ESP at Nucleus =  -1.2626574136E+00
           ESPe = -1.0671265703E+01     ESPe at Nucleus = -1.0594709463E+01
           ESPn =  9.4107990578E+00     ESPn at Nucleus =  9.3320520497E+00

CP# 4      Coords =  1.69400336197490E+00  9.77768745954803E-01 -1.16966413312086E+00
           Type = (3,-3) NACP H4
           Rho =  4.4280884739E-01     Rho at Nucleus =  4.3810012137E-01
           GradRho = -3.2390426362E-13 -1.8424119865E-13  5.4493464170E-14
           HessRho_EigVals = -8.8772076288E+00 -8.8640797089E+00 -7.9514829570E+00
           HessRho_EigVec1 =  1.1898112146E-01  6.7799192459E-02  9.9057900353E-01
           HessRho_EigVec2 = -4.9485964144E-01  8.6897291897E-01 -3.7056177370E-05
           HessRho_EigVec3 =  8.6078884055E-01  4.9019316152E-01 -1.3694245649E-01
           DelSqRho = -2.5692770295E+01
           Bond Ellipticity = NA
           V = -6.4502208941E+00
           G =  1.3514160204E-02
           K =  6.4367067339E+00
           L =  6.4231925737E+00
           Vnuc =  3.9051918858E+01
           Ven = -1.7292535178E+01
           Vrep =  1.0842314284E+01
           DelSqV =  1.6437425682E+03
           DelSqVen =  1.0033519808E+03
           DelSqVrep =  6.4039058747E+02
           DelSqG =  1.2558575254E+02
           DelSqK = -1.7693283208E+03
           Stress_EigVals = -2.2276785018E+00 -2.2252863602E+00 -1.9972560321E+00
           Stress_EigVec1 =  1.1680087249E-01  7.0379736385E-02  9.9065849257E-01
           Stress_EigVec2 = -4.9511235732E-01  8.6882249987E-01 -3.3492300482E-03
           Stress_EigVec3 =  8.6094210596E-01  4.9009606856E-01 -1.3632510321E-01
           -DivStress =  1.5489561929E+01  8.8140632028E+00 -2.6390272969E+00
           ESP =  -1.2607269765E+00     ESP at Nucleus =  -1.2623242951E+00
           ESPe = -1.0619219096E+01     ESPe at Nucleus = -1.0545758301E+01
           ESPn =  9.3584921194E+00     ESPn at Nucleus =  9.2834340064E+00

CP# 5      Coords =  1.04879913860581E-03  1.81791996762835E-03  3.10806651434782E+00
           Type = (3,-3) NACP Cl5
           Rho =  3.1725878558E+03     Rho at Nucleus =  3.1725878554E+03
           GradRho = -4.6373195692E-12  1.9458587839E-12  2.5403732928E-08
           HessRho_EigVals = -1.3891681126E+08 -1.3891658786E+08 -1.3891658746E+08
           HessRho_EigVec1 =  8.6518519313E-03  4.1419860016E-04  9.9996248625E-01
           HessRho_EigVec2 =  7.0397382574E-01 -7.1020226034E-01 -5.7967299788E-03
           HessRho_EigVec3 =  7.1017321699E-01  7.0399756949E-01 -6.4361497709E-03
           DelSqRho = -4.1674998658E+08
           Bond Ellipticity = NA
           V = -1.0421594268E+08
           G =  1.4223019648E+04
           K =  1.0420171966E+08
           L =  1.0418749665E+08
           Vnuc =  2.2469805208E+08
           Ven = -7.1287431126E+11
           Vrep =  7.1277009532E+11
           DelSqV =  3.3656982261E+14
           DelSqVen =  9.3642931437E+16
           DelSqVrep = -9.3306395974E+16
           DelSqG =  4.5632226717E+12
           DelSqK = -3.4113304528E+14
           Stress_EigVals = -3.4738666336E+07 -3.4738666235E+07 -3.4738610114E+07
           Stress_EigVec1 =  7.1017266885E-01  7.0399801987E-01 -6.4473586555E-03
           Stress_EigVec2 =  7.0397418528E-01 -7.1020181385E-01 -5.8077586369E-03
           Stress_EigVec3 =  8.6675763920E-03  4.1426260554E-04  9.9996235004E-01
           -DivStress =  9.5926702855E+04  3.6061139087E+03  8.4281029176E+06
           ESP =  -6.4638379244E+01     ESP at Nucleus =  -6.4638379245E+01
           ESPe = -6.7879501462E+01     ESPe at Nucleus = -6.7879501416E+01
           ESPn =  3.2411222181E+00     ESPn at Nucleus =  3.2411221706E+00

CP# 6      Coords = -3.51499229061221E-04 -1.74043968642337E-03 -4.90094353795885E+00
           Type = (3,-3) NACP F6
           Rho =  4.3109894830E+02     Rho at Nucleus =  4.3109894779E+02
           GradRho = -1.1084545493E-10  3.5498555384E-12  8.2524340962E-09
           HessRho_EigVals = -2.0428416606E+06 -2.0428290491E+06 -2.0428289994E+06
           HessRho_EigVec1 = -1.1133134273E-02  4.8729240540E-04  9.9993790601E-01
           HessRho_EigVec2 =  7.0367605640E-01 -7.1047384299E-01  8.1808365094E-03
           HessRho_EigVec3 =  7.1043371329E-01  7.0372344069E-01  7.5669046934E-03
           DelSqRho = -6.1284997092E+06
           Bond Ellipticity = NA
           V = -1.5324338430E+06
           G =  1.5445786857E+02
           K =  1.5322793852E+06
           L =  1.5321249273E+06
           Vnuc =  1.2638660385E+07
           Ven = -5.4485132000E+09
           Vrep =  5.4469807662E+09
           DelSqV =  2.1792681664E+11
           DelSqVen =  7.7456019030E+13
           DelSqVrep = -7.7238092213E+13
           DelSqG =  7.2617715273E+09
           DelSqK = -2.2518858816E+11
           Stress_EigVals = -5.1081232624E+05 -5.1081231402E+05 -5.1080920276E+05
           Stress_EigVec1 =  7.1048516189E-01  7.0367096458E-01  7.6163210109E-03
           Stress_EigVec2 =  7.0362301511E-01 -7.1052581647E-01  8.2290173640E-03
           Stress_EigVec3 = -1.1202113291E-02  4.8757598023E-04  9.9993713549E-01
           -DivStress =  6.5793224572E+02 -2.2349784269E+01 -5.0758324439E+04
           ESP =  -2.6928494049E+01     ESP at Nucleus =  -2.6928494052E+01
           ESPe = -3.1276205812E+01     ESPe at Nucleus = -3.1276205248E+01
           ESPn =  4.3477117624E+00     ESPn at Nucleus =  4.3477111958E+00

CP# 7      Coords = -7.40480353701580E-03 -1.31306819630665E+00 -1.08201291324000E+00
           Type = (3,-1) BCP C1 H2
           Rho =  3.1736176742E-01
           GradRho =  1.1105106867E-15 -4.4100102308E-14  3.0985777287E-14
           HessRho_EigVals = -9.7008803790E-01 -9.2881757028E-01  5.1114722987E-01
           HessRho_EigVec1 =  3.7006518117E-03 -1.2926926817E-01  9.9160262277E-01
           HessRho_EigVec2 =  9.9993866873E-01  1.0829422802E-02 -2.3199951602E-03
           HessRho_EigVec3 = -1.0438579977E-02  9.9155039202E-01  1.2930141585E-01
           DelSqRho = -1.3877583783E+00
           Bond Ellipticity =  4.4433340770E-02
           V = -4.3543321914E-01
           G =  4.4246812278E-02
           K =  3.9118640686E-01
           L =  3.4693959458E-01
           Vnuc =  1.2802978653E+01
           Ven = -4.0631759337E+00
           Vrep =  3.6277427146E+00
           DelSqV = -2.5107814494E+00
           DelSqVen =  1.7767440894E+01
           DelSqVrep = -2.0278222343E+01
           DelSqG =  1.9005807885E+00
           DelSqK =  6.1020066085E-01
           Stress_EigVals = -2.7409009100E-01 -2.6817255130E-01  1.0682942317E-01
           Stress_EigVec1 =  9.9993274146E-01  1.1353109516E-02 -2.3705385748E-03
           Stress_EigVec2 =  3.7895797219E-03 -1.2665189540E-01  9.9193998633E-01
           Stress_EigVec3 = -1.0961370095E-02  9.9188225324E-01  1.2668640049E-01
           -DivStress =  1.2824268341E-03 -2.0175671826E-02 -1.2176213226E-02
           ESP =   7.5114204831E-01
           ESPe = -1.2051836605E+01
           ESPn =  1.2802978653E+01
           BPL =  1.9690560426E+00 =  1.3210223549E+00 +  6.4803368772E-01                
           GBL_I =  1.9686553436E+00                                                      
           GBL_II =  2.0027484310E+00                                                     
           GBL_III =  1.9688010815E+00 =  1.3207701391E+00 +  6.4803094241E-01            
           GBL_IV =  2.0029073164E+00 =  1.3207698346E+00 +  6.8213748184E-01             

CP# 8      Coords = -1.14110156438686E+00  6.54808147304332E-01 -1.08239221010040E+00
           Type = (3,-1) BCP C1 H3
           Rho =  3.2342909850E-01
           GradRho = -4.9902801770E-17  7.0787608139E-17  1.4839099078E-17
           HessRho_EigVals = -9.9552990493E-01 -9.5257079181E-01  5.0826346604E-01
           HessRho_EigVec1 = -1.1227502276E-01  6.7416346144E-02  9.9138759097E-01
           HessRho_EigVec2 =  5.0488898962E-01  8.6318294694E-01 -1.5193023921E-03
           HessRho_EigVec3 =  8.5585128815E-01 -5.0037009941E-01  1.3095165590E-01
           DelSqRho = -1.4398372307E+00
           Bond Ellipticity =  4.5098079304E-02
           V = -4.5135117702E-01
           G =  4.5695934671E-02
           K =  4.0565524235E-01
           L =  3.5995930768E-01
           Vnuc =  1.2854261433E+01
           Ven = -4.1574421871E+00
           Vrep =  3.7060910101E+00
           DelSqV = -2.5194166000E+00
           DelSqVen =  1.8508044184E+01
           DelSqVrep = -2.1027460784E+01
           DelSqG =  1.9673626513E+00
           DelSqK =  5.5205394864E-01
           Stress_EigVals = -2.8184973423E-01 -2.7544146588E-01  1.0594002309E-01
           Stress_EigVec1 =  5.0510694653E-01  8.6305546518E-01 -1.4955251421E-03
           Stress_EigVec2 = -1.0992275818E-01  6.6051288309E-02  9.9174301840E-01
           Stress_EigVec3 =  8.5602801344E-01 -5.0077189552E-01  1.2823240175E-01
           -DivStress = -1.5325290502E-02  9.6011716361E-03 -1.2333632167E-02
           ESP =   7.7093959761E-01
           ESPe = -1.2083321835E+01
           ESPn =  1.2854261433E+01
           BPL =  1.9522999865E+00 =  1.3075041715E+00 +  6.4479581494E-01                
           GBL_I =  1.9519025060E+00                                                      
           GBL_II =  1.9864334612E+00                                                     
           GBL_III =  1.9520468762E+00 =  1.3072535691E+00 +  6.4479330706E-01            
           GBL_IV =  1.9865908224E+00 =  1.3072530814E+00 +  6.7933774099E-01             

CP# 9      Coords = -8.61637522206225E-03 -7.97669177681244E-04 -2.75724715498094E+00
           Type = (3,-1) BCP C1 F6
           Rho =  4.6123091687E-02
           GradRho =  3.3021085532E-19  2.5912583614E-18 -3.4337911831E-17
           HessRho_EigVals = -3.8366023960E-02 -3.8315387109E-02  2.3477772265E-01
           HessRho_EigVec1 =  7.3415692089E-01 -6.7897436311E-01  2.7257588524E-03
           HessRho_EigVec2 =  6.7897176012E-01  7.3416185258E-01  1.9295533050E-03
           HessRho_EigVec3 = -3.3112653951E-03  4.3411837264E-04  9.9999442352E-01
           DelSqRho =  1.5809631158E-01
           Bond Ellipticity =  1.3215800546E-03
           V = -4.4887616687E-02
           G =  4.2205847291E-02
           K =  2.6817693959E-03
           L = -3.9524077895E-02
           Vnuc =  1.1579361061E+01
           Ven = -5.3407593190E-01
           Vrep =  4.8918831522E-01
           DelSqV = -3.9587426205E-01
           DelSqVen = -1.8306542742E+00
           DelSqVrep =  1.4347800122E+00
           DelSqG =  2.8749578865E-01
           DelSqK =  1.0837847341E-01
           Stress_EigVals = -2.4698932300E-02 -2.4670298135E-02  4.4816137482E-03
           Stress_EigVec1 =  7.0533006239E-01  7.0887112832E-01  3.3505995813E-03
           Stress_EigVec2 =  7.0885989811E-01 -7.0533787217E-01  4.0163332149E-03
           Stress_EigVec3 = -5.2103674369E-03  4.5773487926E-04  9.9998632118E-01
           -DivStress = -1.0079352616E-04  9.3029699332E-06  2.0422340206E-02
           ESP =  -1.7920590615E-02
           ESPe = -1.1597281652E+01
           ESPn =  1.1579361061E+01
           BPL =  3.9604676220E+00 =  1.8167549937E+00 +  2.1437126283E+00                
           GBL_I =  3.9604549998E+00                                                      
           GBL_II =  3.9604528448E+00                                                     
           GBL_III =  3.9604562929E+00 =  1.8167437703E+00 +  2.1437125226E+00            
           GBL_IV =  3.9604541381E+00 =  1.8167409035E+00 +  2.1437132346E+00             

CP# 10     Coords = -1.09696890114888E-02  7.76095675342611E-04  7.24600435602000E-01
           Type = (3,-1) BCP Cl5 C1
           Rho =  8.0658923627E-02
           GradRho =  7.6087868494E-19  2.4293431012E-18 -4.6792096258E-17
           HessRho_EigVals = -8.4541620183E-02 -8.4407481663E-02  2.0956632693E-01
           HessRho_EigVec1 = -7.0898780513E-01  7.0521663181E-01  2.4071537550E-03
           HessRho_EigVec2 =  7.0521029366E-01  7.0899175143E-01 -3.0229336469E-03
           HessRho_EigVec3 =  3.8384752414E-03  4.4567348500E-04  9.9999253371E-01
           DelSqRho =  4.0617225078E-02
           Bond Ellipticity =  1.5891780822E-03
           V = -6.9099846988E-02
           G =  3.9627076629E-02
           K =  2.9472770359E-02
           L = -1.0154306270E-02
           Vnuc =  1.3426557252E+01
           Ven = -1.0829716560E+00
           Vrep =  1.0138718090E+00
           DelSqV = -4.4005913437E-01
           DelSqVen = -5.4534949795E-01
           DelSqVrep =  1.0529036357E-01
           DelSqG =  2.9774862755E-01
           DelSqK =  1.4231050683E-01
           Stress_EigVals = -4.1854162214E-02 -4.1816977697E-02  1.4571292922E-02
           Stress_EigVec1 =  7.0639976244E-01  7.0780008037E-01 -4.2920689916E-03
           Stress_EigVec2 =  7.0779059186E-01 -7.0641267002E-01 -3.6902178319E-03
           Stress_EigVec3 =  5.6439083943E-03  4.3111705206E-04  9.9998398009E-01
           -DivStress = -2.1530885731E-04 -1.7345590348E-05 -4.1245384796E-02
           ESP =   1.7979042396E-01
           ESPe = -1.3246766828E+01
           ESPn =  1.3426557252E+01
           BPL =  4.0486544635E+00 =  2.3834968713E+00 +  1.6651575922E+00                
           GBL_I =  4.0486452469E+00                                                      
           GBL_II =  4.0486481916E+00                                                     
           GBL_III =  4.0486453600E+00 =  2.3834966075E+00 +  1.6651487525E+00            
           GBL_IV =  4.0486483046E+00 =  2.3834966832E+00 +  1.6651516214E+00             

CP# 11     Coords =  1.13283936350871E+00  6.58012192775113E-01 -1.08327296536109E+00
           Type = (3,-1) BCP H4 C1
           Rho =  3.1146204768E-01
           GradRho =  1.3650774858E-16  6.9150524610E-17 -6.4449733968E-17
           HessRho_EigVals = -9.4520399867E-01 -9.0549244531E-01  5.1296441835E-01
           HessRho_EigVec1 =  1.1243109947E-01  6.3176528698E-02  9.9164911844E-01
           HessRho_EigVec2 = -4.9517846053E-01  8.6879092051E-01  7.9288551928E-04
           HessRho_EigVec3 =  8.6148565868E-01  4.9113242884E-01 -1.2896277462E-01
           DelSqRho = -1.3377320256E+00
           Bond Ellipticity =  4.3856305563E-02
           V = -4.2025519654E-01
           G =  4.2911095068E-02
           K =  3.7734410147E-01
           L =  3.3443300641E-01
           Vnuc =  1.2753840059E+01
           Ven = -3.9723371405E+00
           Vrep =  3.5520819439E+00
           DelSqV = -2.4920205628E+00
           DelSqVen =  1.7061220296E+01
           DelSqVrep = -1.9553240859E+01
           DelSqG =  1.8376622893E+00
           DelSqK =  6.5435827343E-01
           Stress_EigVals = -2.6656889342E-01 -2.6110517745E-01  1.0741887432E-01
           Stress_EigVec1 = -4.9494217441E-01  8.6892547721E-01  8.7123302982E-04
           Stress_EigVec2 =  1.1030290453E-01  6.1834209554E-02  9.9197268097E-01
           Stress_EigVec3 =  8.6189646318E-01  4.9106521520E-01 -1.2644936208E-01
           -DivStress =  1.8454790930E-02  9.9259961801E-03 -1.1882929534E-02
           ESP =   7.3191656184E-01
           ESPe = -1.2021923497E+01
           ESPn =  1.2753840059E+01
           BPL =  1.9856764039E+00 =  6.5162609516E-01 +  1.3340503087E+00                
           GBL_I =  1.9852762194E+00                                                      
           GBL_II =  2.0189372667E+00                                                     
           GBL_III =  1.9854216199E+00 =  6.5162314288E-01 +  1.3337984771E+00            
           GBL_IV =  2.0190958178E+00 =  6.8529747124E-01 +  1.3337983466E+00             

Number of NACPs  =      6
Number of NNACPs =      0
Number of BCPs   =      5
Number of RCPs   =      0
Number of CCPs   =      0
NumNACP + NumNNACP - NumBCP + NumRCP - NumCCP =      1
Poincare-Hopf Relationship is Satisfied

Bond Path Angles and Corresponding Geometric Bond Angles:
--------------------------------------------------------
  BPA     = A-B-C Bond Path Angle
  GBA_I   = A-B-C Geometric Bond Angle in Terms of Nuclear Attractors
  GBA_II  = A-B-C Geometric Bond Angle in Terms of Nuclei
  GBA_III = A-B-C Geometric Bond Angle in Terms of A|B and C|B BCPs and Nuclear Attractor B
  GBA_IV  = A-B-C Geometric Bond Angle in Terms of A|B and C|B BCPs and Nucleus B
-------------------------------------------------------------------------------------------------
Atom A    Atom B    Atom C        BPA          GBA_I         GBA_II       GBA_III       GBA_IV
-------------------------------------------------------------------------------------------------
H3        C1        H2        120.04381004  119.45599048  119.44777776  119.57707257  119.57713187
F6        C1        H2         85.38371393   83.33611536   83.30601935   83.82116712   83.82129065
F6        C1        H3         85.85256616   83.52189753   83.49157796   84.05469431   84.05482447
Cl5       C1        H2         94.59344366   96.65782156   96.68789206   96.17190625   96.17178236
Cl5       C1        H3         95.16607339   96.94589903   96.97621728   96.44319229   96.44307390
Cl5       C1        F6        178.82869419  179.45889275  179.45888679  179.42480290  179.42478934
H4        C1        H2        118.67423893  117.89500583  117.87949215  118.14344617  118.14347749
H4        C1        H3        119.34935337  118.66915606  118.65723619  118.85446894  118.85451426
H4        C1        F6         84.87164561   83.15641523   83.12655133   83.59739799   83.59751528
H4        C1        Cl5        94.11833081   96.37418335   96.40403590   95.90424108   95.90411207

Total time for electron density critical point search, analysis and connectivity = 223 sec (NProc = 8)             
 
Virial-Based Atomic Energy Components:
-------------------------------------
  Ee(A) = E(A) - W(A) = -T(A)
        = Contribution of Atom A to Electronic Energy of Molecule.
          Not additive to give molecular Ee unless molecular electronic virial theorem is satisfied.
  T(A) = Electronic Kinetic Energy of Atom A (Hamiltonian Form)
  Ven(A) = Ven(A,Mol) = VenT(A)
         = Attraction Energy Between Electron Density Distribution of Atom A and Nuclei of Molecule
  VenO(A) = Ven(A,A)
          = Attraction Energy Between Electron Density Distribution of Atom A and Nucleus of Atom A
  Vee(A) = Vee(A,A) + Vee(A,A')/2
         = Two-Electron Interaction Energy of Atom A with Itself Plus Half of Two-Electron Interaction Energy
           Between Atom A and Other Atoms of Molecule
  Vnn(A) - W(A) = Contribution of Atom A to the Nuclear Repulsion Energy of Molecule Minus
                  the Nuclear Virial of Energy-Gradient-Based Forces on Nuclei of Molecule.
                  Calculation of Vnn(A) - W(A) assumes satisfaction of the atomic virial theorem:
                       2T(A) + Ven(A) + Vee(A) + Vnn(A) - W(A) = 0
See "2EDM Note" and "DFT Note".
--------------------------------------------------------------------------------------------------------------------
Atom A         Ee(A)              T(A)             Ven(A)           VenO(A)            Vee(A)        Vnn(A) - W(A)
--------------------------------------------------------------------------------------------------------------------
C1       -3.7795232963E+01  3.7795232963E+01 -1.3438360559E+02 -8.8871350877E+01
H2       -6.1514533771E-01  6.1514533771E-01 -9.2909453733E+00 -1.2223122715E+00
H3       -6.2194920563E-01  6.2194920563E-01 -9.3551104879E+00 -1.2318164747E+00
H4       -6.0887423304E-01  6.0887423304E-01 -9.2346742476E+00 -1.2136188846E+00
Cl5      -4.5981440780E+02  4.5981440780E+02 -1.1562486310E+03 -1.0993385206E+03
F6       -9.9740051032E+01  9.9740051032E+01 -2.8566685315E+02 -2.4295982079E+02
--------------------------------------------------------------------------------------------------------------------
Total    -5.9919566057E+02  5.9919566057E+02 -1.6041798198E+03 -1.4348374399E+03
 
More Virial-Based Atomic Energy Components:
------------------------------------------
  E(A) = Ee(A) + W(A)
       = T(A) + Ven(A) + Vee(A) + Vnn(A) = Contribution of Atom A to Total Energy E of Molecule
         Not additive to give molecular E unless molecular virial theorem is satisfied.
  Ee(A) = E(A) - W(A) = Contribution of Atom A to Electronic Energy of Molecule
          Not additive to give molecular Ee unless molecular virial theorem is satisfied.
  W(A) = Contribution of Atom A to Nuclear Virial of Energy-Gradient-Based Forces on Nuclei of Molecule
  Vnn(A) = Contribution of Atom A to Nuclear Repulsion Energy of Molecule
           Calculation of Vnn(A) assumes satisfaction of the atomic virial theorem:
                2T(A) + Ven(A) + Vee(A) + Vnn(A) - W(A) = 0
  VeeC(A) = Coulomb Part of Vee(A)
  VeeX(A) = Exchange-Correlation Part of Vee(A)
See "2EDM Note" and "DFT Note".
--------------------------------------------------------------------------------------------------------------------
Atom A          E(A)             Ee(A)              W(A)             Vnn(A)           VeeC(A)           VeeX(A)
--------------------------------------------------------------------------------------------------------------------
C1                         -3.7795232963E+01
H2                         -6.1514533771E-01
H3                         -6.2194920563E-01
H4                         -6.0887423304E-01
Cl5                        -4.5981440780E+02
F6                         -9.9740051032E+01
--------------------------------------------------------------------------------------------------------------------
Total                      -5.9919566057E+02
 
IQA Atomic Energy Components:
----------------------------
  E_IQA(A) = Contribution of Atom A to Total Energy E of Molecule, Using IQA Additive Atomic Energy Definition
           = T(A) + Vne(A,Mol)/2 + Ven(A,Mol)/2 + Vee(A) + Vnn(A,Mol)/2
  T(A) = Electronic Kinetic Energy of Atom A (Hamiltonian Form)
  Vne(A,Mol)/2 = Half of Attraction Energy Between Nucleus of Atom A and Electron Density Distribution of Molecule
  Ven(A,Mol)/2 = Half of Attraction Energy Between Electron Density Distribution of Atom A and Nuclei of Molecule
  Vee(A) = Vee(A,A) + Vee(A,A')/2
         = Two-Electron Interaction Energy of Atom A with Itself Plus Half of Two-Electron Interaction Energy
           Between Atom A and Other Atoms of Molecule
  Vnn(A,Mol)/2 = Vnn(A,A')/2 = Half of Repulsion Energy Between Nucleus of Atom A and Other Nuclei of Molecule
  VeeC(A) = Coulomb Part of Vee(A)
  VeeX(A) = Exchange-Correlation Part of Vee(A)
See "2EDM Note" and "DFT Note".
--------------------------------------------------------------------------------------------------------------------------------------------------------
Atom A        E_IQA(A)            T(A)          Vne(A,Mol)/2      Ven(A,Mol)/2         Vee(A)         Vnn(A,Mol)/2        VeeC(A)           VeeX(A)
--------------------------------------------------------------------------------------------------------------------------------------------------------
C1                          3.7795232963E+01 -6.8516066676E+01 -6.7191802795E+01                    2.3908315537E+01
H2                          6.1514533771E-01 -5.2849875175E+00 -4.6454726866E+00                    4.6537369639E+00
H3                          6.2194920563E-01 -5.2973547318E+00 -4.6775552439E+00                    4.6660260249E+00
H4                          6.0887423304E-01 -5.2728791508E+00 -4.6173371238E+00                    4.6417170032E+00
Cl5                         4.5981440780E+02 -5.7697576203E+02 -5.7812431548E+02                    2.7549538450E+01
F6                          9.9740051032E+01 -1.4074292362E+02 -1.4283342658E+02                    1.9564700381E+01
--------------------------------------------------------------------------------------------------------------------------------------------------------
Total                       5.9919566057E+02 -8.0208997373E+02 -8.0208990991E+02                    8.4984034360E+01
 
More IQA Atomic Energy Components:
---------------------------------
  Vneen(A) = Vne(A,Mol)/2 + Ven(A,Mol)/2
  V_IQA(A) = Vne(A,Mol)/2 + Ven(A,Mol)/2 + Vee(A,A) + Vee(A,A')/2 + Vnn(A,A')/2
           = VC_IQA(A) + VX_IQA(A) = Potential Energy Contribution to E_IQA(A)
           = E_IQA(A) - T(A)
  VC_IQA(A) = Vne(A,Mol)/2 + Ven(A,Mol)/2 + VeeC(A,A) + VeeC(A,A')/2 + Vnn(A,A')/2
            = Coulomb Potential Energy Contribution to E_IQA(A)
            = E_IQA(A) - T(A) - VeeX(A)
  VX_IQA(A) = VeeX(A,A) + VeeX(A,A')/2
            = Exchange-Correlation Energy Contribution to E_IQA(A)
            = E_IQA(A) - T(A) - VC_IQA(A)
See "2EDM Note" and "DFT Note".
--------------------------------------------------------------------------------
Atom A        Vneen(A)          V_IQA(A)         VC_IQA(A)         VX_IQA(A)
--------------------------------------------------------------------------------
C1       -1.3570786947E+02
H2       -9.9304602041E+00
H3       -9.9749099757E+00
H4       -9.8902162746E+00
Cl5      -1.1551000775E+03
F6       -2.8357635020E+02
--------------------------------------------------------------------------------
Total    -1.6041798836E+03
 
IQA Intraatomic ("Self") Energy Components:
------------------------------------------
  E_IQA_Intra(A) = T(A) + Vne(A,A) + Vee(A,A)
                 = Intraatomic ("Self") Contribution to E_IQA(A)
  T(A) = Electronic Kinetic Energy of Atom A (Hamiltonian Form)
  Vne(A,A) = Attraction Energy Between Electron Density Distribution of Atom A and Nucleus of Atom A
  Vee(A,A) = Two-electron Interaction Energy of Atom A With Itself
  VeeC(A,A) = Coulomb Part of Vee(A,A)
