AIMSum (Version 17.11.14, Professional)
Copyright (c) 1997-2017 by Todd A. Keith
AIMSum is a component of the AIMAll package ( http://aim.tkgristmill.com )

TP:  64-bit Linux

Much of the Quantum Theory of Atoms in Molecules (QTAIM) is described in the book:
  "Atoms in Molecules - A Quantum Theory"
  R.F.W. Bader, Oxford University Press, Oxford, 1990

For additional references see:  http://aim.tkgristmill.com/references.html

Wfn File:  /home/bruns/metodo_ts/QCISD/clch3f_ts/RUN/GAUSSIAN.wfn
Sum File:  /home/bruns/metodo_ts/QCISD/clch3f_ts/RUN/GAUSSIAN.sum

SumViz File:  /home/bruns/metodo_ts/QCISD/clch3f_ts/RUN/GAUSSIAN.sumviz

Wfn Title:   clch3f_ts-wavefunction                                                        
 
Total memory allocated for AIMSum =        1.289 Megabytes

Atomic units (a.u.) used throughout, except where stated otherwise

Model:  Unknown
 
Restricted, natural orbital wavefunction.
  Number of electrons (from MO Occs)                   =          35.9999993000
  Number of Alpha electrons (from MO Occs)             =          17.9999996500
  Number of Beta electrons (from MO Occs)              =          17.9999996500
  Number of electron pairs (N*(N-1)/2)                 =         629.9999751500
  Number of electron pairs (from Muller 2EDM)          =         629.9999751500
  Number of electron pairs (from Muller 2EDM, no SOSI) =         630.4346639764
 
Nuclear Charges and Cartesian Coordinates:
-------------------------------------------------------------------------------
Atom      Charge                X                  Y                  Z
-------------------------------------------------------------------------------
C1         6.0           3.3070000000E-04   5.4800000000E-05  -9.4053370000E-01
H2         1.0           3.5900000000E-05  -1.9890690400E+00  -1.1730021400E+00
H3         1.0          -1.7221301000E+00   9.9468570000E-01  -1.1928801700E+00
H4         1.0           1.7229578000E+00   9.9424539000E-01  -1.1745970700E+00
Cl5       17.0           1.0488000000E-03   1.8179200000E-03   3.1080665900E+00
F6         9.0          -3.5149000000E-04  -1.7404400000E-03  -4.9009442500E+00
 
Some Atomic Properties:
----------------------
  q(A) = Net Charge of Atom A
  L(A) = Lagrangian of Atom A = -(1/4) Times Atomic Integral of the Laplacian of the Electron Density
  K(A) = Electronic Kinetic Energy of Atom A (Hamiltonian Form)
  K_Scaled(A) = K(A) * E(Mol)/K(Mol) = Approximation to Virial-Based Total Energy of Atom A.
  |Mu_Intra(A)| = Magnitude of Intraatomic Dipole Moment of Atom A
--------------------------------------------------------------------------------------------------
Atom A          q(A)              L(A)              K(A)          K_Scaled(A)      |Mu_Intra(A)|
--------------------------------------------------------------------------------------------------
C1        2.2436956640E-01 -6.6222891913E-05  3.7794756170E+01 -3.7802698738E+01  2.4528524395E-02
H2        9.1417590300E-02  3.0435887683E-05  6.1532445019E-01 -6.1545376063E-01  1.4492082988E-01
H3        9.2848126640E-02  2.0854612321E-05  6.1385282315E-01 -6.1398182432E-01  1.4509905364E-01
H4        9.1409247980E-02  2.9631103298E-05  6.1532896717E-01 -6.1545827856E-01  1.4491476070E-01
Cl5      -6.4082050900E-01  7.9119002212E-06  4.5981341810E+02 -4.5991004789E+02  1.6685675319E-01
F6       -8.5919270460E-01  1.1675883418E-05  9.9740595128E+01 -9.9761555614E+01  1.0576058512E-01
--------------------------------------------------------------------------------------------------
Total    -9.9996868228E-01  3.4286495028E-05  5.9919327564E+02 -5.9931919611E+02
 
1st Largest |L(A)| = 6.6222891913E-05, atom C1      
2nd Largest |L(A)| = 3.0435887683E-05, atom H2      
 
Molecular charge q(Mol) from the wfn file:  -9.9999930000E-01
Molecular energy E(Mol) from the wfn file:  -5.9931918702E+02
Molecular virial ratio (-V(Mol)/T(Mol)) from the wfn file:   2.0002101500E+00
Note.  K_Scaled(A) = (1+V(Mol)/T(Mol))*K(A) = (E(Mol)/T(Mol))*K(A)
       Only use K_Scaled(A) data with caution.
 
N_AIMInt(SumA)     =         35.999969
N_Analytic(Mol)    =         35.999999
 
G_AIMInt(SumA)     =        599.193241
G_Analytic(Mol)    =        599.193267
 
K_AIMInt(SumA)     =        599.193276
K_Analytic(Mol)    =        599.193267
 
L_AIMInt(SumA)     =          0.000034
L_Analytic(Mol)    =          0.000000
 
VenT_AIMInt(SumA)  =      -1604.162311
VenT_Analytic(Mol) =      -1604.162548
 
Some Information About the Atomic Calculations:
----------------------------------------------
  Time(sec) = "Elapsed User Time", in Seconds, for Atom A by AIMInt and, if used, by TWOe
  NProc = Number of Processors Used for AIMInt Job
  BIM = Basin Integration Method
  OAQ = Angular Quadrature Outside of Beta Sphere
  ORQ = Multiple of Default for Radial Quadrature Outside of Beta Sphere
  IAQ = Multiple of Default for Angular Quadrature Inside of Beta Sphere
  IRQ = Multiple of Default for Radial Quadrature Inside of Beta Sphere
  MIR = Maximum Integration Radius
------------------------------------------------------------------------------------------------------
Atom A     Time(sec)   NProc      BIM          OAQ                     ORQ      IAQ      IRQ      MIR
------------------------------------------------------------------------------------------------------
C1             80        8     Proaim(5)    4500(GS4)                  1.00     1.00     1.00    13.00
H2             17        8     Proaim(5)    1800(GS4)                  1.00     1.00     1.00    13.00
H3             17        8     Proaim(5)    1800(GS4)                  1.00     1.00     1.00    13.00
H4             16        8     Proaim(5)    1800(GS4)                  1.00     1.00     1.00    13.00
Cl5            33        8     Proaim(5)    3150(GS4)                  1.00     1.00     1.00    13.00
F6             35        8     Proaim(5)    2700(GS4)                  1.00     1.00     1.00    13.00
------------------------------------------------------------------------------------------------------
Total         198
Note:  Total wall clock time is less than total of atomic times if more than one atom
       was calculated at a time
 
Electron Density Critical Point Analysis of Molecular Structure:               
---------------------------------------------------------------                
  NACP = Nuclear Attractor Critical Point                                      
  NNACP = Non-Nuclear Attractor Critical Point                                 
  BCP = Bond Critical Point                                                    
  RCP = Ring Critical Point                                                    
  CCP = Cage Critical Point                                                    
  Rho = Electron Density                                                       
  GradRho = Gradient of Electron Density                                       
  HessRho_EigVals = Eigenvalues of the Hessian of Rho, Ascending Order         
  HessRho_EigVecs = Eigenvectors of the Hessian of Rho                         
  DelSqRho = Laplacian of Rho = Trace of Hessian of Rho                        
  Bond Ellipticity = (HessRho_EigVal(1) / HessRho_EigVal(2)) - 1               
  V = Virial Field = Potential Energy Density = Trace of Stress Tensor         
  G = Lagrangian Form of Kinetic Energy Density                                
  K = Hamiltonian Form of Kinetic Energy Density                               
  L = K - G = Lagrangian Density = (-1/4)DelSqRho                              
  Vnuc = Electrostatic Potential from Nuclei                                   
  Ven = Electron-nuclear attractive contribution to Virial Field V             
  Vrep = V - Ven = Repulsive contribution to Virial Field V                    
  DelSqV = Laplacian of V                                                      
  DelSqVen = Laplacian of Ven                                                  
  DelSqVrep = Laplacian of Vrep                                                
  DelSqG = Laplacian of G                                                      
  DelSqK = Laplacian of K                                                      
  Stress_EigVals = Eigenvalues of Stress Tensor, Ascending Order               
  Stress_EigVecs = Eigenvectors of Stress Tensor                               
  -DivStress = Ehrenfest Force Density = Minus Divergence of Stress Tensor     
  ESP = Total Electrostatic Potential                                          
  ESPe = Electrostatic Potential from Electrons                                
  ESPn = Electrostatic Potential from Nuclei                                   
  BP = Bond Path                                                               
  BPL = Bond Path Length                                                       
  GBL = Geometric Bond Length                                                  
  GBL_I = Distance Between Nuclear Attractors                                  
  GBL_II = Distance Between Nuclei                                             
  GBL_III = Sum of Distances Between BCP and Nuclear Attractors                
  GBL_IV = Sum of Distances Between BCP and Nuclei                             

CP# 1      Coords =  3.30683241642774E-04  5.48112793045735E-05 -9.40530801208905E-01
           Type = (3,-3) NACP C1
           Rho =  1.2140750818E+02     Rho at Nucleus =  1.2140750714E+02
           GradRho =  1.5222923514E-15 -7.4132012559E-16 -1.1925946495E-12
           HessRho_EigVals = -2.4893054232E+05 -2.4892344408E+05 -2.4892344016E+05
           HessRho_EigVec1 = -2.9142015340E-03  2.2211166388E-03  9.9999328701E-01
           HessRho_EigVec2 =  8.6602957287E-01 -4.9997957020E-01  3.6343220493E-03
           HessRho_EigVec3 =  4.9998428609E-01  8.6603435037E-01 -4.6651146361E-04
           DelSqRho = -7.4677742656E+05
           Bond Ellipticity = NA
           V = -1.8670787606E+05
           G =  6.7597081787E+00
           K =  1.8670111635E+05
           L =  1.8669435664E+05
           Vnuc =  2.0697860668E+06
           Ven = -2.5128756884E+08
           Vrep =  2.5110086096E+08
           DelSqV =  1.1231461116E+10
           DelSqVen =  1.5456695009E+12
           DelSqVrep = -1.5344380398E+12
           DelSqG =  3.8281427523E+08
           DelSqK = -1.1614275391E+10
           Stress_EigVals = -6.2236678933E+04 -6.2236676880E+04 -6.2234520243E+04
           Stress_EigVec1 =  4.9950359863E-01  8.6631168484E-01 -4.6867851457E-04
           Stress_EigVec2 =  8.6630619223E-01 -4.9949833686E-01  3.8720506147E-03
           Stress_EigVec3 = -3.1202985533E-03  2.3401223155E-03  9.9999239375E-01
           -DivStress =  6.1656818048E+01 -4.1493089973E+01 -1.0655574749E+04
           ESP =  -1.4869251428E+01     ESP at Nucleus =  -1.4869251452E+01
           ESPe = -2.2838161477E+01     ESPe at Nucleus = -2.2838160417E+01
           ESPn =  7.9689100487E+00     ESPn at Nucleus =  7.9689089647E+00

CP# 2      Coords =  4.56521038142052E-05 -1.95533181524588E+00 -1.16800962285681E+00
           Type = (3,-3) NACP H2
           Rho =  4.4815646241E-01     Rho at Nucleus =  4.4327878129E-01
           GradRho =  4.7517069387E-17  1.1088802145E-16 -2.2790029832E-16
           HessRho_EigVals = -8.9789977832E+00 -8.9656485401E+00 -8.0223158629E+00
           HessRho_EigVec1 =  1.1542965134E-03 -1.3708010273E-01  9.9055929304E-01
           HessRho_EigVec2 =  9.9999930317E-01 -8.6946157937E-05 -1.1773291165E-03
           HessRho_EigVec3 =  2.4751372097E-04  9.9055996178E-01  1.3707990685E-01
           DelSqRho = -2.5966962186E+01
           Bond Ellipticity = NA
           V = -6.5195855541E+00
           G =  1.3922503786E-02
           K =  6.5056630503E+00
           L =  6.4917405465E+00
           Vnuc =  3.8705994638E+01
           Ven = -1.7346341631E+01
           Vrep =  1.0826756077E+01
           DelSqV =  1.6596178627E+03
           DelSqVen =  1.0050770991E+03
           DelSqVrep =  6.5454076355E+02
           DelSqG =  1.2677519450E+02
           DelSqK = -1.7863930572E+03
           Stress_EigVals = -2.2533628771E+00 -2.2510670238E+00 -2.0151556532E+00
           Stress_EigVec1 =  1.7374986744E-03 -1.3644939011E-01  9.9064551936E-01
           Stress_EigVec2 =  9.9999845327E-01 -3.3397184243E-05 -1.7585028937E-03
           Stress_EigVec3 =  2.7303141828E-04  9.9064704250E-01  1.3644912103E-01
           -DivStress = -5.3060504895E-03 -1.8237757395E+01 -2.6990502747E+00
           ESP =  -1.2607751647E+00     ESP at Nucleus =  -1.2626597652E+00
           ESPe = -1.0645236151E+01     ESPe at Nucleus = -1.0570258085E+01
           ESPn =  9.3844609861E+00     ESPn at Nucleus =  9.3075983196E+00

CP# 3      Coords = -1.69300229362607E+00  9.77866517744166E-01 -1.18748716672874E+00
           Type = (3,-3) NACP H3
           Rho =  4.4719688512E-01     Rho at Nucleus =  4.4233993432E-01
           GradRho =  4.2282356695E-13 -2.4360645483E-13  7.7916789488E-14
           HessRho_EigVals = -8.9605165255E+00 -8.9471281076E+00 -8.0078846028E+00
           HessRho_EigVec1 = -1.2824777748E-01  7.4610716567E-02  9.8893161975E-01
           HessRho_EigVec2 =  5.0011595050E-01  8.6595831840E-01 -4.7628320042E-04
           HessRho_EigVec3 =  8.5640909828E-01 -4.9451939473E-01  1.4837123916E-01
           DelSqRho = -2.5915529236E+01
           Bond Ellipticity = NA
           V = -6.5065853822E+00
           G =  1.3851536597E-02
           K =  6.4927338456E+00
           L =  6.4788823090E+00
           Vnuc =  3.8732165980E+01
           Ven = -1.7320903980E+01
           Vrep =  1.0814318598E+01
           DelSqV =  1.6564937425E+03
           DelSqVen =  1.0037645798E+03
           DelSqVrep =  6.5272916267E+02
           DelSqG =  1.2654103255E+02
           DelSqK = -1.7830347751E+03
           Stress_EigVals = -2.2486950132E+00 -2.2463756828E+00 -2.0115146861E+00
           Stress_EigVec1 = -1.2772501219E-01  7.4310614969E-02  9.8902186718E-01
           Stress_EigVec2 =  5.0011621851E-01  8.6595816279E-01 -4.7777862820E-04
           Stress_EigVec3 =  8.5648706309E-01 -4.9456485196E-01  1.4776846065E-01
           -DivStress = -1.5715117253E+01  9.0743331936E+00 -2.9100912741E+00
           ESP =  -1.2606895232E+00     ESP at Nucleus =  -1.2625335600E+00
           ESPe = -1.0636886238E+01     ESPe at Nucleus = -1.0562081885E+01
           ESPn =  9.3761967149E+00     ESPn at Nucleus =  9.2995483250E+00

CP# 4      Coords =  1.69374342154797E+00  9.77379784732120E-01 -1.16957761840158E+00
           Type = (3,-3) NACP H4
           Rho =  4.4815795671E-01     Rho at Nucleus =  4.4328026857E-01
           GradRho = -4.5077499581E-13 -2.6001004459E-13  7.6210887456E-14
           HessRho_EigVals = -8.9790274936E+00 -8.9656786327E+00 -8.0223433575E+00
           HessRho_EigVec1 =  1.1975923687E-01  6.8314774249E-02  9.9044980529E-01
           HessRho_EigVec2 = -4.9985596592E-01  8.6610826219E-01  7.0107401095E-04
           HessRho_EigVec3 =  8.5778886593E-01  4.9516620421E-01 -1.3787201200E-01
           DelSqRho = -2.5967049484E+01
           Bond Ellipticity = NA
           V = -6.5196075525E+00
           G =  1.3922590781E-02
           K =  6.5056849617E+00
           L =  6.4917623709E+00
           Vnuc =  3.8706010022E+01
           Ven = -1.7346406364E+01
           Vrep =  1.0826798811E+01
           DelSqV =  1.6596235571E+03
           DelSqVen =  1.0050808776E+03
           DelSqVrep =  6.5454267950E+02
           DelSqG =  1.2677562551E+02
           DelSqK = -1.7863991826E+03
           Stress_EigVals = -2.2533702960E+00 -2.2510746571E+00 -2.0151625994E+00
           Stress_EigVec1 =  1.1950388107E-01  6.7495595744E-02  9.9053680748E-01
           Stress_EigVec2 = -4.9980911656E-01  8.6613463509E-01  1.2809781778E-03
           Stress_EigVec3 =  8.5785177590E-01  4.9523240853E-01 -1.3724136450E-01
           -DivStress =  1.5792820648E+01  9.1173131476E+00 -2.7136193513E+00
           ESP =  -1.2607748531E+00     ESP at Nucleus =  -1.2626595085E+00
           ESPe = -1.0645223330E+01     ESPe at Nucleus = -1.0570245071E+01
           ESPn =  9.3844484772E+00     ESPn at Nucleus =  9.3075855623E+00

CP# 5      Coords =  1.04879981839364E-03  1.81792006426602E-03  3.10806651404817E+00
           Type = (3,-3) NACP Cl5
           Rho =  3.1725884257E+03     Rho at Nucleus =  3.1725884253E+03
           GradRho = -4.6211877120E-11  1.8385529316E-11 -1.8985704562E-10
           HessRho_EigVals = -1.3891683929E+08 -1.3891661497E+08 -1.3891661489E+08
           HessRho_EigVec1 =  2.2742845333E-03 -7.7642413127E-04  9.9999711239E-01
           HessRho_EigVec2 =  8.6662331676E-01 -4.9895737794E-01 -2.3583573642E-03
           HessRho_EigVec3 =  4.9895776823E-01  8.6662617787E-01 -4.6190379159E-04
           DelSqRho = -4.1675006915E+08
           Bond Ellipticity = NA
           V = -1.0421596321E+08
           G =  1.4222962175E+04
           K =  1.0420174025E+08
           L =  1.0418751729E+08
           Vnuc =  2.2382536570E+08
           Ven = -7.1010576460E+11
           Vrep =  7.1000154863E+11
           DelSqV =  3.3656988740E+14
           DelSqVen =  9.3279199246E+16
           DelSqVrep = -9.2942629359E+16
           DelSqG =  4.5632236541E+12
           DelSqK = -3.4113311105E+14
           Stress_EigVals = -3.4738673203E+07 -3.4738673181E+07 -3.4738616828E+07
           Stress_EigVec1 =  4.9895658663E-01  8.6662685818E-01 -4.6188890900E-04
           Stress_EigVec2 =  8.6662399567E-01 -4.9895619583E-01 -2.3589760532E-03
           Stress_EigVec3 =  2.2748143385E-03 -7.7674262759E-04  9.9999711094E-01
           -DivStress =  2.0217106733E+04 -7.1510044412E+03  8.4614603932E+06
           ESP =  -6.4638162943E+01     ESP at Nucleus =  -6.4638162944E+01
           ESPe = -6.7878536143E+01     ESPe at Nucleus = -6.7878536096E+01
           ESPn =  3.2403732002E+00     ESPn at Nucleus =  3.2403731525E+00

CP# 6      Coords = -3.51488546599299E-04 -1.74044043727764E-03 -4.90094354227348E+00
           Type = (3,-3) NACP F6
           Rho =  4.3109857371E+02     Rho at Nucleus =  4.3109857319E+02
           GradRho =  1.7281912625E-11 -5.1343788606E-12  7.9033881787E-09
           HessRho_EigVals = -2.0428397616E+06 -2.0428272029E+06 -2.0428271917E+06
           HessRho_EigVec1 =  3.2453982858E-03 -1.3059266270E-03  9.9999388095E-01
           HessRho_EigVec2 =  5.0088141676E-01  8.6551577747E-01 -4.9526262198E-04
           HessRho_EigVec3 =  8.6550983457E-01 -5.0087995917E-01 -3.4630577996E-03
           DelSqRho = -6.1284941562E+06
           Bond Ellipticity = NA
           V = -1.5324324618E+06
           G =  1.5446135407E+02
           K =  1.5322780004E+06
           L =  1.5321235391E+06
           Vnuc =  1.2716751636E+07
           Ven = -5.4821734925E+09
           Vrep =  5.4806410600E+09
           DelSqV =  2.1792661852E+11
           DelSqVen =  7.7934530396E+13
           DelSqVrep = -7.7716603778E+13
           DelSqG =  7.2617646973E+09
           DelSqK = -2.2518838322E+11
           Stress_EigVals = -5.1081185516E+05 -5.1081185222E+05 -5.1080875439E+05
           Stress_EigVec1 =  8.6549360228E-01 -5.0090767145E-01 -3.5112828351E-03
           Stress_EigVec2 =  5.0090919177E-01  8.6549970307E-01 -4.9557590169E-04
           Stress_EigVec3 =  3.2872520221E-03 -1.3299160746E-03  9.9999371263E-01
           -DivStress = -1.0356869008E+02  3.1149124306E+01 -5.0450986389E+04
           ESP =  -2.6928656268E+01     ESP at Nucleus =  -2.6928656271E+01
           ESPe = -3.1277321275E+01     ESPe at Nucleus = -3.1277320715E+01
           ESPn =  4.3486650071E+00     ESPn at Nucleus =  4.3486644436E+00

CP# 7      Coords =  1.83000973162790E-04 -1.31295355687464E+00 -1.08185908146612E+00
           Type = (3,-1) BCP C1 H2
           Rho =  3.1738318087E-01
           GradRho = -5.9521756141E-17 -4.5520291197E-14  3.2502856175E-14
           HessRho_EigVals = -9.7008714376E-01 -9.2875587272E-01  5.1099267917E-01
           HessRho_EigVec1 = -1.2737950400E-03 -1.2954297481E-01  9.9157299032E-01
           HessRho_EigVec2 =  9.9999917281E-01 -3.4190183030E-04  1.2399520944E-03
           HessRho_EigVec3 =  1.7839353732E-04  9.9157374954E-01  1.2954330317E-01
           DelSqRho = -1.3878503373E+00
           Bond Ellipticity =  4.4501760093E-02
           V = -4.3552878989E-01
           G =  4.4283102783E-02
           K =  3.9124568711E-01
           L =  3.4696258433E-01
           Vnuc =  1.2803439584E+01
           Ven = -4.0635963811E+00
           Vrep =  3.6280675912E+00
           DelSqV = -2.5087846394E+00
           DelSqVen =  1.7769257945E+01
           DelSqVrep = -2.0278042584E+01
           DelSqG =  1.9007659317E+00
           DelSqK =  6.0801870776E-01
           Stress_EigVals = -2.7411823562E-01 -2.6819119499E-01  1.0678064072E-01
           Stress_EigVec1 =  9.9999144302E-01 -7.4816437767E-04  4.0686787367E-03
           Stress_EigVec2 = -4.1307292039E-03 -1.2690538551E-01  9.9190622551E-01
           Stress_EigVec3 =  2.2577166032E-04  9.9191454439E-01  1.2690739005E-01
           -DivStress = -5.3483877790E-05 -1.9681787354E-02 -1.2254553275E-02
           ESP =   7.5108302918E-01
           ESPe = -1.2052356554E+01
           ESPn =  1.2803439584E+01
           BPL =  1.9689852411E+00 =  1.3208531129E+00 +  6.4813212828E-01                
           GBL_I =  1.9685739902E+00                                                      
           GBL_II =  2.0026620567E+00                                                     
           GBL_III =  1.9687219813E+00 =  1.3205925486E+00 +  6.4812943267E-01            
           GBL_IV =  2.0028232916E+00 =  1.3205922272E+00 +  6.8223106443E-01             

CP# 8      Coords = -1.13744877130920E+00  6.57069599406452E-01 -1.09422226066639E+00
           Type = (3,-1) BCP C1 H3
           Rho =  3.1649840782E-01
           GradRho = -2.9202534991E-15  1.4915684682E-15  3.5180076945E-16
           HessRho_EigVals = -9.6679646230E-01 -9.2562206229E-01  5.1167542796E-01
           HessRho_EigVec1 = -1.2120015236E-01  7.0534911935E-02  9.9011885613E-01
           HessRho_EigVec2 =  5.0011533302E-01  8.6595867795E-01 -4.7091773705E-04
           HessRho_EigVec3 =  8.5743523181E-01 -4.9511654616E-01  1.4022991467E-01
           DelSqRho = -1.3807430966E+00
           Bond Ellipticity =  4.4482950104E-02
           V = -4.3322298338E-01
           G =  4.4018604610E-02
           K =  3.8920437877E-01
           L =  3.4518577416E-01
           Vnuc =  1.2791472054E+01
           Ven = -4.0484805389E+00
           Vrep =  3.6152575555E+00
           DelSqV = -2.5125821089E+00
           DelSqVen =  1.7661736735E+01
           DelSqVrep = -2.0174318844E+01
           DelSqG =  1.8918778832E+00
           DelSqK =  6.2070422563E-01
           Stress_EigVals = -2.7302704356E-01 -2.6717608616E-01  1.0698014634E-01
           Stress_EigVec1 =  5.0011457921E-01  8.6595911743E-01 -4.6323803206E-04
           Stress_EigVec2 = -1.1891865230E-01  6.9208560475E-02  9.9048903542E-01
           Stress_EigVec3 =  8.5775507098E-01 -4.9530291952E-01  1.3759090129E-01
           -DivStress = -1.8281349277E-02  1.0551143647E-02 -1.3517377943E-02
           ESP =   7.4843106192E-01
           ESPe = -1.2043040992E+01
           ESPn =  1.2791472054E+01
           BPL =  1.9713768566E+00 =  1.3231077937E+00 +  6.4826906284E-01                
           GBL_I =  1.9709083567E+00                                                      
           GBL_II =  2.0049540084E+00                                                     
           GBL_III =  1.9710779330E+00 =  1.3228119986E+00 +  6.4826593438E-01            
           GBL_IV =  2.0051387813E+00 =  1.3228116819E+00 +  6.8232709940E-01             

CP# 9      Coords = -2.96932983555875E-03  9.44809339186188E-04 -2.75764176462445E+00
           Type = (3,-1) BCP C1 F6
           Rho =  4.6128139286E-02
           GradRho =  1.7233911686E-18  2.6026581972E-18  9.0663494327E-17
           HessRho_EigVals = -3.8451661251E-02 -3.7976725274E-02  2.3509705842E-01
           HessRho_EigVec1 =  5.0138699696E-01  8.6522301224E-01 -4.6730913310E-04
           HessRho_EigVec2 =  8.6522087054E-01 -5.0138437298E-01  2.5604116527E-03
           HessRho_EigVec3 = -1.9810255860E-03  1.6880827245E-03  9.9999661295E-01
           DelSqRho =  1.5866867189E-01
           Bond Ellipticity =  1.2505975006E-02
           V = -4.4983412243E-02
           G =  4.2325290108E-02
           K =  2.6581221349E-03
           L = -3.9667167973E-02
           Vnuc =  1.1581009738E+01
           Ven = -5.3421043026E-01
           Vrep =  4.8922701801E-01
           DelSqV = -3.9623529477E-01
           DelSqVen = -1.8375434343E+00
           DelSqVrep =  1.4413081395E+00
           DelSqG =  2.8772178344E-01
           DelSqK =  1.0851351132E-01
           Stress_EigVals = -2.4704196316E-02 -2.4693498978E-02  4.4142830511E-03
           Stress_EigVec1 =  8.6580706610E-01 -5.0037785990E-01 -3.4873356063E-04
           Stress_EigVec2 =  5.0037768765E-01  8.6580710272E-01 -4.8019419209E-04
           Stress_EigVec3 =  5.4221453592E-04  2.4125703194E-04  9.9999982390E-01
           -DivStress =  1.4355472020E-05  3.0486994568E-06  2.0368251046E-02
           ESP =  -1.8195510640E-02
           ESPe = -1.1599205248E+01
           ESPn =  1.1581009738E+01
           BPL =  3.9605518247E+00 =  1.8172466517E+00 +  2.1433051730E+00                
           GBL_I =  3.9604132067E+00                                                      
           GBL_II =  3.9604110156E+00                                                     
           GBL_III =  3.9604192364E+00 =  1.8171141779E+00 +  2.1433050585E+00            
           GBL_IV =  3.9604170454E+00 =  1.8171112792E+00 +  2.1433057662E+00             

CP# 10     Coords =  6.59064696787081E-04  7.60776173080699E-04  7.24703548961015E-01
           Type = (3,-1) BCP Cl5 C1
           Rho =  8.0716916771E-02
           GradRho = -9.1225909963E-18  8.3102555294E-19 -9.5541281091E-17
           HessRho_EigVals = -8.4854907536E-02 -8.4562333680E-02  2.0938885664E-01
           HessRho_EigVec1 =  8.6589937243E-01 -5.0021666871E-01  1.2494697991E-03
           HessRho_EigVec2 =  5.0021750911E-01  8.6589966298E-01 -4.6608384382E-04
           HessRho_EigVec3 = -8.4877257021E-04  1.0285883784E-03  9.9999911080E-01
           DelSqRho =  3.9971615427E-02
           Bond Ellipticity =  3.4598602333E-03
           V = -6.9039238579E-02
           G =  3.9516071218E-02
           K =  2.9523167361E-02
           L = -9.9929038567E-03
           Vnuc =  1.3424995402E+01
           Ven = -1.0836242365E+00
           Vrep =  1.0145849979E+00
           DelSqV = -4.3970201430E-01
           DelSqVen = -5.3661875330E-01
           DelSqVrep =  9.6916739003E-02
           DelSqG =  2.9760481190E-01
           DelSqK =  1.4209720240E-01
           Stress_EigVals = -4.1852257814E-02 -4.1837136413E-02  1.4650155648E-02
           Stress_EigVec1 =  5.0043043437E-01  8.6577662431E-01 -4.6599807538E-04
           Stress_EigVec2 =  8.6577633940E-01 -5.0043064873E-01 -7.0423198901E-04
           Stress_EigVec3 =  8.4290731335E-04  5.1030987710E-05  9.9999964345E-01
           -DivStress =  2.1423379224E-06 -2.3385296027E-05 -4.1260094453E-02
           ESP =   1.7970261346E-01
           ESPe = -1.3245292788E+01
           ESPn =  1.3424995402E+01
           BPL =  4.0486235015E+00 =  2.3833634234E+00 +  1.6652600781E+00                
           GBL_I =  4.0485977628E+00                                                      
           GBL_II =  4.0486007376E+00                                                     
           GBL_III =  4.0485977636E+00 =  2.3833632314E+00 +  1.6652345322E+00            
           GBL_IV =  4.0486007383E+00 =  2.3833633074E+00 +  1.6652374310E+00             

CP# 11     Coords =  1.13745333926580E+00  6.56281648898999E-01 -1.08291284524397E+00
           Type = (3,-1) BCP H4 C1
           Rho =  3.1738406625E-01
           GradRho =  5.4183009457E-16  3.2842655012E-16  5.6130690120E-17
           HessRho_EigVals = -9.7008935966E-01 -9.2875760257E-01  5.1098991060E-01
           HessRho_EigVec1 =  1.1202147036E-01  6.6647742080E-02  9.9146823885E-01
           HessRho_EigVec2 = -5.0007728323E-01  8.6597908988E-01 -1.7107542162E-03
           HessRho_EigVec3 =  8.5870478104E-01  4.9561910209E-01 -1.3033727274E-01
           DelSqRho = -1.3878570516E+00
           Bond Ellipticity =  4.4502200540E-02
           V = -4.3553141033E-01
           G =  4.4283573713E-02
           K =  3.9124783662E-01
           L =  3.4696426291E-01
           Vnuc =  1.2803439231E+01
           Ven = -4.0636076051E+00
           Vrep =  3.6280761948E+00
           DelSqV = -2.5087525863E+00
           DelSqVen =  1.7769343422E+01
           DelSqVrep = -2.0278096008E+01
           DelSqG =  1.9007742088E+00
           DelSqK =  6.0797837748E-01
           Stress_EigVals = -2.7411936368E-01 -2.6819192607E-01  1.0677987941E-01
           Stress_EigVec1 = -5.0042592198E-01  8.6576749949E-01 -4.5313831851E-03
           Stress_EigVec2 =  1.0831326150E-01  6.7797647583E-02  9.9180225668E-01
           Stress_EigVec3 =  8.5897737688E-01  4.9583274983E-01 -1.2770180187E-01
           -DivStress =  1.7008071483E-02  9.8694629384E-03 -1.2268153339E-02
           ESP =   7.5108645825E-01
           ESPe = -1.2052352773E+01
           ESPn =  1.2803439231E+01
           BPL =  1.9689825462E+00 =  6.4813343123E-01 +  1.3208491149E+00                
           GBL_I =  1.9685713730E+00                                                      
           GBL_II =  2.0026594109E+00                                                     
           GBL_III =  1.9687193338E+00 =  6.4813073635E-01 +  1.3205885975E+00            
           GBL_IV =  2.0028206125E+00 =  6.8223233646E-01 +  1.3205882761E+00             

Number of NACPs  =      6
Number of NNACPs =      0
Number of BCPs   =      5
Number of RCPs   =      0
Number of CCPs   =      0
NumNACP + NumNNACP - NumBCP + NumRCP - NumCCP =      1
Poincare-Hopf Relationship is Satisfied

Bond Path Angles and Corresponding Geometric Bond Angles:
--------------------------------------------------------
  BPA     = A-B-C Bond Path Angle
  GBA_I   = A-B-C Geometric Bond Angle in Terms of Nuclear Attractors
  GBA_II  = A-B-C Geometric Bond Angle in Terms of Nuclei
  GBA_III = A-B-C Geometric Bond Angle in Terms of A|B and C|B BCPs and Nuclear Attractor B
  GBA_IV  = A-B-C Geometric Bond Angle in Terms of A|B and C|B BCPs and Nucleus B
-------------------------------------------------------------------------------------------------
Atom A    Atom B    Atom C        BPA          GBA_I         GBA_II       GBA_III       GBA_IV
-------------------------------------------------------------------------------------------------
H3        C1        H2        119.30025100  118.56760159  118.55463922  118.77019373  118.77024049
F6        C1        H2         85.94895725   83.33838146   83.30812142   83.88456820   83.88469359
F6        C1        H3         83.82623346   82.80631594   82.77393411   83.22385606   83.22398007
Cl5       C1        H2         94.40643165   96.66059798   96.69085831   96.16778428   96.16765963
Cl5       C1        H3         95.45654082   97.19444883   97.22683007   96.66963965   96.66951415
Cl5       C1        F6        179.28276093  179.99893797  179.99893840  179.89349051  179.89348902
H4        C1        H2        119.35976523  118.67350293  118.66181947  118.85691884  118.85696605
H4        C1        H3        119.29981137  118.56709366  118.55413200  118.76969738  118.76974413
H4        C1        F6         85.95642791   83.33992960   83.30967306   83.88660502   83.88673041
H4        C1        Cl5        94.40652874   96.66032619   96.69058303   96.16756942   96.16744477

Total time for electron density critical point search, analysis and connectivity = 250 sec (NProc = 8)             
 
Virial-Based Atomic Energy Components:
-------------------------------------
  Ee(A) = E(A) - W(A) = -T(A)
        = Contribution of Atom A to Electronic Energy of Molecule.
          Not additive to give molecular Ee unless molecular electronic virial theorem is satisfied.
  T(A) = Electronic Kinetic Energy of Atom A (Hamiltonian Form)
  Ven(A) = Ven(A,Mol) = VenT(A)
         = Attraction Energy Between Electron Density Distribution of Atom A and Nuclei of Molecule
  VenO(A) = Ven(A,A)
          = Attraction Energy Between Electron Density Distribution of Atom A and Nucleus of Atom A
  Vee(A) = Vee(A,A) + Vee(A,A')/2
         = Two-Electron Interaction Energy of Atom A with Itself Plus Half of Two-Electron Interaction Energy
           Between Atom A and Other Atoms of Molecule
  Vnn(A) - W(A) = Contribution of Atom A to the Nuclear Repulsion Energy of Molecule Minus
                  the Nuclear Virial of Energy-Gradient-Based Forces on Nuclei of Molecule.
                  Calculation of Vnn(A) - W(A) assumes satisfaction of the atomic virial theorem:
                       2T(A) + Ven(A) + Vee(A) + Vnn(A) - W(A) = 0
See "2EDM Note" and "DFT Note".
--------------------------------------------------------------------------------------------------------------------
Atom A         Ee(A)              T(A)             Ven(A)           VenO(A)            Vee(A)        Vnn(A) - W(A)
--------------------------------------------------------------------------------------------------------------------
C1       -3.7794756170E+01  3.7794756170E+01 -1.3439678715E+02 -8.8874919050E+01
H2       -6.1532445019E-01  6.1532445019E-01 -9.2939788939E+00 -1.2226210249E+00
H3       -6.1385282315E-01  6.1385282315E-01 -9.2718288895E+00 -1.2203444456E+00
H4       -6.1532896717E-01  6.1532896717E-01 -9.2940598923E+00 -1.2226298508E+00
Cl5      -4.5981341810E+02  4.5981341810E+02 -1.1562269929E+03 -1.0993316125E+03
F6       -9.9740595128E+01  9.9740595128E+01 -2.8567866290E+02 -2.4296204183E+02
--------------------------------------------------------------------------------------------------------------------
Total    -5.9919327564E+02  5.9919327564E+02 -1.6041623106E+03 -1.4348341687E+03
 
More Virial-Based Atomic Energy Components:
------------------------------------------
  E(A) = Ee(A) + W(A)
       = T(A) + Ven(A) + Vee(A) + Vnn(A) = Contribution of Atom A to Total Energy E of Molecule
         Not additive to give molecular E unless molecular virial theorem is satisfied.
  Ee(A) = E(A) - W(A) = Contribution of Atom A to Electronic Energy of Molecule
          Not additive to give molecular Ee unless molecular virial theorem is satisfied.
  W(A) = Contribution of Atom A to Nuclear Virial of Energy-Gradient-Based Forces on Nuclei of Molecule
  Vnn(A) = Contribution of Atom A to Nuclear Repulsion Energy of Molecule
           Calculation of Vnn(A) assumes satisfaction of the atomic virial theorem:
                2T(A) + Ven(A) + Vee(A) + Vnn(A) - W(A) = 0
  VeeC(A) = Coulomb Part of Vee(A)
  VeeX(A) = Exchange-Correlation Part of Vee(A)
See "2EDM Note" and "DFT Note".
--------------------------------------------------------------------------------------------------------------------
Atom A          E(A)             Ee(A)              W(A)             Vnn(A)           VeeC(A)           VeeX(A)
--------------------------------------------------------------------------------------------------------------------
C1                         -3.7794756170E+01
H2                         -6.1532445019E-01
H3                         -6.1385282315E-01
H4                         -6.1532896717E-01
Cl5                        -4.5981341810E+02
F6                         -9.9740595128E+01
--------------------------------------------------------------------------------------------------------------------
Total                      -5.9919327564E+02
 
IQA Atomic Energy Components:
----------------------------
  E_IQA(A) = Contribution of Atom A to Total Energy E of Molecule, Using IQA Additive Atomic Energy Definition
           = T(A) + Vne(A,Mol)/2 + Ven(A,Mol)/2 + Vee(A) + Vnn(A,Mol)/2
  T(A) = Electronic Kinetic Energy of Atom A (Hamiltonian Form)
  Vne(A,Mol)/2 = Half of Attraction Energy Between Nucleus of Atom A and Electron Density Distribution of Molecule
  Ven(A,Mol)/2 = Half of Attraction Energy Between Electron Density Distribution of Atom A and Nuclei of Molecule
  Vee(A) = Vee(A,A) + Vee(A,A')/2
         = Two-Electron Interaction Energy of Atom A with Itself Plus Half of Two-Electron Interaction Energy
           Between Atom A and Other Atoms of Molecule
  Vnn(A,Mol)/2 = Vnn(A,A')/2 = Half of Repulsion Energy Between Nucleus of Atom A and Other Nuclei of Molecule
  VeeC(A) = Coulomb Part of Vee(A)
  VeeX(A) = Exchange-Correlation Part of Vee(A)
See "2EDM Note" and "DFT Note".
--------------------------------------------------------------------------------------------------------------------------------------------------------
Atom A        E_IQA(A)            T(A)          Vne(A,Mol)/2      Ven(A,Mol)/2         Vee(A)         Vnn(A,Mol)/2        VeeC(A)           VeeX(A)
--------------------------------------------------------------------------------------------------------------------------------------------------------
C1                          3.7794756170E+01 -6.8514481252E+01 -6.7198393573E+01                    2.3906726894E+01
H2                          6.1532445019E-01 -5.2851290425E+00 -4.6469894470E+00                    4.6537991598E+00
H3                          6.1385282315E-01 -5.2810409430E+00 -4.6359144447E+00                    4.6497741625E+00
H4                          6.1532896717E-01 -5.2851225348E+00 -4.6470299461E+00                    4.6537927811E+00
Cl5                         4.5981341810E+02 -5.7696755682E+02 -5.7811349646E+02                    2.7543171796E+01
F6                          9.9740595128E+01 -1.4074794322E+02 -1.4283933145E+02                    1.9568989996E+01
--------------------------------------------------------------------------------------------------------------------------------------------------------
Total                       5.9919327564E+02 -8.0208127381E+02 -8.0208115532E+02                    8.4976254789E+01
 
More IQA Atomic Energy Components:
---------------------------------
  Vneen(A) = Vne(A,Mol)/2 + Ven(A,Mol)/2
  V_IQA(A) = Vne(A,Mol)/2 + Ven(A,Mol)/2 + Vee(A,A) + Vee(A,A')/2 + Vnn(A,A')/2
           = VC_IQA(A) + VX_IQA(A) = Potential Energy Contribution to E_IQA(A)
           = E_IQA(A) - T(A)
  VC_IQA(A) = Vne(A,Mol)/2 + Ven(A,Mol)/2 + VeeC(A,A) + VeeC(A,A')/2 + Vnn(A,A')/2
            = Coulomb Potential Energy Contribution to E_IQA(A)
            = E_IQA(A) - T(A) - VeeX(A)
  VX_IQA(A) = VeeX(A,A) + VeeX(A,A')/2
            = Exchange-Correlation Energy Contribution to E_IQA(A)
            = E_IQA(A) - T(A) - VC_IQA(A)
See "2EDM Note" and "DFT Note".
--------------------------------------------------------------------------------
Atom A        Vneen(A)          V_IQA(A)         VC_IQA(A)         VX_IQA(A)
--------------------------------------------------------------------------------
C1       -1.3571287483E+02
H2       -9.9321184895E+00
H3       -9.9169553877E+00
H4       -9.9321524809E+00
Cl5      -1.1550810533E+03
F6       -2.8358727467E+02
--------------------------------------------------------------------------------
Total    -1.6041624291E+03
 
IQA Intraatomic ("Self") Energy Components:
------------------------------------------
  E_IQA_Intra(A) = T(A) + Vne(A,A) + Vee(A,A)
                 = Intraatomic ("Self") Contribution to E_IQA(A)
  T(A) = Electronic Kinetic Energy of Atom A (Hamiltonian Form)
  Vne(A,A) = Attraction Energy Between Electron Density Distribution of Atom A and Nucleus of Atom A
  Vee(A,A) = Two-electron Interaction Energy of Atom A With Itself
  VeeC(A,A) = Coulomb Part of Vee(A,A)
