AIMSum (Version 17.11.14, Professional)
Copyright (c) 1997-2017 by Todd A. Keith
AIMSum is a component of the AIMAll package ( http://aim.tkgristmill.com )

TP:  64-bit Linux

Much of the Quantum Theory of Atoms in Molecules (QTAIM) is described in the book:
  "Atoms in Molecules - A Quantum Theory"
  R.F.W. Bader, Oxford University Press, Oxford, 1990

For additional references see:  http://aim.tkgristmill.com/references.html

Wfn File:  /home/bruns/metodo_ts/QCISD/clch3f_ts/RUN/GAUSSIAN.wfn
Sum File:  /home/bruns/metodo_ts/QCISD/clch3f_ts/RUN/GAUSSIAN.sum

SumViz File:  /home/bruns/metodo_ts/QCISD/clch3f_ts/RUN/GAUSSIAN.sumviz

Wfn Title:   clch3f_ts-wavefunction                                                        
 
Total memory allocated for AIMSum =        1.289 Megabytes

Atomic units (a.u.) used throughout, except where stated otherwise

Model:  Unknown
 
Restricted, natural orbital wavefunction.
  Number of electrons (from MO Occs)                   =          35.9999992000
  Number of Alpha electrons (from MO Occs)             =          17.9999996000
  Number of Beta electrons (from MO Occs)              =          17.9999996000
  Number of electron pairs (N*(N-1)/2)                 =         629.9999716000
  Number of electron pairs (from Muller 2EDM)          =         629.9999716000
  Number of electron pairs (from Muller 2EDM, no SOSI) =         630.4346044945
 
Nuclear Charges and Cartesian Coordinates:
-------------------------------------------------------------------------------
Atom      Charge                X                  Y                  Z
-------------------------------------------------------------------------------
C1         6.0           3.3070000000E-04   1.8952060000E-02  -9.4053370000E-01
H2         1.0           3.5900000000E-05  -1.9890690400E+00  -1.1730021400E+00
H3         1.0          -1.7221301000E+00   9.9468570000E-01  -1.1739829100E+00
H4         1.0           1.7229578000E+00   9.9424539000E-01  -1.1745970700E+00
Cl5       17.0           1.0488000000E-03   1.8179200000E-03   3.1080665900E+00
F6         9.0          -3.5149000000E-04  -1.7404400000E-03  -4.9009442500E+00
 
Some Atomic Properties:
----------------------
  q(A) = Net Charge of Atom A
  L(A) = Lagrangian of Atom A = -(1/4) Times Atomic Integral of the Laplacian of the Electron Density
  K(A) = Electronic Kinetic Energy of Atom A (Hamiltonian Form)
  K_Scaled(A) = K(A) * E(Mol)/K(Mol) = Approximation to Virial-Based Total Energy of Atom A.
  |Mu_Intra(A)| = Magnitude of Intraatomic Dipole Moment of Atom A
--------------------------------------------------------------------------------------------------
Atom A          q(A)              L(A)              K(A)          K_Scaled(A)      |Mu_Intra(A)|
--------------------------------------------------------------------------------------------------
C1        2.2602648800E-01 -1.2639751396E-04  3.7795226964E+01 -3.7803010135E+01  2.8192963283E-02
H2        9.5470063320E-02  3.0138193368E-05  6.0794426350E-01 -6.0806945746E-01  1.4466116481E-01
H3        8.9498068460E-02  2.1797122977E-05  6.1900185941E-01 -6.1912933047E-01  1.4493854249E-01
H4        8.9495578910E-02  2.9821619120E-05  6.1900955326E-01 -6.1913702590E-01  1.4491612737E-01
Cl5      -6.4153251200E-01  7.0308823560E-06  4.5981440700E+02 -4.5990909658E+02  1.6791312197E-01
F6       -8.5897633740E-01  1.2260283621E-05  9.9740052278E+01 -9.9760591747E+01  1.0492334220E-01
--------------------------------------------------------------------------------------------------
Total    -1.0000186507E+00 -2.5349412518E-05  5.9919564192E+02 -5.9931903428E+02
 
1st Largest |L(A)| = 1.2639751396E-04, atom C1      
2nd Largest |L(A)| = 3.0138193368E-05, atom H2      
 
Molecular charge q(Mol) from the wfn file:  -9.9999920000E-01
Molecular energy E(Mol) from the wfn file:  -5.9931904030E+02
Molecular virial ratio (-V(Mol)/T(Mol)) from the wfn file:   2.0002059300E+00
Note.  K_Scaled(A) = (1+V(Mol)/T(Mol))*K(A) = (E(Mol)/T(Mol))*K(A)
       Only use K_Scaled(A) data with caution.
 
N_AIMInt(SumA)     =         36.000019
N_Analytic(Mol)    =         35.999999
 
G_AIMInt(SumA)     =        599.195667
G_Analytic(Mol)    =        599.195648
 
K_AIMInt(SumA)     =        599.195642
K_Analytic(Mol)    =        599.195648
 
L_AIMInt(SumA)     =         -0.000025
L_Analytic(Mol)    =          0.000000
 
VenT_AIMInt(SumA)  =      -1604.180123
VenT_Analytic(Mol) =      -1604.179982
 
Some Information About the Atomic Calculations:
----------------------------------------------
  Time(sec) = "Elapsed User Time", in Seconds, for Atom A by AIMInt and, if used, by TWOe
  NProc = Number of Processors Used for AIMInt Job
  BIM = Basin Integration Method
  OAQ = Angular Quadrature Outside of Beta Sphere
  ORQ = Multiple of Default for Radial Quadrature Outside of Beta Sphere
  IAQ = Multiple of Default for Angular Quadrature Inside of Beta Sphere
  IRQ = Multiple of Default for Radial Quadrature Inside of Beta Sphere
  MIR = Maximum Integration Radius
------------------------------------------------------------------------------------------------------
Atom A     Time(sec)   NProc      BIM          OAQ                     ORQ      IAQ      IRQ      MIR
------------------------------------------------------------------------------------------------------
C1             85        8     Proaim(5)    4500(GS4)                  1.00     1.00     1.00    13.00
H2             15        8     Proaim(5)    1800(GS4)                  1.00     1.00     1.00    13.00
H3             17        8     Proaim(5)    1800(GS4)                  1.00     1.00     1.00    13.00
H4             15        8     Proaim(5)    1800(GS4)                  1.00     1.00     1.00    13.00
Cl5            33        8     Proaim(5)    3150(GS4)                  1.00     1.00     1.00    13.00
F6             34        8     Proaim(5)    2700(GS4)                  1.00     1.00     1.00    13.00
------------------------------------------------------------------------------------------------------
Total         199
Note:  Total wall clock time is less than total of atomic times if more than one atom
       was calculated at a time
 
Electron Density Critical Point Analysis of Molecular Structure:               
---------------------------------------------------------------                
  NACP = Nuclear Attractor Critical Point                                      
  NNACP = Non-Nuclear Attractor Critical Point                                 
  BCP = Bond Critical Point                                                    
  RCP = Ring Critical Point                                                    
  CCP = Cage Critical Point                                                    
  Rho = Electron Density                                                       
  GradRho = Gradient of Electron Density                                       
  HessRho_EigVals = Eigenvalues of the Hessian of Rho, Ascending Order         
  HessRho_EigVecs = Eigenvectors of the Hessian of Rho                         
  DelSqRho = Laplacian of Rho = Trace of Hessian of Rho                        
  Bond Ellipticity = (HessRho_EigVal(1) / HessRho_EigVal(2)) - 1               
  V = Virial Field = Potential Energy Density = Trace of Stress Tensor         
  G = Lagrangian Form of Kinetic Energy Density                                
  K = Hamiltonian Form of Kinetic Energy Density                               
  L = K - G = Lagrangian Density = (-1/4)DelSqRho                              
  Vnuc = Electrostatic Potential from Nuclei                                   
  Ven = Electron-nuclear attractive contribution to Virial Field V             
  Vrep = V - Ven = Repulsive contribution to Virial Field V                    
  DelSqV = Laplacian of V                                                      
  DelSqVen = Laplacian of Ven                                                  
  DelSqVrep = Laplacian of Vrep                                                
  DelSqG = Laplacian of G                                                      
  DelSqK = Laplacian of K                                                      
  Stress_EigVals = Eigenvalues of Stress Tensor, Ascending Order               
  Stress_EigVecs = Eigenvectors of Stress Tensor                               
  -DivStress = Ehrenfest Force Density = Minus Divergence of Stress Tensor     
  ESP = Total Electrostatic Potential                                          
  ESPe = Electrostatic Potential from Electrons                                
  ESPn = Electrostatic Potential from Nuclei                                   
  BP = Bond Path                                                               
  BPL = Bond Path Length                                                       
  GBL = Geometric Bond Length                                                  
  GBL_I = Distance Between Nuclear Attractors                                  
  GBL_II = Distance Between Nuclei                                             
  GBL_III = Sum of Distances Between BCP and Nuclear Attractors                
  GBL_IV = Sum of Distances Between BCP and Nuclei                             

CP# 1      Coords =  3.30700463503703E-04  1.89518591672234E-02 -9.40530831738756E-01
           Type = (3,-3) NACP C1
           Rho =  1.2140892201E+02     Rho at Nucleus =  1.2140892098E+02
           GradRho = -4.6671240206E-15 -1.3778771450E-13 -1.3303811675E-11
           HessRho_EigVals = -2.4893353855E+05 -2.4892647079E+05 -2.4892639074E+05
           HessRho_EigVec1 =  1.7760125023E-04  2.1394936533E-03  9.9999769551E-01
           HessRho_EigVec2 =  7.0214419336E-05  9.9999770879E-01 -2.1395061520E-03
           HessRho_EigVec3 =  9.9999998176E-01 -7.0594236495E-05 -1.7745062000E-04
           DelSqRho = -7.4678640008E+05
           Bond Ellipticity = NA
           V = -1.8671012195E+05
           G =  6.7609649137E+00
           K =  1.8670336099E+05
           L =  1.8669660002E+05
           Vnuc =  2.0867585454E+06
           Ven = -2.5335110549E+08
           Vrep =  2.5316439537E+08
           DelSqV =  1.1231595755E+10
           DelSqVen =  1.5583628820E+12
           DelSqVrep = -1.5471312863E+12
           DelSqG =  3.8281902484E+08
           DelSqK = -1.1614414780E+10
           Stress_EigVals = -6.2237445247E+04 -6.2237409722E+04 -6.2235266981E+04
           Stress_EigVec1 =  9.9999997891E-01 -1.0355299437E-04 -1.7737493363E-04
           Stress_EigVec2 =  1.0319909149E-04  9.9999800651E-01 -1.9940733147E-03
           Stress_EigVec3 =  1.7758107230E-04  1.9940549677E-03  9.9999799610E-01
           -DivStress = -1.7037268904E+00  7.3879289784E+02 -1.0543432053E+04
           ESP =  -1.4869250196E+01     ESP at Nucleus =  -1.4869250219E+01
           ESPe = -2.2838693260E+01     ESPe at Nucleus = -2.2838692204E+01
           ESPn =  7.9694430647E+00     ESPn at Nucleus =  7.9694419849E+00

CP# 2      Coords =  4.09461221484941E-05 -1.95581611913517E+00 -1.16810771191483E+00
           Type = (3,-3) NACP H2
           Rho =  4.4200866769E-01     Rho at Nucleus =  4.3732553436E-01
           GradRho =  3.8063519054E-20  3.9747109140E-16 -9.3459551765E-16
           HessRho_EigVals = -8.8619798749E+00 -8.8488813625E+00 -7.9409307103E+00
           HessRho_EigVec1 =  1.5468354949E-04 -1.3604816363E-01  9.9070221219E-01
           HessRho_EigVec2 =  9.9999997697E-01 -1.2635096291E-04 -1.7348640216E-04
           HessRho_EigVec3 =  1.4877868490E-04  9.9070221621E-01  1.3604814095E-01
           DelSqRho = -2.5651791948E+01
           Bond Ellipticity = NA
           V = -6.4398554202E+00
           G =  1.3453716635E-02
           K =  6.4264017035E+00
           L =  6.4129479869E+00
           Vnuc =  3.9106561009E+01
           Ven = -1.7285438929E+01
           Vrep =  1.0845583509E+01
           DelSqV =  1.6413733266E+03
           DelSqVen =  1.0031533668E+03
           DelSqVrep =  6.3821995978E+02
           DelSqG =  1.2540826272E+02
           DelSqK = -1.7667815893E+03
           Stress_EigVals = -2.2238358859E+00 -2.2214295695E+00 -1.9945899647E+00
           Stress_EigVec1 =  1.5303009868E-04 -1.3543161022E-01  9.9078668518E-01
           Stress_EigVec2 =  9.9999997724E-01 -1.2654619526E-04 -1.7175084479E-04
           Stress_EigVec3 =  1.4864077879E-04  9.9078668892E-01  1.3543158777E-01
           -DivStress = -2.6951785785E-03 -1.7760946090E+01 -2.6143028278E+00
           ESP =  -1.2607412154E+00     ESP at Nucleus =  -1.2622963400E+00
           ESPe = -1.0615307317E+01     ESPe at Nucleus = -1.0542078987E+01
           ESPn =  9.3545661015E+00     ESPn at Nucleus =  9.2797826472E+00

CP# 3      Coords = -1.69251774976899E+00  9.78003182823152E-01 -1.16893173886230E+00
           Type = (3,-3) NACP H3
           Rho =  4.5124279889E-01     Rho at Nucleus =  4.4626310012E-01
           GradRho =  6.1959382002E-13 -3.4844593793E-13  1.0344281396E-13
           HessRho_EigVals = -9.0375594267E+00 -9.0241100583E+00 -8.0623477180E+00
           HessRho_EigVec1 = -1.2004554581E-01  6.7685819146E-02  9.9045832664E-01
           HessRho_EigVec2 =  4.9129687564E-01  8.7099218101E-01  2.4415313771E-05
           HessRho_EigVec3 =  8.6267980556E-01 -4.8661201228E-01  1.3781256324E-01
           DelSqRho = -2.6124017203E+01
           Bond Ellipticity = NA
           V = -6.5593124827E+00
           G =  1.4154090967E-02
           K =  6.5451583917E+00
           L =  6.5310043008E+00
           Vnuc =  3.8501870281E+01
           Ven = -1.7373691708E+01
           Vrep =  1.0814379225E+01
           DelSqV =  1.6686321591E+03
           DelSqVen =  1.0058235216E+03
           DelSqVrep =  6.6280863755E+02
           DelSqG =  1.2745076138E+02
           DelSqK = -1.7960829205E+03
           Stress_EigVals = -2.2681454710E+00 -2.2659000878E+00 -2.0252669239E+00
           Stress_EigVec1 = -1.1639176875E-01  7.2889983623E-02  9.9052511652E-01
           Stress_EigVec2 =  4.9180847051E-01  8.7068075543E-01 -6.2809595966E-03
           Stress_EigVec3 =  8.6288897577E-01 -4.8641759056E-01  1.3718798450E-01
           -DivStress = -1.6103429455E+01  9.0714665671E+00 -2.7470125424E+00
           ESP =  -1.2605359958E+00     ESP at Nucleus =  -1.2625935256E+00
           ESPe = -1.0660059439E+01     ESPe at Nucleus = -1.0584172012E+01
           ESPn =  9.3995234431E+00     ESPn at Nucleus =  9.3215784866E+00

CP# 4      Coords =  1.69334296505535E+00  9.77570456879182E-01 -1.16953528942302E+00
           Type = (3,-3) NACP H4
           Rho =  4.5124260889E-01     Rho at Nucleus =  4.4626290630E-01
           GradRho = -6.2027908477E-13 -3.4942398911E-13  1.0455461750E-13
           HessRho_EigVals = -9.0375556390E+00 -9.0241060983E+00 -8.0623433937E+00
           HessRho_EigVec1 =  1.2041446727E-01  6.7659633425E-02  9.9041533211E-01
           HessRho_EigVec2 = -4.9107428381E-01  8.7111767852E-01  1.9481269138E-04
           HessRho_EigVec3 =  8.6275512392E-01  4.8639095815E-01 -1.3812107722E-01
           DelSqRho = -2.6124005131E+01
           Bond Ellipticity = NA
           V = -6.5593094684E+00
           G =  1.4154092836E-02
           K =  6.5451553756E+00
           L =  6.5310012828E+00
           Vnuc =  3.8501861934E+01
           Ven = -1.7373680626E+01
           Vrep =  1.0814371158E+01
           DelSqV =  1.6686313023E+03
           DelSqVen =  1.0058228387E+03
           DelSqVrep =  6.6280846356E+02
           DelSqG =  1.2745069814E+02
           DelSqK = -1.7960820004E+03
           Stress_EigVals = -2.2681445510E+00 -2.2658990771E+00 -2.0252658403E+00
           Stress_EigVec1 =  1.1676101958E-01  7.2866524875E-02  9.9048338394E-01
           Stress_EigVec2 = -4.9158840387E-01  8.7080622378E-01 -6.1124297660E-03
           Stress_EigVec3 =  8.6296448680E-01  4.8619645224E-01 -1.3749656120E-01
           -DivStress =  1.6104772997E+01  9.0673380277E+00 -2.7527808801E+00
           ESP =  -1.2605364992E+00     ESP at Nucleus =  -1.2625940239E+00
           ESPe = -1.0660069719E+01     ESPe at Nucleus = -1.0584182340E+01
           ESPn =  9.3995332200E+00     ESPn at Nucleus =  9.3215883157E+00

CP# 5      Coords =  1.04879998652911E-03  1.81792081492869E-03  3.10806651434569E+00
           Type = (3,-3) NACP Cl5
           Rho =  3.1725878551E+03     Rho at Nucleus =  3.1725878547E+03
           GradRho =  1.1868249787E-11  1.8772894027E-10  6.3548668516E-09
           HessRho_EigVals = -1.3891681158E+08 -1.3891658818E+08 -1.3891658777E+08
           HessRho_EigVec1 =  1.7756585103E-04 -8.0193323392E-03  9.9996782887E-01
           HessRho_EigVec2 =  9.9999997004E-01 -1.6707524910E-04 -1.7891143344E-04
           HessRho_EigVec3 =  1.6850462435E-04  9.9996783068E-01  8.0193024321E-03
           DelSqRho = -4.1674998752E+08
           Bond Ellipticity = NA
           V = -1.0421594292E+08
           G =  1.4223019477E+04
           K =  1.0420171990E+08
           L =  1.0418749688E+08
           Vnuc =  2.2469326887E+08
           Ven = -7.1285913595E+11
           Vrep =  7.1275492001E+11
           DelSqV =  3.3656982368E+14
           DelSqVen =  9.3640869852E+16
           DelSqVrep = -9.3304300029E+16
           DelSqG =  4.5632226933E+12
           DelSqK = -3.4113304637E+14
           Stress_EigVals = -3.4738666415E+07 -3.4738666313E+07 -3.4738610192E+07
           Stress_EigVec1 =  1.6858793917E-04  9.9996770373E-01  8.0351155731E-03
           Stress_EigVec2 =  9.9999997002E-01 -1.6715571241E-04 -1.7891717880E-04
           Stress_EigVec3 =  1.7756828498E-04 -8.0351454955E-03  9.9996770193E-01
           -DivStress =  1.5007343545E+03 -9.0749868224E+04  8.4283411340E+06
           ESP =  -6.4638377958E+01     ESP at Nucleus =  -6.4638377959E+01
           ESPe = -6.7879504415E+01     ESPe at Nucleus = -6.7879504369E+01
           ESPn =  3.2411264574E+00     ESPn at Nucleus =  3.2411264098E+00

CP# 6      Coords = -3.51489880461015E-04 -1.74043029469172E-03 -4.90094353798817E+00
           Type = (3,-3) NACP F6
           Rho =  4.3109895266E+02     Rho at Nucleus =  4.3109895214E+02
           GradRho =  1.4570624811E-12  1.1674095817E-10  7.7425328364E-09
           HessRho_EigVals = -2.0428416989E+06 -2.0428290881E+06 -2.0428290379E+06
           HessRho_EigVec1 =  1.6724683525E-04  1.1756355140E-02  9.9993087768E-01
           HessRho_EigVec2 =  9.9999995422E-01 -2.5411248850E-04 -1.6427074571E-04
           HessRho_EigVec3 =  2.5216369843E-04  9.9993085938E-01 -1.1756397101E-02
           DelSqRho = -6.1284998249E+06
           Bond Ellipticity = NA
           V = -1.5324338720E+06
           G =  1.5445786764E+02
           K =  1.5322794141E+06
           L =  1.5321249562E+06
           Vnuc =  1.2639069463E+07
           Ven = -5.4486896080E+09
           Vrep =  5.4471571741E+09
           DelSqV =  2.1792681889E+11
           DelSqVen =  7.7458527224E+13
           DelSqVrep = -7.7240600405E+13
           DelSqG =  7.2617717292E+09
           DelSqK = -2.2518859062E+11
           Stress_EigVals = -5.1081233592E+05 -5.1081232356E+05 -5.1080921249E+05
           Stress_EigVec1 =  2.5977958464E-04  9.9993004571E-01 -1.1825236152E-02
           Stress_EigVec2 =  9.9999995228E-01 -2.6173840952E-04 -1.6410053217E-04
           Stress_EigVec3 =  1.6718417114E-04  1.1825192957E-02  9.9993006599E-01
           -DivStress = -8.5213174942E+00 -6.9188695812E+02 -5.0756232574E+04
           ESP =  -2.6928495691E+01     ESP at Nucleus =  -2.6928495694E+01
           ESPe = -3.1276202931E+01     ESPe at Nucleus = -3.1276202368E+01
           ESPn =  4.3477072406E+00     ESPn at Nucleus =  4.3477066739E+00

CP# 7      Coords =  1.37601883313010E-04 -1.30928635949022E+00 -1.08224270222717E+00
           Type = (3,-1) BCP C1 H2
           Rho =  3.1056330138E-01
           GradRho =  2.7047009036E-17  2.2969668104E-14 -4.2815365469E-14
           HessRho_EigVals = -9.4140412320E-01 -9.0192350670E-01  5.1315957310E-01
           HessRho_EigVec1 =  1.5845426815E-04 -1.2800464482E-01  9.9177355571E-01
           HessRho_EigVec2 =  9.9999997654E-01 -1.2621471088E-04 -1.7605867051E-04
           HessRho_EigVec3 =  1.4771274018E-04  9.9177356033E-01  1.2800462182E-01
           DelSqRho = -1.3301680568E+00
           Bond Ellipticity =  4.3773797009E-02
           V = -4.1796860552E-01
           G =  4.2713295661E-02
           K =  3.7525530986E-01
           L =  3.3254201420E-01
           Vnuc =  1.2746426453E+01
           Ven = -3.9585722800E+00
           Vrep =  3.5406036745E+00
           DelSqV = -2.4882997111E+00
           DelSqVen =  1.6954889306E+01
           DelSqVrep = -1.9443189017E+01
           DelSqG =  1.8282336855E+00
           DelSqK =  6.6006602553E-01
           Stress_EigVals = -2.6542538646E-01 -2.6002933384E-01  1.0748611478E-01
           Stress_EigVec1 =  9.9999997597E-01 -1.2572099855E-04 -1.7958232363E-04
           Stress_EigVec2 =  1.6238354537E-04 -1.2550638844E-01  9.9209279812E-01
           Stress_EigVec3 =  1.4726562610E-04  9.9209280345E-01  1.2550636501E-01
           -DivStress = -4.5448777025E-06 -2.0983098324E-02 -1.1809704618E-02
           ESP =   7.2898676823E-01
           ESPe = -1.2017439685E+01
           ESPn =  1.2746426453E+01
           BPL =  1.9882379069E+00 =  1.3360282551E+00 +  6.5220965179E-01                
           GBL_I =  1.9878379935E+00                                                      
           GBL_II =  2.0214327593E+00                                                     
           GBL_III =  1.9879832437E+00 =  1.3357765745E+00 +  6.5220666920E-01            
           GBL_IV =  2.0215911523E+00 =  1.3357764699E+00 +  6.8581468241E-01             

CP# 8      Coords = -1.13494534067846E+00  6.63181047347491E-01 -1.08251476971089E+00
           Type = (3,-1) BCP C1 H3
           Rho =  3.2084344492E-01
           GradRho =  2.5504548516E-17 -2.9412166189E-17  7.1918679541E-17
           HessRho_EigVals = -9.8470668660E-01 -9.4247829658E-01  5.0961688904E-01
           HessRho_EigVec1 = -1.1425079116E-01  6.2986260733E-02  9.9145322012E-01
           HessRho_EigVec2 =  4.9183008452E-01  8.7069013584E-01  1.3621019463E-03
           HessRho_EigVec3 =  8.6316274519E-01 -4.8778214227E-01  1.3045557482E-01
           DelSqRho = -1.4175680941E+00
           Bond Ellipticity =  4.4805689607E-02
           V = -4.4452939124E-01
           G =  4.5068683852E-02
           K =  3.9946070739E-01
           L =  3.5439202353E-01
           Vnuc =  1.2832300345E+01
           Ven = -4.1171594490E+00
           Vrep =  3.6726300578E+00
           DelSqV = -2.5170253007E+00
           DelSqVen =  1.8190659544E+01
           DelSqVrep = -2.0707684845E+01
           DelSqG =  1.9386208507E+00
           DelSqK =  5.7840444997E-01
           Stress_EigVals = -2.7853998266E-01 -2.7234369159E-01  1.0635428301E-01
           Stress_EigVec1 =  4.9144189841E-01  8.7090928520E-01  1.3701951677E-03
           Stress_EigVec2 = -1.1195333773E-01  6.1613304729E-02  9.9180151787E-01
           Stress_EigVec3 =  8.6368472874E-01 -4.8756621871E-01  1.2778056078E-01
           -DivStress = -1.7135093854E-02  8.5865362760E-03 -1.2291544009E-02
           ESP =   7.6249814400E-01
           ESPe = -1.2069802201E+01
           ESPn =  1.2832300345E+01
           BPL =  1.9593995919E+00 =  1.3132794520E+00 +  6.4612013992E-01                
           GBL_I =  1.9590003296E+00                                                      
           GBL_II =  1.9933453984E+00                                                     
           GBL_III =  1.9591454702E+00 =  1.3130279415E+00 +  6.4611752873E-01            
           GBL_IV =  1.9935036135E+00 =  1.3130275324E+00 +  6.8047608114E-01             

CP# 9      Coords =  2.19233333842992E-05  7.87068488418806E-03 -2.75724866575518E+00
           Type = (3,-1) BCP C1 F6
           Rho =  4.6122434060E-02
           GradRho = -2.2448559973E-18  3.1805971254E-18  2.7721549693E-17
           HessRho_EigVals = -3.8364567335E-02 -3.8314855535E-02  2.3477551652E-01
           HessRho_EigVec1 =  9.9998353078E-01 -5.7371425822E-03 -1.5286614318E-04
           HessRho_EigVec2 =  5.7364960529E-03  9.9997578909E-01 -3.9387627118E-03
           HessRho_EigVec3 =  1.7545968543E-04  3.9378209274E-03  9.9999223136E-01
           DelSqRho =  1.5809609365E-01
           Bond Ellipticity =  1.2974549710E-03
           V = -4.4887015058E-02
           G =  4.2205519235E-02
           K =  2.6814958229E-03
           L = -3.9524023412E-02
           Vnuc =  1.1579342007E+01
           Ven = -5.3406743818E-01
           Vrep =  4.8918042313E-01
           DelSqV = -3.9586532409E-01
           DelSqVen = -1.8306487383E+00
           DelSqVrep =  1.4347834143E+00
           DelSqG =  2.8749086448E-01
           DelSqK =  1.0837445961E-01
           Stress_EigVals = -2.4698416995E-02 -2.4669892013E-02  4.4812939512E-03
           Stress_EigVec1 =  3.4091298610E-04  9.9998291883E-01 -5.8348809139E-03
           Stress_EigVec2 =  9.9999992715E-01 -3.4190901596E-04 -1.6970603278E-04
           Stress_EigVec3 =  1.7169813239E-04  5.8348226339E-03  9.9998296254E-01
           -DivStress =  3.4897689796E-06  1.1367486017E-04  2.0421696074E-02
           ESP =  -1.7925336516E-02
           ESPe = -1.1597267344E+01
           ESPn =  1.1579342007E+01
           BPL =  3.9604794756E+00 =  1.8167629194E+00 +  2.1437165561E+00                
           GBL_I =  3.9604668210E+00                                                      
           GBL_II =  3.9604646659E+00                                                     
           GBL_III =  3.9604681051E+00 =  1.8167516551E+00 +  2.1437164500E+00            
           GBL_IV =  3.9604659502E+00 =  1.8167487881E+00 +  2.1437171621E+00             

CP# 10     Coords =  6.26077902631410E-04  1.23794947455785E-02  7.24599873471441E-01
           Type = (3,-1) BCP Cl5 C1
           Rho =  8.0660098878E-02
           GradRho = -3.1502668318E-18  1.6007375959E-18 -2.4262552377E-17
           HessRho_EigVals = -8.4543168430E-02 -8.4409960159E-02  2.0956757677E-01
           HessRho_EigVec1 =  9.9999996980E-01 -1.6970285373E-04 -1.7774918557E-04
           HessRho_EigVec2 =  1.7027699546E-04  9.9999475272E-01  3.2350475211E-03
           HessRho_EigVec3 =  1.7719925608E-04 -3.2350776900E-03  9.9999475142E-01
           DelSqRho =  4.0614448179E-02
           Bond Ellipticity =  1.5781108104E-03
           V = -6.9100958261E-02
           G =  3.9627285153E-02
           K =  2.9473673108E-02
           L = -1.0153612045E-02
           Vnuc =  1.3426584019E+01
           Ven = -1.0829895946E+00
           Vrep =  1.0138886363E+00
           DelSqV = -4.4006625243E-01
           DelSqVen = -5.4531330087E-01
           DelSqVrep =  1.0524704844E-01
           DelSqG =  2.9775366404E-01
           DelSqK =  1.4231258839E-01
           Stress_EigVals = -4.1854897375E-02 -4.1817796796E-02  1.4571735910E-02
           Stress_EigVec1 =  2.3282346272E-04  9.9998733824E-01  5.0268438338E-03
           Stress_EigVec2 =  9.9999995716E-01 -2.3192861886E-04 -1.7859526582E-04
           Stress_EigVec3 =  1.7742713554E-04 -5.0268851996E-03  9.9998734939E-01
           -DivStress = -7.3271154542E-06  1.8950469921E-04 -4.1246874994E-02
           ESP =   1.7979501851E-01
           ESPe = -1.3246789001E+01
           ESPn =  1.3426584019E+01
           BPL =  4.0486426265E+00 =  2.3834903393E+00 +  1.6651522872E+00                
           GBL_I =  4.0486336656E+00                                                      
           GBL_II =  4.0486366103E+00                                                     
           GBL_III =  4.0486337805E+00 =  2.3834900784E+00 +  1.6651437021E+00            
           GBL_IV =  4.0486367252E+00 =  2.3834901540E+00 +  1.6651465711E+00             

CP# 11     Coords =  1.13572134646282E+00  6.62891387049916E-01 -1.08291915245808E+00
           Type = (3,-1) BCP H4 C1
           Rho =  3.2084343128E-01
           GradRho =  3.2929452983E-18  7.4656376486E-18  6.5761679891E-17
           HessRho_EigVals = -9.8470716773E-01 -9.4247879848E-01  5.0961793460E-01
           HessRho_EigVec1 =  1.1461973724E-01  6.2959094765E-02  9.9141236033E-01
           HessRho_EigVec2 = -4.9160695563E-01  8.7081584972E-01  1.5352667948E-03
           HessRho_EigVec3 =  8.6324093798E-01  4.8756118411E-01 -1.3076381279E-01
           DelSqRho = -1.4175680316E+00
           Bond Ellipticity =  4.4805643709E-02
           V = -4.4452923974E-01
           G =  4.5068615921E-02
           K =  3.9946062382E-01
           L =  3.5439200790E-01
           Vnuc =  1.2832306212E+01
           Ven = -4.1171611565E+00
           Vrep =  3.6726319167E+00
           DelSqV = -2.5170371779E+00
           DelSqVen =  1.8190667058E+01
           DelSqVrep = -2.0707704236E+01
           DelSqG =  1.9386213680E+00
           DelSqK =  5.7841580991E-01
           Stress_EigVals = -2.7853996051E-01 -2.7234381359E-01  1.0635453435E-01
           Stress_EigVec1 = -4.9121830167E-01  8.7103512467E-01  1.5465097271E-03
           Stress_EigVec2 =  1.1232366117E-01  6.1583818825E-02  9.9176147757E-01
           Stress_EigVec3 =  8.6376384229E-01  4.8734509831E-01 -1.2808895311E-01
           -DivStress =  1.7135192655E-02  8.5831926524E-03 -1.2298485322E-02
           ESP =   7.6249743035E-01
           ESPe = -1.2069808782E+01
           ESPn =  1.2832306212E+01
           BPL =  1.9593998495E+00 =  6.4611958365E-01 +  1.3132802659E+00                
           GBL_I =  1.9590005578E+00                                                      
           GBL_II =  1.9933456465E+00                                                     
           GBL_III =  1.9591457108E+00 =  6.4611697216E-01 +  1.3130287386E+00            
           GBL_IV =  1.9935038751E+00 =  6.8047554563E-01 +  1.3130283295E+00             

Number of NACPs  =      6
Number of NNACPs =      0
Number of BCPs   =      5
Number of RCPs   =      0
Number of CCPs   =      0
NumNACP + NumNNACP - NumBCP + NumRCP - NumCCP =      1
Poincare-Hopf Relationship is Satisfied

Bond Path Angles and Corresponding Geometric Bond Angles:
--------------------------------------------------------
  BPA     = A-B-C Bond Path Angle
  GBA_I   = A-B-C Geometric Bond Angle in Terms of Nuclear Attractors
  GBA_II  = A-B-C Geometric Bond Angle in Terms of Nuclei
  GBA_III = A-B-C Geometric Bond Angle in Terms of A|B and C|B BCPs and Nuclear Attractor B
  GBA_IV  = A-B-C Geometric Bond Angle in Terms of A|B and C|B BCPs and Nucleus B
-------------------------------------------------------------------------------------------------
Atom A    Atom B    Atom C        BPA          GBA_I         GBA_II       GBA_III       GBA_IV
-------------------------------------------------------------------------------------------------
H3        C1        H2        118.95916777  118.22068785  118.20667765  118.44259746  118.44263471
F6        C1        H2         84.80642063   83.12674377   83.09691042   83.56058313   83.56069949
F6        C1        H3         85.63880619   83.44367029   83.41344621   83.95629636   83.95642367
Cl5       C1        H2         94.02544571   96.33142292   96.36125038   95.86379391   95.86366414
Cl5       C1        H3         94.93993457   96.82369499   96.85390263   96.32822008   96.32809932
Cl5       C1        F6        178.83186455  179.45816657  179.45816069  179.42437682  179.42436341
H4        C1        H2        118.95908189  118.22050360  118.20649129  118.44244557  118.44248282
H4        C1        H3        120.14156005  119.57856906  119.57094221  119.68959572  119.68965718
H4        C1        F6         85.63542243   83.44300604   83.41278051   83.95541291   83.95554023
H4        C1        Cl5        94.93975492   96.82372864   96.85393772   96.32823581   96.32811504

Total time for electron density critical point search, analysis and connectivity = 259 sec (NProc = 8)             
 
Virial-Based Atomic Energy Components:
-------------------------------------
  Ee(A) = E(A) - W(A) = -T(A)
        = Contribution of Atom A to Electronic Energy of Molecule.
          Not additive to give molecular Ee unless molecular electronic virial theorem is satisfied.
  T(A) = Electronic Kinetic Energy of Atom A (Hamiltonian Form)
  Ven(A) = Ven(A,Mol) = VenT(A)
         = Attraction Energy Between Electron Density Distribution of Atom A and Nuclei of Molecule
  VenO(A) = Ven(A,A)
          = Attraction Energy Between Electron Density Distribution of Atom A and Nucleus of Atom A
  Vee(A) = Vee(A,A) + Vee(A,A')/2
         = Two-Electron Interaction Energy of Atom A with Itself Plus Half of Two-Electron Interaction Energy
           Between Atom A and Other Atoms of Molecule
  Vnn(A) - W(A) = Contribution of Atom A to the Nuclear Repulsion Energy of Molecule Minus
                  the Nuclear Virial of Energy-Gradient-Based Forces on Nuclei of Molecule.
                  Calculation of Vnn(A) - W(A) assumes satisfaction of the atomic virial theorem:
                       2T(A) + Ven(A) + Vee(A) + Vnn(A) - W(A) = 0
See "2EDM Note" and "DFT Note".
--------------------------------------------------------------------------------------------------------------------
Atom A         Ee(A)              T(A)             Ven(A)           VenO(A)            Vee(A)        Vnn(A) - W(A)
--------------------------------------------------------------------------------------------------------------------
C1       -3.7795226964E+01  3.7795226964E+01 -1.3438405686E+02 -8.8871473559E+01
H2       -6.0794426350E-01  6.0794426350E-01 -9.2265473806E+00 -1.2123329529E+00
H3       -6.1900185941E-01  6.1900185941E-01 -9.3269654925E+00 -1.2276952787E+00
H4       -6.1900955326E-01  6.1900955326E-01 -9.3270421778E+00 -1.2277019238E+00
Cl5      -4.5981440700E+02  4.5981440700E+02 -1.1562486864E+03 -1.0993385084E+03
F6       -9.9740052278E+01  9.9740052278E+01 -2.8566682436E+02 -2.4295982961E+02
--------------------------------------------------------------------------------------------------------------------
Total    -5.9919564192E+02  5.9919564192E+02 -1.6041801227E+03 -1.4348375417E+03
 
More Virial-Based Atomic Energy Components:
------------------------------------------
  E(A) = Ee(A) + W(A)
       = T(A) + Ven(A) + Vee(A) + Vnn(A) = Contribution of Atom A to Total Energy E of Molecule
         Not additive to give molecular E unless molecular virial theorem is satisfied.
  Ee(A) = E(A) - W(A) = Contribution of Atom A to Electronic Energy of Molecule
          Not additive to give molecular Ee unless molecular virial theorem is satisfied.
  W(A) = Contribution of Atom A to Nuclear Virial of Energy-Gradient-Based Forces on Nuclei of Molecule
  Vnn(A) = Contribution of Atom A to Nuclear Repulsion Energy of Molecule
           Calculation of Vnn(A) assumes satisfaction of the atomic virial theorem:
                2T(A) + Ven(A) + Vee(A) + Vnn(A) - W(A) = 0
  VeeC(A) = Coulomb Part of Vee(A)
  VeeX(A) = Exchange-Correlation Part of Vee(A)
See "2EDM Note" and "DFT Note".
--------------------------------------------------------------------------------------------------------------------
Atom A          E(A)             Ee(A)              W(A)             Vnn(A)           VeeC(A)           VeeX(A)
--------------------------------------------------------------------------------------------------------------------
C1                         -3.7795226964E+01
H2                         -6.0794426350E-01
H3                         -6.1900185941E-01
H4                         -6.1900955326E-01
Cl5                        -4.5981440700E+02
F6                         -9.9740052278E+01
--------------------------------------------------------------------------------------------------------------------
Total                      -5.9919564192E+02
 
IQA Atomic Energy Components:
----------------------------
  E_IQA(A) = Contribution of Atom A to Total Energy E of Molecule, Using IQA Additive Atomic Energy Definition
           = T(A) + Vne(A,Mol)/2 + Ven(A,Mol)/2 + Vee(A) + Vnn(A,Mol)/2
  T(A) = Electronic Kinetic Energy of Atom A (Hamiltonian Form)
  Vne(A,Mol)/2 = Half of Attraction Energy Between Nucleus of Atom A and Electron Density Distribution of Molecule
  Ven(A,Mol)/2 = Half of Attraction Energy Between Electron Density Distribution of Atom A and Nuclei of Molecule
  Vee(A) = Vee(A,A) + Vee(A,A')/2
         = Two-Electron Interaction Energy of Atom A with Itself Plus Half of Two-Electron Interaction Energy
           Between Atom A and Other Atoms of Molecule
  Vnn(A,Mol)/2 = Vnn(A,A')/2 = Half of Repulsion Energy Between Nucleus of Atom A and Other Nuclei of Molecule
  VeeC(A) = Coulomb Part of Vee(A)
  VeeX(A) = Exchange-Correlation Part of Vee(A)
See "2EDM Note" and "DFT Note".
--------------------------------------------------------------------------------------------------------------------------------------------------------
Atom A        E_IQA(A)            T(A)          Vne(A,Mol)/2      Ven(A,Mol)/2         Vee(A)         Vnn(A,Mol)/2        VeeC(A)           VeeX(A)
--------------------------------------------------------------------------------------------------------------------------------------------------------
C1                          3.7795226964E+01 -6.8516076611E+01 -6.7192028432E+01                    2.3908325955E+01
H2                          6.0794426350E-01 -5.2710394936E+00 -4.6132736903E+00                    4.6398913236E+00
H3                          6.1900185941E-01 -5.2920860054E+00 -4.6634827463E+00                    4.6607892433E+00
H4                          6.1900955326E-01 -5.2920911705E+00 -4.6635210889E+00                    4.6607941578E+00
Cl5                         4.5981440700E+02 -5.7697578713E+02 -5.7812434319E+02                    2.7549574484E+01
F6                          9.9740052278E+01 -1.4074291065E+02 -1.4283341218E+02                    1.9564680033E+01
--------------------------------------------------------------------------------------------------------------------------------------------------------
Total                       5.9919564192E+02 -8.0208999106E+02 -8.0209006133E+02                    8.4984055197E+01
 
More IQA Atomic Energy Components:
---------------------------------
  Vneen(A) = Vne(A,Mol)/2 + Ven(A,Mol)/2
  V_IQA(A) = Vne(A,Mol)/2 + Ven(A,Mol)/2 + Vee(A,A) + Vee(A,A')/2 + Vnn(A,A')/2
           = VC_IQA(A) + VX_IQA(A) = Potential Energy Contribution to E_IQA(A)
           = E_IQA(A) - T(A)
  VC_IQA(A) = Vne(A,Mol)/2 + Ven(A,Mol)/2 + VeeC(A,A) + VeeC(A,A')/2 + Vnn(A,A')/2
            = Coulomb Potential Energy Contribution to E_IQA(A)
            = E_IQA(A) - T(A) - VeeX(A)
  VX_IQA(A) = VeeX(A,A) + VeeX(A,A')/2
            = Exchange-Correlation Energy Contribution to E_IQA(A)
            = E_IQA(A) - T(A) - VC_IQA(A)
See "2EDM Note" and "DFT Note".
--------------------------------------------------------------------------------
Atom A        Vneen(A)          V_IQA(A)         VC_IQA(A)         VX_IQA(A)
--------------------------------------------------------------------------------
C1       -1.3570810504E+02
H2       -9.8843131839E+00
H3       -9.9555687517E+00
H4       -9.9556122594E+00
Cl5      -1.1551001303E+03
F6       -2.8357632283E+02
--------------------------------------------------------------------------------
Total    -1.6041800524E+03
 
IQA Intraatomic ("Self") Energy Components:
------------------------------------------
  E_IQA_Intra(A) = T(A) + Vne(A,A) + Vee(A,A)
                 = Intraatomic ("Self") Contribution to E_IQA(A)
  T(A) = Electronic Kinetic Energy of Atom A (Hamiltonian Form)
  Vne(A,A) = Attraction Energy Between Electron Density Distribution of Atom A and Nucleus of Atom A
  Vee(A,A) = Two-electron Interaction Energy of Atom A With Itself
  VeeC(A,A) = Coulomb Part of Vee(A,A)
