AIMSum (Version 17.11.14, Professional)
Copyright (c) 1997-2017 by Todd A. Keith
AIMSum is a component of the AIMAll package ( http://aim.tkgristmill.com )

TP:  64-bit Linux

Much of the Quantum Theory of Atoms in Molecules (QTAIM) is described in the book:
  "Atoms in Molecules - A Quantum Theory"
  R.F.W. Bader, Oxford University Press, Oxford, 1990

For additional references see:  http://aim.tkgristmill.com/references.html

Wfn File:  /home/bruns/metodo_ts/QCISD/clch3f_ts/RUN/GAUSSIAN.wfn
Sum File:  /home/bruns/metodo_ts/QCISD/clch3f_ts/RUN/GAUSSIAN.sum

SumViz File:  /home/bruns/metodo_ts/QCISD/clch3f_ts/RUN/GAUSSIAN.sumviz

Wfn Title:   clch3f_ts-wavefunction                                                        
 
Total memory allocated for AIMSum =        1.289 Megabytes

Atomic units (a.u.) used throughout, except where stated otherwise

Model:  Unknown
 
Restricted, natural orbital wavefunction.
  Number of electrons (from MO Occs)                   =          35.9999994000
  Number of Alpha electrons (from MO Occs)             =          17.9999997000
  Number of Beta electrons (from MO Occs)              =          17.9999997000
  Number of electron pairs (N*(N-1)/2)                 =         629.9999787000
  Number of electron pairs (from Muller 2EDM)          =         629.9999787000
  Number of electron pairs (from Muller 2EDM, no SOSI) =         630.4345250223
 
Nuclear Charges and Cartesian Coordinates:
-------------------------------------------------------------------------------
Atom      Charge                X                  Y                  Z
-------------------------------------------------------------------------------
C1         6.0           3.3070000000E-04   5.4800000000E-05  -9.4053370000E-01
H2         1.0           3.5900000000E-05  -1.9890690400E+00  -1.1730021400E+00
H3         1.0          -1.7221301000E+00   9.9468570000E-01  -1.1550856500E+00
H4         1.0           1.7229578000E+00   9.9424539000E-01  -1.1745970700E+00
Cl5       17.0           1.0488000000E-03   1.8179200000E-03   3.1080665900E+00
F6         9.0          -3.5149000000E-04  -1.7404400000E-03  -4.9009442500E+00
 
Some Atomic Properties:
----------------------
  q(A) = Net Charge of Atom A
  L(A) = Lagrangian of Atom A = -(1/4) Times Atomic Integral of the Laplacian of the Electron Density
  K(A) = Electronic Kinetic Energy of Atom A (Hamiltonian Form)
  K_Scaled(A) = K(A) * E(Mol)/K(Mol) = Approximation to Virial-Based Total Energy of Atom A.
  |Mu_Intra(A)| = Magnitude of Intraatomic Dipole Moment of Atom A
--------------------------------------------------------------------------------------------------
Atom A          q(A)              L(A)              K(A)          K_Scaled(A)      |Mu_Intra(A)|
--------------------------------------------------------------------------------------------------
C1        2.2683130840E-01 -1.5942000907E-04  3.7795877230E+01 -3.7803546391E+01  2.3752348059E-02
H2        9.1826249650E-02  3.0703554329E-05  6.1511125005E-01 -6.1523606227E-01  1.4483393770E-01
H3        9.0468748910E-02  2.2305598469E-05  6.1648605243E-01 -6.1661114362E-01  1.4469987560E-01
H4        9.1819309940E-02  2.9719164323E-05  6.1511483650E-01 -6.1523964946E-01  1.4482726796E-01
Cl5      -6.4226094000E-01  9.1501855533E-06  4.5981543939E+02 -4.5990874054E+02  1.6895884498E-01
F6       -8.5874888640E-01  1.1945378824E-05  9.9739518123E+01 -9.9759756269E+01  1.0407612248E-01
--------------------------------------------------------------------------------------------------
Total    -1.0000642095E+00 -5.5596127572E-05  5.9919754688E+02 -5.9931913006E+02
 
1st Largest |L(A)| = 1.5942000907E-04, atom C1      
2nd Largest |L(A)| = 3.0703554329E-05, atom H2      
 
Molecular charge q(Mol) from the wfn file:  -9.9999940000E-01
Molecular energy E(Mol) from the wfn file:  -5.9931913411E+02
Molecular virial ratio (-V(Mol)/T(Mol)) from the wfn file:   2.0002029100E+00
Note.  K_Scaled(A) = (1+V(Mol)/T(Mol))*K(A) = (E(Mol)/T(Mol))*K(A)
       Only use K_Scaled(A) data with caution.
 
N_AIMInt(SumA)     =         36.000064
N_Analytic(Mol)    =         36.000000
 
G_AIMInt(SumA)     =        599.197602
G_Analytic(Mol)    =        599.197552
 
K_AIMInt(SumA)     =        599.197547
K_Analytic(Mol)    =        599.197552
 
L_AIMInt(SumA)     =         -0.000056
L_Analytic(Mol)    =          0.000000
 
VenT_AIMInt(SumA)  =      -1604.198933
VenT_Analytic(Mol) =      -1604.198263
 
Some Information About the Atomic Calculations:
----------------------------------------------
  Time(sec) = "Elapsed User Time", in Seconds, for Atom A by AIMInt and, if used, by TWOe
  NProc = Number of Processors Used for AIMInt Job
  BIM = Basin Integration Method
  OAQ = Angular Quadrature Outside of Beta Sphere
  ORQ = Multiple of Default for Radial Quadrature Outside of Beta Sphere
  IAQ = Multiple of Default for Angular Quadrature Inside of Beta Sphere
  IRQ = Multiple of Default for Radial Quadrature Inside of Beta Sphere
  MIR = Maximum Integration Radius
------------------------------------------------------------------------------------------------------
Atom A     Time(sec)   NProc      BIM          OAQ                     ORQ      IAQ      IRQ      MIR
------------------------------------------------------------------------------------------------------
C1             84        8     Proaim(5)    4500(GS4)                  1.00     1.00     1.00    13.00
H2             16        8     Proaim(5)    1800(GS4)                  1.00     1.00     1.00    13.00
H3             18        8     Proaim(5)    1800(GS4)                  1.00     1.00     1.00    13.00
H4             17        8     Proaim(5)    1800(GS4)                  1.00     1.00     1.00    13.00
Cl5            33        8     Proaim(5)    3150(GS4)                  1.00     1.00     1.00    13.00
F6             32        8     Proaim(5)    2700(GS4)                  1.00     1.00     1.00    13.00
------------------------------------------------------------------------------------------------------
Total         200
Note:  Total wall clock time is less than total of atomic times if more than one atom
       was calculated at a time
 
Electron Density Critical Point Analysis of Molecular Structure:               
---------------------------------------------------------------                
  NACP = Nuclear Attractor Critical Point                                      
  NNACP = Non-Nuclear Attractor Critical Point                                 
  BCP = Bond Critical Point                                                    
  RCP = Ring Critical Point                                                    
  CCP = Cage Critical Point                                                    
  Rho = Electron Density                                                       
  GradRho = Gradient of Electron Density                                       
  HessRho_EigVals = Eigenvalues of the Hessian of Rho, Ascending Order         
  HessRho_EigVecs = Eigenvectors of the Hessian of Rho                         
  DelSqRho = Laplacian of Rho = Trace of Hessian of Rho                        
  Bond Ellipticity = (HessRho_EigVal(1) / HessRho_EigVal(2)) - 1               
  V = Virial Field = Potential Energy Density = Trace of Stress Tensor         
  G = Lagrangian Form of Kinetic Energy Density                                
  K = Hamiltonian Form of Kinetic Energy Density                               
  L = K - G = Lagrangian Density = (-1/4)DelSqRho                              
  Vnuc = Electrostatic Potential from Nuclei                                   
  Ven = Electron-nuclear attractive contribution to Virial Field V             
  Vrep = V - Ven = Repulsive contribution to Virial Field V                    
  DelSqV = Laplacian of V                                                      
  DelSqVen = Laplacian of Ven                                                  
  DelSqVrep = Laplacian of Vrep                                                
  DelSqG = Laplacian of G                                                      
  DelSqK = Laplacian of K                                                      
  Stress_EigVals = Eigenvalues of Stress Tensor, Ascending Order               
  Stress_EigVecs = Eigenvectors of Stress Tensor                               
  -DivStress = Ehrenfest Force Density = Minus Divergence of Stress Tensor     
  ESP = Total Electrostatic Potential                                          
  ESPe = Electrostatic Potential from Electrons                                
  ESPn = Electrostatic Potential from Nuclei                                   
  BP = Bond Path                                                               
  BPL = Bond Path Length                                                       
  GBL = Geometric Bond Length                                                  
  GBL_I = Distance Between Nuclear Attractors                                  
  GBL_II = Distance Between Nuclei                                             
  GBL_III = Sum of Distances Between BCP and Nuclear Attractors                
  GBL_IV = Sum of Distances Between BCP and Nuclei                             

CP# 1      Coords =  3.30716880723006E-04  5.47918085002912E-05 -9.40530864245923E-01
           Type = (3,-3) NACP C1
           Rho =  1.2140998553E+02     Rho at Nucleus =  1.2140998453E+02
           GradRho =  5.1730616802E-15  6.7754769961E-16 -1.2270304404E-11
           HessRho_EigVals = -2.4893585457E+05 -2.4892874151E+05 -2.4892873806E+05
           HessRho_EigVec1 =  3.2914730751E-03 -1.3628553379E-03  9.9999365440E-01
           HessRho_EigVec2 =  5.0183251360E-01  8.6496468403E-01 -4.7294947111E-04
           HessRho_EigVec3 =  8.6495855074E-01 -5.0183088587E-01 -3.5309330883E-03
           DelSqRho = -7.4679333414E+05
           Bond Ellipticity = NA
           V = -1.8671185659E+05
           G =  6.7615291568E+00
           K =  1.8670509506E+05
           L =  1.8669833353E+05
           Vnuc =  2.1158009831E+06
           Ven = -2.5687936673E+08
           Vrep =  2.5669265488E+08
           DelSqV =  1.1231699932E+10
           DelSqVen =  1.5800660705E+12
           DelSqVrep = -1.5688343706E+12
           DelSqG =  3.8282278342E+08
           DelSqK = -1.1614522716E+10
           Stress_EigVals = -6.2238007479E+04 -6.2238005609E+04 -6.2235843505E+04
           Stress_EigVec1 =  8.6578090011E-01 -5.0040904835E-01 -3.7705873330E-03
           Stress_EigVec2 =  5.0041102601E-01  8.6578784169E-01 -4.6714491476E-04
           Stress_EigVec3 =  3.4982922112E-03 -1.4823983312E-03  9.9999278220E-01
           -DivStress = -6.2105010675E+01  3.0141877993E+01 -1.0423982792E+04
           ESP =  -1.4869238939E+01     ESP at Nucleus =  -1.4869238962E+01
           ESPe = -2.2839247327E+01     ESPe at Nucleus = -2.2839246277E+01
           ESPn =  7.9700083878E+00     ESPn at Nucleus =  7.9700073146E+00

CP# 2      Coords =  3.65317709446629E-05 -1.95531831710274E+00 -1.16801985507615E+00
           Type = (3,-3) NACP H2
           Rho =  4.4811830042E-01     Rho at Nucleus =  4.4323780194E-01
           GradRho =  3.4888640572E-17  8.5093263126E-16 -4.3641688088E-16
           HessRho_EigVals = -8.9781483953E+00 -8.9648421378E+00 -8.0211145309E+00
           HessRho_EigVec1 = -8.6972690677E-04 -1.3671293233E-01  9.9061032586E-01
           HessRho_EigVec2 =  9.9999962038E-01 -1.7139218517E-04  8.5431680480E-04
           HessRho_EigVec3 =  5.2986712879E-05  9.9061069284E-01  1.3671302949E-01
           DelSqRho = -2.5964105064E+01
           Bond Ellipticity = NA
           V = -6.5188457288E+00
           G =  1.3909731389E-02
           K =  6.5049359974E+00
           L =  6.4910262660E+00
           Vnuc =  3.8695836812E+01
           Ven = -1.7340312625E+01
           Vrep =  1.0821466897E+01
           DelSqV =  1.6593892145E+03
           DelSqVen =  1.0047027725E+03
           DelSqVrep =  6.5468644197E+02
           DelSqG =  1.2675826828E+02
           DelSqK = -1.7861474828E+03
           Stress_EigVals = -2.2531536020E+00 -2.2508463339E+00 -2.0148457929E+00
           Stress_EigVec1 = -1.3869847952E-03 -1.3610169999E-01  9.9069390002E-01
           Stress_EigVec2 =  9.9999903774E-01 -2.1650939426E-04  1.3702680151E-03
           Stress_EigVec3 =  2.7998729889E-05  9.9069484726E-01  1.3610186932E-01
           -DivStress = -3.0756465512E-04 -1.8243074955E+01 -2.6931872720E+00
           ESP =  -1.2605146143E+00     ESP at Nucleus =  -1.2623985642E+00
           ESPe = -1.0645007121E+01     ESPe at Nucleus = -1.0569997790E+01
           ESPn =  9.3844925069E+00     ESPn at Nucleus =  9.3075992261E+00

CP# 3      Coords = -1.69282468334963E+00  9.77763929648543E-01 -1.15047357472231E+00
           Type = (3,-3) NACP H3
           Rho =  4.4900954028E-01     Rho at Nucleus =  4.4410992652E-01
           GradRho =  4.8338339557E-13 -2.7894525528E-13  7.4453203867E-14
           HessRho_EigVals = -8.9952858137E+00 -8.9820283648E+00 -8.0345212522E+00
           HessRho_EigVec1 = -1.0918635762E-01  6.3600986295E-02  9.9198450283E-01
           HessRho_EigVec2 =  5.0010681212E-01  8.6596359666E-01 -4.7510581335E-04
           HessRho_EigVec3 =  8.5905268510E-01 -4.9604633231E-01  1.2635869746E-01
           DelSqRho = -2.6011835431E+01
           Bond Ellipticity = NA
           V = -6.5309142677E+00
           G =  1.3977705030E-02
           K =  6.5169365627E+00
           L =  6.5029588577E+00
           Vnuc =  3.8672587352E+01
           Ven = -1.7364360668E+01
           Vrep =  1.0833446401E+01
           DelSqV =  1.6622896839E+03
           DelSqVen =  1.0059449779E+03
           DelSqVrep =  6.5634470605E+02
           DelSqG =  1.2697545316E+02
           DelSqK = -1.7892651371E+03
           Stress_EigVals = -2.2574856151E+00 -2.2552000235E+00 -2.0182286291E+00
           Stress_EigVec1 = -1.0863009208E-01  6.3284840191E-02  9.9206579021E-01
           Stress_EigVec2 =  5.0010720016E-01  8.6596337016E-01 -4.7946647542E-04
           Stress_EigVec3 =  8.5912297807E-01 -4.9608716022E-01  1.2571888488E-01
           -DivStress = -1.5869095047E+01  9.1632609034E+00 -2.4973506732E+00
           ESP =  -1.2605808184E+00     ESP at Nucleus =  -1.2625023747E+00
           ESPe = -1.0653133190E+01     ESPe at Nucleus = -1.0577969460E+01
           ESPn =  9.3925523717E+00     ESPn at Nucleus =  9.3154670854E+00

CP# 4      Coords =  1.69372710512138E+00  9.77380955999422E-01 -1.16958784785988E+00
           Type = (3,-3) NACP H4
           Rho =  4.4811946602E-01     Rho at Nucleus =  4.4323895344E-01
           GradRho = -4.5629321208E-13 -2.6395827488E-13  7.7860825565E-14
           HessRho_EigVals = -8.9781709216E+00 -8.9648650093E+00 -8.0211340743E+00
           HessRho_EigVec1 =  1.1843011207E-01  6.9883269190E-02  9.9050019548E-01
           HessRho_EigVec2 = -4.9992890694E-01  8.6606542507E-01 -1.3294765279E-03
           HessRho_EigVec3 =  8.5793088099E-01  4.9502222999E-01 -1.3750489173E-01
           DelSqRho = -2.5964170005E+01
           Bond Ellipticity = NA
           V = -6.5188620770E+00
           G =  1.3909787846E-02
           K =  6.5049522891E+00
           L =  6.4910425013E+00
           Vnuc =  3.8695816558E+01
           Ven = -1.7340348653E+01
           Vrep =  1.0821486576E+01
           DelSqV =  1.6593933269E+03
           DelSqVen =  1.0047047596E+03
           DelSqVrep =  6.5468856733E+02
           DelSqG =  1.2675857416E+02
           DelSqK = -1.7861519011E+03
           Stress_EigVals = -2.2531592194E+00 -2.2508521463E+00 -2.0148507113E+00
           Stress_EigVec1 =  1.1763989041E-01  7.0029926628E-02  9.9058400227E-01
           Stress_EigVec2 = -4.9996838891E-01  8.6604167769E-01 -1.8500285314E-03
           Stress_EigVec3 =  8.5801658858E-01  4.9504305054E-01 -1.3689379764E-01
           -DivStress =  1.5799947615E+01  9.1156239177E+00 -2.7077538377E+00
           ESP =  -1.2605136288E+00     ESP at Nucleus =  -1.2623976277E+00
           ESPe = -1.0644992230E+01     ESPe at Nucleus = -1.0569982622E+01
           ESPn =  9.3844786008E+00     ESPn at Nucleus =  9.3075849946E+00

CP# 5      Coords =  1.04880015618776E-03  1.81791986946679E-03  3.10806651464438E+00
           Type = (3,-3) NACP Cl5
           Rho =  3.1725872624E+03     Rho at Nucleus =  3.1725872620E+03
           GradRho =  1.3133358265E-11  3.1980033543E-12  2.9342944660E-08
           HessRho_EigVals = -1.3891678706E+08 -1.3891656430E+08 -1.3891656421E+08
           HessRho_EigVec1 = -1.9405853449E-03  1.6579295213E-03  9.9999674269E-01
           HessRho_EigVec2 =  4.9865827188E-01  8.6679853919E-01 -4.6940348165E-04
           HessRho_EigVec3 =  8.6679649400E-01 -4.9865573668E-01  2.5088368121E-03
           DelSqRho = -4.1674991557E+08
           Bond Ellipticity = NA
           V = -1.0421592505E+08
           G =  1.4223080279E+04
           K =  1.0420170197E+08
           L =  1.0418747889E+08
           Vnuc =  2.2559617097E+08
           Ven = -7.1572353846E+11
           Vrep =  7.1561932254E+11
           DelSqV =  3.3656976350E+14
           DelSqVen =  9.4017212067E+16
           DelSqVrep = -9.3680607943E+16
           DelSqG =  4.5632219761E+12
           DelSqK = -3.4113298548E+14
           Stress_EigVals = -3.4738660352E+07 -3.4738660330E+07 -3.4738604370E+07
           Stress_EigVec1 =  8.6679634873E-01 -4.9865598561E-01  2.5095481550E-03
           Stress_EigVec2 =  4.9865852198E-01  8.6679839532E-01 -4.6939471854E-04
           Stress_EigVec3 = -1.9412058277E-03  1.6582772019E-03  9.9999674091E-01
           -DivStress = -1.7385655554E+04  1.4533779774E+04  8.3950934719E+06
           ESP =  -6.4638601823E+01     ESP at Nucleus =  -6.4638601824E+01
           ESPe = -6.7880512780E+01     ESPe at Nucleus = -6.7880512734E+01
           ESPn =  3.2419109569E+00     ESPn at Nucleus =  3.2419109096E+00

CP# 6      Coords = -3.51491227257183E-04 -1.74043888534718E-03 -4.90094353352541E+00
           Type = (3,-3) NACP F6
           Rho =  4.3109931676E+02     Rho at Nucleus =  4.3109931624E+02
           GradRho = -1.4937511311E-11  1.3705197261E-11  7.8657582901E-09
           HessRho_EigVals = -2.0428435522E+06 -2.0428308513E+06 -2.0428308400E+06
           HessRho_EigVec1 = -2.8997062246E-03  2.2424208126E-03  9.9999328160E-01
           HessRho_EigVec2 =  8.6664149765E-01 -4.9891815409E-01  3.6318145977E-03
           HessRho_EigVec3 =  4.9892294621E-01  8.6664620640E-01 -4.9665885443E-04
           DelSqRho = -6.1285052435E+06
           Bond Ellipticity = NA
           V = -1.5324352197E+06
           G =  1.5445443901E+02
           K =  1.5322807653E+06
           L =  1.5321263109E+06
           Vnuc =  1.2561476882E+07
           Ven = -5.4152441014E+09
           Vrep =  5.4137116661E+09
           DelSqV =  2.1792701284E+11
           DelSqVen =  7.6983077700E+13
           DelSqVrep = -7.6765150687E+13
           DelSqG =  7.2617784192E+09
           DelSqK = -2.2518879126E+11
           Stress_EigVals = -5.1081278640E+05 -5.1081278345E+05 -5.1080964990E+05
           Stress_EigVec1 =  4.9892968536E-01  8.6664232657E-01 -4.9685111591E-04
           Stress_EigVec2 =  8.6663747867E-01 -4.9892478485E-01  3.6796237075E-03
           Stress_EigVec3 = -2.9410263146E-03  2.2664632970E-03  9.9999310673E-01
           -DivStress =  8.7438811115E+01 -7.9431702207E+01 -5.1074127780E+04
           ESP =  -2.6928328052E+01     ESP at Nucleus =  -2.6928328055E+01
           ESPe = -3.1275124893E+01     ESPe at Nucleus = -3.1275124326E+01
           ESPn =  4.3467968416E+00     ESPn at Nucleus =  4.3467962716E+00

CP# 7      Coords =  9.25250015029284E-05 -1.31308968300363E+00 -1.08215460841135E+00
           Type = (3,-1) BCP C1 H2
           Rho =  3.1741238812E-01
           GradRho = -5.9301772938E-17 -3.5694405246E-14  2.3118137927E-14
           HessRho_EigVals = -9.7035197375E-01 -9.2913989194E-01  5.1122383845E-01
           HessRho_EigVec1 =  1.5767050195E-03 -1.2907228171E-01  9.9163393452E-01
           HessRho_EigVec2 =  9.9999875009E-01  8.6941870522E-05 -1.5786886760E-03
           HessRho_EigVec3 =  1.1755044038E-04  9.9163518420E-01  1.2907225746E-01
           DelSqRho = -1.3882680272E+00
           Bond Ellipticity =  4.4355088148E-02
           V = -4.3551764993E-01
           G =  4.4225321560E-02
           K =  3.9129232837E-01
           L =  3.4706700681E-01
           Vnuc =  1.2803206503E+01
           Ven = -4.0638963517E+00
           Vrep =  3.6283787017E+00
           DelSqV = -2.5120986689E+00
           DelSqVen =  1.7774282234E+01
           DelSqVrep = -2.0286380903E+01
           DelSqG =  1.9011341887E+00
           DelSqK =  6.1096448028E-01
           Stress_EigVals = -2.7414090979E-01 -2.6823100327E-01  1.0685426312E-01
           Stress_EigVec1 =  9.9999005444E-01  4.9381243641E-04 -4.4325138131E-03
           Stress_EigVec2 =  4.4593741321E-03 -1.2648251404E-01  9.9195881347E-01
           Stress_EigVec3 =  7.0793892077E-05  9.9196871412E-01  1.2648345819E-01
           -DivStress =  4.5670712773E-05 -2.0461523707E-02 -1.2076371483E-02
           ESP =   7.5136776915E-01
           ESPe = -1.2051838734E+01
           ESPn =  1.2803206503E+01
           BPL =  1.9689474709E+00 =  1.3210014722E+00 +  6.4794599873E-01                
           GBL_I =  1.9685617396E+00                                                      
           GBL_II =  2.0026620567E+00                                                     
           GBL_III =  1.9687027919E+00 =  1.3207595365E+00 +  6.4794325537E-01            
           GBL_IV =  2.0028159599E+00 =  1.3207592406E+00 +  6.8205671926E-01             

CP# 8      Coords = -1.13602867873833E+00  6.56249352691036E-01 -1.07110806899412E+00
           Type = (3,-1) BCP C1 H3
           Rho =  3.1823032242E-01
           GradRho =  1.6313423761E-16  5.8332632235E-17 -1.0494127705E-17
           HessRho_EigVals = -9.7336283815E-01 -9.3202049546E-01  5.1055228226E-01
           HessRho_EigVec1 = -1.0309236530E-01  6.0074963753E-02  9.9285596284E-01
           HessRho_EigVec2 =  5.0010654270E-01  8.6596375563E-01 -4.6892485827E-04
           HessRho_EigVec3 =  8.5980544902E-01 -4.9648542040E-01  1.1931813426E-01
           DelSqRho = -1.3948310513E+00
           Bond Ellipticity =  4.4357761324E-02
           V = -4.3766101581E-01
           G =  4.4476626486E-02
           K =  3.9318438932E-01
           L =  3.4870776284E-01
           Vnuc =  1.2814611209E+01
           Ven = -4.0779978568E+00
           Vrep =  3.6403368410E+00
           DelSqV = -2.5081390294E+00
           DelSqVen =  1.7874217625E+01
           DelSqVrep = -2.0382356655E+01
           DelSqG =  1.9093589255E+00
           DelSqK =  5.9878010391E-01
           Stress_EigVals = -2.7514964883E-01 -2.6917044363E-01  1.0665907665E-01
           Stress_EigVec1 =  5.0010566564E-01  8.6596426621E-01 -4.6135478698E-04
           Stress_EigVec2 = -1.0085966938E-01  5.8776897097E-02  9.9316292896E-01
           Stress_EigVec3 =  8.6007072400E-01 -4.9663987558E-01  1.1673552883E-01
           -DivStress = -1.6498734309E-02  9.5218654205E-03 -1.0842018336E-02
           ESP =   7.5382941516E-01
           ESPe = -1.2060781794E+01
           ESPn =  1.2814611209E+01
           BPL =  1.9667433936E+00 =  1.3189044228E+00 +  6.4783897083E-01                
           GBL_I =  1.9664094968E+00                                                      
           GBL_II =  2.0005485183E+00                                                     
           GBL_III =  1.9665308253E+00 =  1.3186941966E+00 +  6.4783662867E-01            
           GBL_IV =  2.0006808995E+00 =  1.3186938972E+00 +  6.8198700229E-01             

CP# 9      Coords =  2.88479530992377E-03 -2.43581889577464E-03 -2.75687439661150E+00
           Type = (3,-1) BCP C1 F6
           Rho =  4.6123457298E-02
           GradRho =  2.0914947969E-18 -3.2584015157E-18 -4.6592158791E-17
           HessRho_EigVals = -3.8706936902E-02 -3.8239190314E-02  2.3449235853E-01
           HessRho_EigVec1 =  8.6663765307E-01 -4.9893257027E-01 -2.3385061359E-03
           HessRho_EigVec2 =  4.9893293179E-01  8.6664047373E-01 -4.6782650526E-04
           HessRho_EigVec3 =  2.2600579462E-03 -7.6132165784E-04  9.9999715626E-01
           DelSqRho =  1.5754623132E-01
           Bond Ellipticity =  1.2232125840E-02
           V = -4.4800592908E-02
           G =  4.2093575369E-02
           K =  2.7070175393E-03
           L = -3.9386557830E-02
           Vnuc =  1.1577861751E+01
           Ven = -5.3401101208E-01
           Vrep =  4.8921041917E-01
           DelSqV = -3.9556587898E-01
           DelSqVen = -1.8240484856E+00
           DelSqVrep =  1.4284826066E+00
           DelSqG =  2.8729698371E-01
           DelSqK =  1.0826889527E-01
           Stress_EigVals = -2.4679516201E-02 -2.4668461379E-02  4.5473846711E-03
           Stress_EigVec1 =  4.9901379213E-01  8.6659390959E-01 -4.8074987513E-04
           Stress_EigVec2 =  8.6659402077E-01 -4.9901357709E-01  5.0303018726E-04
           Stress_EigVec3 = -1.9602218174E-04  6.6763396857E-04  9.9999975792E-01
           -DivStress = -5.7862462670E-06  1.4733217846E-05  2.0478672295E-02
           ESP =  -1.7629330624E-02
           ESPe = -1.1595491082E+01
           ESPn =  1.1577861751E+01
           BPL =  3.9605430812E+00 =  1.8164712758E+00 +  2.1440718054E+00                
           GBL_I =  3.9604131349E+00                                                      
           GBL_II =  3.9604110156E+00                                                     
           GBL_III =  3.9604187278E+00 =  1.8163470357E+00 +  2.1440716921E+00            
           GBL_IV =  3.9604166086E+00 =  1.8163442000E+00 +  2.1440724086E+00             

CP# 10     Coords =  5.53272331105674E-04  8.22017753265120E-04  7.24483861162436E-01
           Type = (3,-1) BCP Cl5 C1
           Rho =  8.0607220191E-02
           GradRho = -3.2820889799E-17 -3.1934292240E-17  5.5693141565E-17
           HessRho_EigVals = -8.4397050586E-02 -8.4094465588E-02  2.0976637206E-01
           HessRho_EigVec1 =  4.9999266360E-01  8.6602951412E-01 -4.6585448662E-04
           HessRho_EigVec2 =  8.6602875098E-01 -4.9999284885E-01 -1.1634323100E-03
           HessRho_EigVec3 =  1.2404906301E-03 -1.7826424043E-04  9.9999921470E-01
           DelSqRho =  4.1274855886E-02
           Bond Ellipticity =  3.5981559085E-03
           V = -6.9173159137E-02
           G =  3.9745936554E-02
           K =  2.9427222583E-02
           L = -1.0318713971E-02
           Vnuc =  1.3428387872E+01
           Ven = -1.0824250180E+00
           Vrep =  1.0132518589E+00
           DelSqV = -4.4047371702E-01
           DelSqVen = -5.5425477419E-01
           DelSqVrep =  1.1378105718E-01
           DelSqG =  2.9792825028E-01
           DelSqK =  1.4254546673E-01
           Stress_EigVals = -4.1839492919E-02 -4.1824060119E-02  1.4490393901E-02
           Stress_EigVec1 =  8.6577583987E-01 -5.0043128948E-01  8.4829508588E-04
           Stress_EigVec2 =  5.0043175717E-01  8.6577586001E-01 -4.6543949231E-04
           Stress_EigVec3 = -5.0151292221E-04  8.2748006779E-04  9.9999953188E-01
           -DivStress = -1.5416117731E-05 -1.3247545520E-05 -4.1242080844E-02
           ESP =   1.7991495844E-01
           ESPe = -1.3248472913E+01
           ESPn =  1.3428387872E+01
           BPL =  4.0486256888E+00 =  2.3835831133E+00 +  1.6650425755E+00                
           GBL_I =  4.0485978265E+00                                                      
           GBL_II =  4.0486007376E+00                                                     
           GBL_III =  4.0485978301E+00 =  2.3835829130E+00 +  1.6650149170E+00            
           GBL_IV =  4.0486007412E+00 =  2.3835829884E+00 +  1.6650177528E+00             

CP# 11     Coords =  1.13752592180856E+00  6.56428714806063E-01 -1.08320868348886E+00
           Type = (3,-1) BCP H4 C1
           Rho =  3.1741322330E-01
           GradRho =  3.7714661556E-16  2.7037441382E-16  5.6992169252E-17
           HessRho_EigVals = -9.7035427213E-01 -9.2914197311E-01  5.1122137280E-01
           HessRho_EigVec1 =  1.1303945217E-01  6.3941659112E-02  9.9153091050E-01
           HessRho_EigVec2 = -4.9970326812E-01  8.6619594358E-01  1.1095750184E-03
           HessRho_EigVec3 =  8.5878910455E-01  4.9559666217E-01 -1.2986617096E-01
           DelSqRho = -1.3882748724E+00
           Bond Ellipticity =  4.4355222570E-02
           V = -4.3552004456E-01
           G =  4.4225663225E-02
           K =  3.9129438134E-01
           L =  3.4706871811E-01
           Vnuc =  1.2803203486E+01
           Ven = -4.0639060871E+00
           Vrep =  3.6283860426E+00
           DelSqV = -2.5120752832E+00
           DelSqVen =  1.7774365687E+01
           DelSqVrep = -2.0286440970E+01
           DelSqG =  1.9011415404E+00
           DelSqK =  6.1093374280E-01
           Stress_EigVals = -2.7414197310E-01 -2.6823171760E-01  1.0685364613E-01
           Stress_EigVec1 = -4.9934422816E-01  8.6639458423E-01  3.9706700846E-03
           Stress_EigVec2 =  1.1224104756E-01  6.0144159078E-02  9.9185917719E-01
           Stress_EigVec3 =  8.5910260682E-01  4.9572482744E-01 -1.2727767443E-01
           -DivStress =  1.7735507714E-02  1.0173793904E-02 -1.2090712179E-02
           ESP =   7.5137172719E-01
           ESPe = -1.2051831759E+01
           ESPn =  1.2803203486E+01
           BPL =  1.9689447349E+00 =  6.4794676597E-01 +  1.3209979689E+00                
           GBL_I =  1.9685590823E+00                                                      
           GBL_II =  2.0026594109E+00                                                     
           GBL_III =  1.9687001027E+00 =  6.4794402342E-01 +  1.3207560793E+00            
           GBL_IV =  2.0028132790E+00 =  6.8205749555E-01 +  1.3207557834E+00             

Number of NACPs  =      6
Number of NNACPs =      0
Number of BCPs   =      5
Number of RCPs   =      0
Number of CCPs   =      0
NumNACP + NumNNACP - NumBCP + NumRCP - NumCCP =      1
Poincare-Hopf Relationship is Satisfied

Bond Path Angles and Corresponding Geometric Bond Angles:
--------------------------------------------------------
  BPA     = A-B-C Bond Path Angle
  GBA_I   = A-B-C Geometric Bond Angle in Terms of Nuclear Attractors
  GBA_II  = A-B-C Geometric Bond Angle in Terms of Nuclei
  GBA_III = A-B-C Geometric Bond Angle in Terms of A|B and C|B BCPs and Nuclear Attractor B
  GBA_IV  = A-B-C Geometric Bond Angle in Terms of A|B and C|B BCPs and Nucleus B
-------------------------------------------------------------------------------------------------
Atom A    Atom B    Atom C        BPA          GBA_I         GBA_II       GBA_III       GBA_IV
-------------------------------------------------------------------------------------------------
H3        C1        H2        119.49729270  118.77738012  118.76656459  118.94481942  118.94486326
F6        C1        H2         85.49655096   83.33804226   83.30812142   83.76585069   83.76597266
F6        C1        H3         86.84425949   83.87560529   83.84782551   84.42631351   84.42643679
Cl5       C1        H2         94.16884920   96.66093775   96.69085831   96.18200770   96.18188503
Cl5       C1        H3         93.81821592   96.12515832   96.15293867   95.67617416   95.67605229
Cl5       C1        F6        179.33751002  179.99893880  179.99893840  179.89750696  179.89750555
H4        C1        H2        119.43614206  118.67389309  118.66181947  118.86022862  118.86027209
H4        C1        H3        119.39814228  118.77784940  118.76703885  118.94521172  118.94525555
H4        C1        F6         84.76265635   83.33959016   83.30967306   83.76789204   83.76801401
H4        C1        Cl5        94.91048945   96.66066622   96.69058303   96.18178397   96.18166129

Total time for electron density critical point search, analysis and connectivity = 253 sec (NProc = 8)             
 
Virial-Based Atomic Energy Components:
-------------------------------------
  Ee(A) = E(A) - W(A) = -T(A)
        = Contribution of Atom A to Electronic Energy of Molecule.
          Not additive to give molecular Ee unless molecular electronic virial theorem is satisfied.
  T(A) = Electronic Kinetic Energy of Atom A (Hamiltonian Form)
  Ven(A) = Ven(A,Mol) = VenT(A)
         = Attraction Energy Between Electron Density Distribution of Atom A and Nuclei of Molecule
  VenO(A) = Ven(A,A)
          = Attraction Energy Between Electron Density Distribution of Atom A and Nucleus of Atom A
  Vee(A) = Vee(A,A) + Vee(A,A')/2
         = Two-Electron Interaction Energy of Atom A with Itself Plus Half of Two-Electron Interaction Energy
           Between Atom A and Other Atoms of Molecule
  Vnn(A) - W(A) = Contribution of Atom A to the Nuclear Repulsion Energy of Molecule Minus
                  the Nuclear Virial of Energy-Gradient-Based Forces on Nuclei of Molecule.
                  Calculation of Vnn(A) - W(A) assumes satisfaction of the atomic virial theorem:
                       2T(A) + Ven(A) + Vee(A) + Vnn(A) - W(A) = 0
See "2EDM Note" and "DFT Note".
--------------------------------------------------------------------------------------------------------------------
Atom A         Ee(A)              T(A)             Ven(A)           VenO(A)            Vee(A)        Vnn(A) - W(A)
--------------------------------------------------------------------------------------------------------------------
C1       -3.7795877230E+01  3.7795877230E+01 -1.3438112047E+02 -8.8870837738E+01
H2       -6.1511125005E-01  6.1511125005E-01 -9.2899979147E+00 -1.2222475625E+00
H3       -6.1648605243E-01  6.1648605243E-01 -9.3111623963E+00 -1.2243824295E+00
H4       -6.1511483650E-01  6.1511483650E-01 -9.2900637344E+00 -1.2222549069E+00
Cl5      -4.5981543939E+02  4.5981543939E+02 -1.1562711895E+03 -1.0993456512E+03
F6       -9.9739518123E+01  9.9739518123E+01 -2.8565539854E+02 -2.4295762072E+02
--------------------------------------------------------------------------------------------------------------------
Total    -5.9919754688E+02  5.9919754688E+02 -1.6041989326E+03 -1.4348429946E+03
 
More Virial-Based Atomic Energy Components:
------------------------------------------
  E(A) = Ee(A) + W(A)
       = T(A) + Ven(A) + Vee(A) + Vnn(A) = Contribution of Atom A to Total Energy E of Molecule
         Not additive to give molecular E unless molecular virial theorem is satisfied.
  Ee(A) = E(A) - W(A) = Contribution of Atom A to Electronic Energy of Molecule
          Not additive to give molecular Ee unless molecular virial theorem is satisfied.
  W(A) = Contribution of Atom A to Nuclear Virial of Energy-Gradient-Based Forces on Nuclei of Molecule
  Vnn(A) = Contribution of Atom A to Nuclear Repulsion Energy of Molecule
           Calculation of Vnn(A) assumes satisfaction of the atomic virial theorem:
                2T(A) + Ven(A) + Vee(A) + Vnn(A) - W(A) = 0
  VeeC(A) = Coulomb Part of Vee(A)
  VeeX(A) = Exchange-Correlation Part of Vee(A)
See "2EDM Note" and "DFT Note".
--------------------------------------------------------------------------------------------------------------------
Atom A          E(A)             Ee(A)              W(A)             Vnn(A)           VeeC(A)           VeeX(A)
--------------------------------------------------------------------------------------------------------------------
C1                         -3.7795877230E+01
H2                         -6.1511125005E-01
H3                         -6.1648605243E-01
H4                         -6.1511483650E-01
Cl5                        -4.5981543939E+02
F6                         -9.9739518123E+01
--------------------------------------------------------------------------------------------------------------------
Total                      -5.9919754688E+02
 
IQA Atomic Energy Components:
----------------------------
  E_IQA(A) = Contribution of Atom A to Total Energy E of Molecule, Using IQA Additive Atomic Energy Definition
           = T(A) + Vne(A,Mol)/2 + Ven(A,Mol)/2 + Vee(A) + Vnn(A,Mol)/2
  T(A) = Electronic Kinetic Energy of Atom A (Hamiltonian Form)
  Vne(A,Mol)/2 = Half of Attraction Energy Between Nucleus of Atom A and Electron Density Distribution of Molecule
  Ven(A,Mol)/2 = Half of Attraction Energy Between Electron Density Distribution of Atom A and Nuclei of Molecule
  Vee(A) = Vee(A,A) + Vee(A,A')/2
         = Two-Electron Interaction Energy of Atom A with Itself Plus Half of Two-Electron Interaction Energy
           Between Atom A and Other Atoms of Molecule
  Vnn(A,Mol)/2 = Vnn(A,A')/2 = Half of Repulsion Energy Between Nucleus of Atom A and Other Nuclei of Molecule
  VeeC(A) = Coulomb Part of Vee(A)
  VeeX(A) = Exchange-Correlation Part of Vee(A)
See "2EDM Note" and "DFT Note".
--------------------------------------------------------------------------------------------------------------------------------------------------------
Atom A        E_IQA(A)            T(A)          Vne(A,Mol)/2      Ven(A,Mol)/2         Vee(A)         Vnn(A,Mol)/2        VeeC(A)           VeeX(A)
--------------------------------------------------------------------------------------------------------------------------------------------------------
C1                          3.7795877230E+01 -6.8517738830E+01 -6.7190560236E+01                    2.3910021944E+01
H2                          6.1511125005E-01 -5.2849988950E+00 -4.6449989573E+00                    4.6537996130E+00
H3                          6.1648605243E-01 -5.2889847294E+00 -4.6555811982E+00                    4.6577335427E+00
H4                          6.1511483650E-01 -5.2849913118E+00 -4.6450318672E+00                    4.6537924973E+00
Cl5                         4.5981543939E+02 -5.7698435824E+02 -5.7813559475E+02                    2.7556242731E+01
F6                          9.9739518123E+01 -1.4073805947E+02 -1.4282769927E+02                    1.9560583222E+01
--------------------------------------------------------------------------------------------------------------------------------------------------------
Total                       5.9919754688E+02 -8.0209913148E+02 -8.0209946628E+02                    8.4992173550E+01
 
More IQA Atomic Energy Components:
---------------------------------
  Vneen(A) = Vne(A,Mol)/2 + Ven(A,Mol)/2
  V_IQA(A) = Vne(A,Mol)/2 + Ven(A,Mol)/2 + Vee(A,A) + Vee(A,A')/2 + Vnn(A,A')/2
           = VC_IQA(A) + VX_IQA(A) = Potential Energy Contribution to E_IQA(A)
           = E_IQA(A) - T(A)
  VC_IQA(A) = Vne(A,Mol)/2 + Ven(A,Mol)/2 + VeeC(A,A) + VeeC(A,A')/2 + Vnn(A,A')/2
            = Coulomb Potential Energy Contribution to E_IQA(A)
            = E_IQA(A) - T(A) - VeeX(A)
  VX_IQA(A) = VeeX(A,A) + VeeX(A,A')/2
            = Exchange-Correlation Energy Contribution to E_IQA(A)
            = E_IQA(A) - T(A) - VC_IQA(A)
See "2EDM Note" and "DFT Note".
--------------------------------------------------------------------------------
Atom A        Vneen(A)          V_IQA(A)         VC_IQA(A)         VX_IQA(A)
--------------------------------------------------------------------------------
C1       -1.3570829907E+02
H2       -9.9299978523E+00
H3       -9.9445659276E+00
H4       -9.9300231790E+00
Cl5      -1.1551199530E+03
F6       -2.8356575874E+02
--------------------------------------------------------------------------------
Total    -1.6041985978E+03
 
IQA Intraatomic ("Self") Energy Components:
------------------------------------------
  E_IQA_Intra(A) = T(A) + Vne(A,A) + Vee(A,A)
                 = Intraatomic ("Self") Contribution to E_IQA(A)
  T(A) = Electronic Kinetic Energy of Atom A (Hamiltonian Form)
  Vne(A,A) = Attraction Energy Between Electron Density Distribution of Atom A and Nucleus of Atom A
  Vee(A,A) = Two-electron Interaction Energy of Atom A With Itself
  VeeC(A,A) = Coulomb Part of Vee(A,A)
