AIMSum (Version 17.11.14, Professional)
Copyright (c) 1997-2017 by Todd A. Keith
AIMSum is a component of the AIMAll package ( http://aim.tkgristmill.com )

TP:  64-bit Linux

Much of the Quantum Theory of Atoms in Molecules (QTAIM) is described in the book:
  "Atoms in Molecules - A Quantum Theory"
  R.F.W. Bader, Oxford University Press, Oxford, 1990

For additional references see:  http://aim.tkgristmill.com/references.html

Wfn File:  /home/bruns/metodo_ts/QCISD/clch3f_ts/RUN/GAUSSIAN.wfn
Sum File:  /home/bruns/metodo_ts/QCISD/clch3f_ts/RUN/GAUSSIAN.sum

SumViz File:  /home/bruns/metodo_ts/QCISD/clch3f_ts/RUN/GAUSSIAN.sumviz

Wfn Title:   clch3f_ts-wavefunction                                                        
 
Total memory allocated for AIMSum =        1.289 Megabytes

Atomic units (a.u.) used throughout, except where stated otherwise

Model:  Unknown
 
Restricted, natural orbital wavefunction.
  Number of electrons (from MO Occs)                   =          35.9999998000
  Number of Alpha electrons (from MO Occs)             =          17.9999999000
  Number of Beta electrons (from MO Occs)              =          17.9999999000
  Number of electron pairs (N*(N-1)/2)                 =         629.9999929000
  Number of electron pairs (from Muller 2EDM)          =         629.9999929000
  Number of electron pairs (from Muller 2EDM, no SOSI) =         630.4351265578
 
Nuclear Charges and Cartesian Coordinates:
-------------------------------------------------------------------------------
Atom      Charge                X                  Y                  Z
-------------------------------------------------------------------------------
C1         6.0           3.3070000000E-04   5.4800000000E-05  -9.4053370000E-01
H2         1.0           3.5900000000E-05  -2.0079663000E+00  -1.1730021400E+00
H3         1.0          -1.7221301000E+00   9.9468570000E-01  -1.1739829100E+00
H4         1.0           1.7229578000E+00   9.9424539000E-01  -1.1745970700E+00
Cl5       17.0           1.0488000000E-03   1.8179200000E-03   3.1080665900E+00
F6         9.0          -3.5149000000E-04  -1.7404400000E-03  -4.9009442500E+00
 
Some Atomic Properties:
----------------------
  q(A) = Net Charge of Atom A
  L(A) = Lagrangian of Atom A = -(1/4) Times Atomic Integral of the Laplacian of the Electron Density
  K(A) = Electronic Kinetic Energy of Atom A (Hamiltonian Form)
  K_Scaled(A) = K(A) * E(Mol)/K(Mol) = Approximation to Virial-Based Total Energy of Atom A.
  |Mu_Intra(A)| = Magnitude of Intraatomic Dipole Moment of Atom A
--------------------------------------------------------------------------------------------------
Atom A          q(A)              L(A)              K(A)          K_Scaled(A)      |Mu_Intra(A)|
--------------------------------------------------------------------------------------------------
C1        2.1975486640E-01  6.0080229527E-05  3.7789155718E+01 -3.7797885013E+01  2.6136310658E-02
H2        9.6630032480E-02  2.9881973964E-05  6.0705027718E-01 -6.0719050580E-01  1.4446906520E-01
H3        9.2124528620E-02  2.0743736351E-05  6.1498557957E-01 -6.1512764124E-01  1.4496154010E-01
H4        9.2122026380E-02  2.9689991776E-05  6.1499513253E-01 -6.1513719640E-01  1.4493928701E-01
Cl5      -6.4151760500E-01  8.4750399072E-06  4.5981458420E+02 -4.5992080137E+02  1.6853959301E-01
F6       -8.5894650030E-01  1.2451005838E-05  9.9740084828E+01 -9.9763124787E+01  1.0505347987E-01
--------------------------------------------------------------------------------------------------
Total    -9.9983265142E-01  1.6132197736E-04  5.9918085574E+02 -5.9931926651E+02
 
1st Largest |L(A)| = 6.0080229527E-05, atom C1      
2nd Largest |L(A)| = 2.9881973964E-05, atom H2      
 
Molecular charge q(Mol) from the wfn file:  -9.9999980000E-01
Molecular energy E(Mol) from the wfn file:  -5.9931925338E+02
Molecular virial ratio (-V(Mol)/T(Mol)) from the wfn file:   2.0002310000E+00
Note.  K_Scaled(A) = (1+V(Mol)/T(Mol))*K(A) = (E(Mol)/T(Mol))*K(A)
       Only use K_Scaled(A) data with caution.
 
N_AIMInt(SumA)     =         35.999833
N_Analytic(Mol)    =         36.000000
 
G_AIMInt(SumA)     =        599.180694
G_Analytic(Mol)    =        599.180836
 
K_AIMInt(SumA)     =        599.180856
K_Analytic(Mol)    =        599.180836
 
L_AIMInt(SumA)     =          0.000161
L_Analytic(Mol)    =          0.000000
 
VenT_AIMInt(SumA)  =      -1604.088436
VenT_Analytic(Mol) =      -1604.090044
 
Some Information About the Atomic Calculations:
----------------------------------------------
  Time(sec) = "Elapsed User Time", in Seconds, for Atom A by AIMInt and, if used, by TWOe
  NProc = Number of Processors Used for AIMInt Job
  BIM = Basin Integration Method
  OAQ = Angular Quadrature Outside of Beta Sphere
  ORQ = Multiple of Default for Radial Quadrature Outside of Beta Sphere
  IAQ = Multiple of Default for Angular Quadrature Inside of Beta Sphere
  IRQ = Multiple of Default for Radial Quadrature Inside of Beta Sphere
  MIR = Maximum Integration Radius
------------------------------------------------------------------------------------------------------
Atom A     Time(sec)   NProc      BIM          OAQ                     ORQ      IAQ      IRQ      MIR
------------------------------------------------------------------------------------------------------
C1             78        8     Proaim(5)    4500(GS4)                  1.00     1.00     1.00    13.00
H2             16        8     Proaim(5)    1800(GS4)                  1.00     1.00     1.00    13.00
H3             17        8     Proaim(5)    1800(GS4)                  1.00     1.00     1.00    13.00
H4             16        8     Proaim(5)    1800(GS4)                  1.00     1.00     1.00    13.00
Cl5            32        8     Proaim(5)    3150(GS4)                  1.00     1.00     1.00    13.00
F6             35        8     Proaim(5)    2700(GS4)                  1.00     1.00     1.00    13.00
------------------------------------------------------------------------------------------------------
Total         194
Note:  Total wall clock time is less than total of atomic times if more than one atom
       was calculated at a time
 
Electron Density Critical Point Analysis of Molecular Structure:               
---------------------------------------------------------------                
  NACP = Nuclear Attractor Critical Point                                      
  NNACP = Non-Nuclear Attractor Critical Point                                 
  BCP = Bond Critical Point                                                    
  RCP = Ring Critical Point                                                    
  CCP = Cage Critical Point                                                    
  Rho = Electron Density                                                       
  GradRho = Gradient of Electron Density                                       
  HessRho_EigVals = Eigenvalues of the Hessian of Rho, Ascending Order         
  HessRho_EigVecs = Eigenvectors of the Hessian of Rho                         
  DelSqRho = Laplacian of Rho = Trace of Hessian of Rho                        
  Bond Ellipticity = (HessRho_EigVal(1) / HessRho_EigVal(2)) - 1               
  V = Virial Field = Potential Energy Density = Trace of Stress Tensor         
  G = Lagrangian Form of Kinetic Energy Density                                
  K = Hamiltonian Form of Kinetic Energy Density                               
  L = K - G = Lagrangian Density = (-1/4)DelSqRho                              
  Vnuc = Electrostatic Potential from Nuclei                                   
  Ven = Electron-nuclear attractive contribution to Virial Field V             
  Vrep = V - Ven = Repulsive contribution to Virial Field V                    
  DelSqV = Laplacian of V                                                      
  DelSqVen = Laplacian of Ven                                                  
  DelSqVrep = Laplacian of Vrep                                                
  DelSqG = Laplacian of G                                                      
  DelSqK = Laplacian of K                                                      
  Stress_EigVals = Eigenvalues of Stress Tensor, Ascending Order               
  Stress_EigVecs = Eigenvectors of Stress Tensor                               
  -DivStress = Ehrenfest Force Density = Minus Divergence of Stress Tensor     
  ESP = Total Electrostatic Potential                                          
  ESPe = Electrostatic Potential from Electrons                                
  ESPn = Electrostatic Potential from Nuclei                                   
  BP = Bond Path                                                               
  BPL = Bond Path Length                                                       
  GBL = Geometric Bond Length                                                  
  GBL_I = Distance Between Nuclear Attractors                                  
  GBL_II = Distance Between Nuclei                                             
  GBL_III = Sum of Distances Between BCP and Nuclear Attractors                
  GBL_IV = Sum of Distances Between BCP and Nuclei                             

CP# 1      Coords =  3.30700442413535E-04  5.46593986844435E-05 -9.40530852657817E-01
           Type = (3,-3) NACP C1
           Rho =  1.2140564356E+02     Rho at Nucleus =  1.2140564255E+02
           GradRho =  5.4904334712E-15  6.8582497757E-16  4.8090378397E-12
           HessRho_EigVals = -2.4892681934E+05 -2.4891978059E+05 -2.4891970891E+05
           HessRho_EigVec1 =  1.7781586060E-04  2.1165523159E-03  9.9999774429E-01
           HessRho_EigVec2 = -2.0090875126E-05  9.9999775991E-01 -2.1165487764E-03
           HessRho_EigVec3 =  9.9999998399E-01  1.9714473865E-05 -1.7785798566E-04
           DelSqRho = -7.4676630884E+05
           Bond Ellipticity = NA
           V = -1.8670506306E+05
           G =  6.7429261209E+00
           K =  1.8669832014E+05
           L =  1.8669157721E+05
           Vnuc =  2.1046718184E+06
           Ven = -2.5551903660E+08
           Vrep =  2.5533233153E+08
           DelSqV =  1.1231293914E+10
           DelSqVen =  1.5716979917E+12
           DelSqVrep = -1.5604666896E+12
           DelSqG =  3.8280869693E+08
           DelSqK = -1.1614102611E+10
           Stress_EigVals = -6.2235749295E+04 -6.2235725969E+04 -6.2233587799E+04
           Stress_EigVec1 =  9.9999998419E-01  1.6397553107E-06 -1.7778700591E-04
           Stress_EigVec2 = -1.9873693916E-06  9.9999808850E-01 -1.9552451659E-03
           Stress_EigVec3 =  1.7778345995E-04  1.9552454883E-03  9.9999807270E-01
           -DivStress = -1.6260896403E+00  5.1721373786E+02 -1.0466175864E+04
           ESP =  -1.4867985262E+01     ESP at Nucleus =  -1.4867985285E+01
           ESPe = -2.2832829048E+01     ESPe at Nucleus = -2.2832827999E+01
           ESPn =  7.9648437864E+00     ESPn at Nucleus =  7.9648427137E+00

CP# 2      Coords =  4.09533066416069E-05 -1.97468218947696E+00 -1.16811491068730E+00
           Type = (3,-3) NACP H2
           Rho =  4.4170818221E-01     Rho at Nucleus =  4.3702039885E-01
           GradRho =  1.9449348414E-18  7.8315992846E-16  1.3248340391E-16
           HessRho_EigVals = -8.8555459585E+00 -8.8425507660E+00 -7.9341062677E+00
           HessRho_EigVec1 =  1.5478109284E-04 -1.3584883633E-01  9.9072956437E-01
           HessRho_EigVec2 =  9.9999997695E-01 -1.2642883113E-04 -1.7356532503E-04
           HessRho_EigVec3 =  1.4883542822E-04  9.9072956839E-01  1.3584881363E-01
           DelSqRho = -2.5632202992E+01
           Bond Ellipticity = NA
           V = -6.4348940454E+00
           G =  1.3421648693E-02
           K =  6.4214723967E+00
           L =  6.4080507480E+00
           Vnuc =  3.9066966333E+01
           Ven = -1.7256198683E+01
           Vrep =  1.0821304638E+01
           DelSqV =  1.6400137430E+03
           DelSqVen =  1.0013724113E+03
           DelSqVrep =  6.3864133167E+02
           DelSqG =  1.2530155092E+02
           DelSqK = -1.7653152939E+03
           Stress_EigVals = -2.2221939982E+00 -2.2198457341E+00 -1.9928543131E+00
           Stress_EigVec1 =  1.5352296794E-04 -1.3522201905E-01  9.9081531175E-01
           Stress_EigVec2 =  9.9999997716E-01 -1.2658575895E-04 -1.7222195127E-04
           Stress_EigVec3 =  1.4871130819E-04  9.9081531556E-01  1.3522199653E-01
           -DivStress = -2.6970132213E-03 -1.7764203983E+01 -2.6084904845E+00
           ESP =  -1.2595926570E+00     ESP at Nucleus =  -1.2611447226E+00
           ESPe = -1.0600928786E+01     ESPe at Nucleus = -1.0527600040E+01
           ESPn =  9.3413361291E+00     ESPn at Nucleus =  9.2664553176E+00

CP# 3      Coords = -1.69290316199497E+00  9.77804344330134E-01 -1.16898000689866E+00
           Type = (3,-3) NACP H3
           Rho =  4.4810345575E-01     Rho at Nucleus =  4.4322194611E-01
           GradRho =  4.5627115123E-13 -2.6430270316E-13  7.6768113979E-14
           HessRho_EigVals = -8.9779364032E+00 -8.9646351516E+00 -8.0206868100E+00
           HessRho_EigVec1 = -1.1861633583E-01  6.9177481091E-02  9.9052745595E-01
           HessRho_EigVec2 =  5.0026755341E-01  8.6587069282E-01 -5.6419371050E-04
           HessRho_EigVec3 =  8.5770772404E-01 -4.9546182438E-01  1.3731365810E-01
           DelSqRho = -2.5963258365E+01
           Bond Ellipticity = NA
           V = -6.5186578170E+00
           G =  1.3921612888E-02
           K =  6.5047362041E+00
           L =  6.4908145912E+00
           Vnuc =  3.8690784198E+01
           Ven = -1.7337474105E+01
           Vrep =  1.0818816288E+01
           DelSqV =  1.6593262592E+03
           DelSqVen =  1.0045388265E+03
           DelSqVrep =  6.5478743268E+02
           DelSqG =  1.2675459553E+02
           DelSqK = -1.7860808547E+03
           Stress_EigVals = -2.2531024415E+00 -2.2508064888E+00 -2.0147488866E+00
           Stress_EigVec1 = -1.1805086556E-01  6.8919558914E-02  9.9061298575E-01
           Stress_EigVec2 =  5.0026913058E-01  8.6586974055E-01 -6.2401435065E-04
           Stress_EigVec3 =  8.5778481575E-01 -4.9549943169E-01  1.3669500015E-01
           -DivStress = -1.5797407987E+01  9.1244675471E+00 -2.7042768797E+00
           ESP =  -1.2604650739E+00     ESP at Nucleus =  -1.2623504054E+00
           ESPe = -1.0643538880E+01     ESPe at Nucleus = -1.0568550459E+01
           ESPn =  9.3830738057E+00     ESPn at Nucleus =  9.3062000531E+00

CP# 4      Coords =  1.69372824194914E+00  9.77371428526784E-01 -1.16958367316219E+00
           Type = (3,-3) NACP H4
           Rho =  4.4810468982E-01     Rho at Nucleus =  4.4322313301E-01
           GradRho = -4.5840730727E-13 -2.6425208173E-13  7.6751889775E-14
           HessRho_EigVals = -8.9779598420E+00 -8.9646583696E+00 -8.0207017203E+00
           HessRho_EigVec1 =  1.1898574928E-01  6.9151870680E-02  9.9048493691E-01
           HessRho_EigVec2 = -5.0004759229E-01  8.6599783655E-01 -3.9054905854E-04
           HessRho_EigVec3 =  8.5778481970E-01  4.9524313813E-01 -1.3762062789E-01
           DelSqRho = -2.5963319932E+01
           Bond Ellipticity = NA
           V = -6.5186734302E+00
           G =  1.3921723616E-02
           K =  6.5047517066E+00
           L =  6.4908299830E+00
           Vnuc =  3.8690691683E+01
           Ven = -1.7337480395E+01
           Vrep =  1.0818806965E+01
           DelSqV =  1.6593296968E+03
           DelSqVen =  1.0045388065E+03
           DelSqVrep =  6.5479089024E+02
           DelSqG =  1.2675485504E+02
           DelSqK = -1.7860845518E+03
           Stress_EigVals = -2.2531083908E+00 -2.2508123742E+00 -2.0147526651E+00
           Stress_EigVec1 =  1.1841945955E-01  6.8895438561E-02  9.9057066893E-01
           Stress_EigVec2 = -5.0004935385E-01  8.6599678953E-01 -4.5191563582E-04
           Stress_EigVec3 =  8.5786215403E-01  4.9528070734E-01 -1.3700199133E-01
           -DivStress =  1.5798860865E+01  9.1204921299E+00 -2.7099552833E+00
           ESP =  -1.2604656314E+00     ESP at Nucleus =  -1.2623510346E+00
           ESPe = -1.0643556094E+01     ESPe at Nucleus = -1.0568567335E+01
           ESPn =  9.3830904631E+00     ESPn at Nucleus =  9.3062162999E+00

CP# 5      Coords =  1.04879998656594E-03  1.81792009864108E-03  3.10806651443797E+00
           Type = (3,-3) NACP Cl5
           Rho =  3.1725881419E+03     Rho at Nucleus =  3.1725881415E+03
           GradRho =  2.2791244371E-12  3.7881475688E-11  3.2830484997E-09
           HessRho_EigVals = -1.3891682596E+08 -1.3891660242E+08 -1.3891660232E+08
           HessRho_EigVec1 =  1.7747074834E-04 -1.9643793214E-04  9.9999996496E-01
           HessRho_EigVec2 =  9.9999997994E-01 -9.2778606932E-05 -1.7748897623E-04
           HessRho_EigVec3 =  9.2813469248E-05  9.9999997640E-01  1.9642146272E-04
           DelSqRho = -4.1675003070E+08
           Bond Ellipticity = NA
           V = -1.0421595372E+08
           G =  1.4223023799E+04
           K =  1.0420173070E+08
           L =  1.0418750767E+08
           Vnuc =  2.2498051997E+08
           Ven = -7.1377052981E+11
           Vrep =  7.1366631386E+11
           DelSqV =  3.3656985933E+14
           DelSqVen =  9.3760716620E+16
           DelSqVrep = -9.3424146760E+16
           DelSqG =  4.5632232262E+12
           DelSqK = -3.4113308255E+14
           Stress_EigVals = -3.4738669977E+07 -3.4738669952E+07 -3.4738613794E+07
           Stress_EigVec1 =  9.3169529031E-05  9.9999997499E-01  2.0330362377E-04
           Stress_EigVec2 =  9.9999997991E-01 -9.3133444909E-05 -1.7749107869E-04
           Stress_EigVec3 =  1.7747213989E-04 -2.0332015644E-04  9.9999996358E-01
           -DivStress =  1.4966314321E+03 -1.0985985189E+04  8.4180650871E+06
           ESP =  -6.4638437850E+01     ESP at Nucleus =  -6.4638437851E+01
           ESPe = -6.7879219178E+01     ESPe at Nucleus = -6.7879219131E+01
           ESPn =  3.2407813278E+00     ESPn at Nucleus =  3.2407812803E+00

CP# 6      Coords = -3.51489880278171E-04 -1.74043791653890E-03 -4.90094353879683E+00
           Type = (3,-3) NACP F6
           Rho =  4.3109934088E+02     Rho at Nucleus =  4.3109934036E+02
           GradRho =  1.4356662129E-12  2.4902978337E-11  8.7225826550E-09
           HessRho_EigVals = -2.0428438917E+06 -2.0428312476E+06 -2.0428312363E+06
           HessRho_EigVec1 =  1.6742068838E-04  1.2884420117E-03  9.9999915594E-01
           HessRho_EigVec2 =  9.9999984962E-01 -5.2244770656E-04 -1.6674766037E-04
           HessRho_EigVec3 =  5.2223242089E-04  9.9999903348E-01 -1.2885292865E-03
           DelSqRho = -6.1285063755E+06
           Bond Ellipticity = NA
           V = -1.5324355088E+06
           G =  1.5445748545E+02
           K =  1.5322810514E+06
           L =  1.5321265939E+06
           Vnuc =  1.2654561564E+07
           Ven = -5.4553731493E+09
           Vrep =  5.4538407138E+09
           DelSqV =  2.1792705475E+11
           DelSqVen =  7.7553574347E+13
           DelSqVrep = -7.7335647292E+13
           DelSqG =  7.2617807446E+09
           DelSqK = -2.2518883549E+11
           Stress_EigVals = -5.1081287789E+05 -5.1081287516E+05 -5.1080975579E+05
           Stress_EigVec1 =  5.6317811642E-04  9.9999901394E-01 -1.2864446946E-03
           Stress_EigVec2 =  9.9999982741E-01 -5.6339293927E-04 -1.6663329520E-04
           Stress_EigVec3 =  1.6735790475E-04  1.2863506284E-03  9.9999915865E-01
           -DivStress = -8.5343453327E+00 -1.4858850137E+02 -5.0698398938E+04
           ESP =  -2.6928508672E+01     ESP at Nucleus =  -2.6928508675E+01
           ESPe = -3.1275737545E+01     ESPe at Nucleus = -3.1275736982E+01
           ESPn =  4.3472288723E+00     ESPn at Nucleus =  4.3472283065E+00

CP# 7      Coords =  1.37569549897891E-04 -1.32856476685297E+00 -1.08237858209179E+00
           Type = (3,-1) BCP C1 H2
           Rho =  3.1049268635E-01
           GradRho = -1.9167717563E-18  2.4904881816E-18 -4.2048119520E-17
           HessRho_EigVals = -9.4133132267E-01 -9.0225705947E-01  5.1331694450E-01
           HessRho_EigVec1 =  1.5842752738E-04 -1.2797833810E-01  9.9177695067E-01
           HessRho_EigVec2 =  9.9999997654E-01 -1.2623732556E-04 -1.7603067572E-04
           HessRho_EigVec3 =  1.4772738314E-04  9.9177695529E-01  1.2797831510E-01
           DelSqRho = -1.3302714376E+00
           Bond Ellipticity =  4.3307240201E-02
           V = -4.1769843879E-01
           G =  4.2565289693E-02
           K =  3.7513314910E-01
           L =  3.3256785941E-01
           Vnuc =  1.2733620829E+01
           Ven = -3.9536961383E+00
           Vrep =  3.5359976995E+00
           DelSqV = -2.4944439140E+00
           DelSqVen =  1.6939172087E+01
           DelSqVrep = -1.9433616001E+01
           DelSqG =  1.8264862060E+00
           DelSqK =  6.6795770797E-01
           Stress_EigVals = -2.6535365434E-01 -2.5992964541E-01  1.0758486096E-01
           Stress_EigVec1 =  9.9999997598E-01 -1.2577117706E-04 -1.7952506662E-04
           Stress_EigVec2 =  1.6233225250E-04 -1.2542685231E-01  9.9210285675E-01
           Stress_EigVec3 =  1.4729520808E-04  9.9210286206E-01  1.2542682888E-01
           -DivStress = -4.7996615291E-06 -2.2675511246E-02 -1.1934322538E-02
           ESP =   7.3009711907E-01
           ESPe = -1.2003523710E+01
           ESPn =  1.2733620829E+01
           BPL =  1.9882058623E+00 =  1.3364220081E+00 +  6.5178385421E-01                
           GBL_I =  1.9878078905E+00                                                      
           GBL_II =  2.0214327593E+00                                                     
           GBL_III =  1.9879510314E+00 =  1.3361700474E+00 +  6.5178098407E-01            
           GBL_IV =  2.0215887954E+00 =  1.3361698849E+00 +  6.8541891047E-01             

CP# 8      Coords = -1.13703654009665E+00  6.56682930175653E-01 -1.08274131596907E+00
           Type = (3,-1) BCP C1 H3
           Rho =  3.1744523284E-01
           GradRho = -4.6958333563E-16  4.3718518304E-16 -1.0707527176E-16
           HessRho_EigVals = -9.7061929587E-01 -9.2958571167E-01  5.1163080055E-01
           HessRho_EigVec1 = -1.1172395511E-01  6.5936310080E-02  9.9154937389E-01
           HessRho_EigVec2 =  5.0041192339E-01  8.6578663285E-01 -1.1888229170E-03
           HessRho_EigVec3 =  8.5854858033E-01 -4.9605030933E-01  1.2972442266E-01
           DelSqRho = -1.3885742070E+00
           Bond Ellipticity =  4.4141797448E-02
           V = -4.3555329049E-01
           G =  4.4204869369E-02
           K =  3.9134842112E-01
           L =  3.4714355175E-01
           Vnuc =  1.2800624276E+01
           Ven = -4.0634971538E+00
           Vrep =  3.6279438633E+00
           DelSqV = -2.5164483291E+00
           DelSqVen =  1.7774616703E+01
           DelSqVrep = -2.0291065032E+01
           DelSqG =  1.9009193577E+00
           DelSqK =  6.1552897146E-01
           Stress_EigVals = -2.7418451561E-01 -2.6830649276E-01  1.0693771789E-01
           Stress_EigVec1 =  5.0053713397E-01  8.6571156989E-01 -2.4607483688E-03
           Stress_EigVec2 = -1.0882428745E-01  6.5739419467E-02  9.9188487396E-01
           Stress_EigVec3 =  8.5884797955E-01 -4.9620742285E-01  1.2711546533E-01
           -DivStress = -1.8305228257E-02  1.0814857814E-02 -1.2273253096E-02
           ESP =   7.5155090277E-01
           ESPe = -1.2049073373E+01
           ESPn =  1.2800624276E+01
           BPL =  1.9689533799E+00 =  1.3212286730E+00 +  6.4772470687E-01                
           GBL_I =  1.9685589591E+00                                                      
           GBL_II =  2.0026633188E+00                                                     
           GBL_III =  1.9687022096E+00 =  1.3209802200E+00 +  6.4772198958E-01            
           GBL_IV =  2.0028195419E+00 =  1.3209798432E+00 +  6.8183969871E-01             

CP# 9      Coords =  2.20999836034980E-05  5.20448363113381E-04 -2.75719663615872E+00
           Type = (3,-1) BCP C1 F6
           Rho =  4.6131115698E-02
           GradRho = -2.1281184642E-19  1.3685001293E-18  6.9112203013E-18
           HessRho_EigVals = -3.8468365628E-02 -3.8313520031E-02  2.3468673606E-01
           HessRho_EigVec1 = -1.6043581464E-03  9.9999766251E-01 -1.4494829737E-03
           HessRho_EigVec2 =  9.9999869760E-01  1.6041019328E-03 -1.7790733604E-04
           HessRho_EigVec3 =  1.7558180175E-04  1.4497665130E-03  9.9999893367E-01
           DelSqRho =  1.5790485040E-01
           Bond Ellipticity =  4.0415392987E-03
           V = -4.4853799783E-02
           G =  4.2165006191E-02
           K =  2.6887935922E-03
           L = -3.9476212599E-02
           Vnuc =  1.1577201258E+01
           Ven = -5.3406921069E-01
           Vrep =  4.8921541091E-01
           DelSqV = -3.9570794526E-01
           DelSqVen = -1.8280962326E+00
           DelSqVrep =  1.4323882874E+00
           DelSqG =  2.8716046778E-01
           DelSqK =  1.0854747747E-01
           Stress_EigVals = -2.4682918610E-02 -2.4674875747E-02  4.5039945733E-03
           Stress_EigVec1 =  9.9999982507E-01  5.6594289008E-04 -1.7194177627E-04
           Stress_EigVec2 = -5.6601824063E-04  9.9999974367E-01 -4.3850076629E-04
           Stress_EigVec3 =  1.7169356580E-04  4.3859801176E-04  9.9999988908E-01
           -DivStress =  3.4928846003E-06  1.7984912561E-06  2.0438002649E-02
           ESP =  -1.7888061647E-02
           ESPe = -1.1595089320E+01
           ESPn =  1.1577201258E+01
           BPL =  3.9604591177E+00 =  1.8167109786E+00 +  2.1437481391E+00                
           GBL_I =  3.9604131517E+00                                                      
           GBL_II =  3.9604110156E+00                                                     
           GBL_III =  3.9604139968E+00 =  1.8166658694E+00 +  2.1437481274E+00            
           GBL_IV =  3.9604118607E+00 =  1.8166630220E+00 +  2.1437488386E+00             

CP# 10     Coords =  6.26109068158294E-04  8.73676326341391E-04  7.24873916034112E-01
           Type = (3,-1) BCP Cl5 C1
           Rho =  8.0686662368E-02
           GradRho = -1.6753960022E-19  1.6487183107E-18 -7.1091953289E-17
           HessRho_EigVals = -8.4606914332E-02 -8.4534059187E-02  2.0970018563E-01
           HessRho_EigVec1 =  1.7282226274E-04  9.9999991756E-01 -3.6745228115E-04
           HessRho_EigVec2 =  9.9999996936E-01 -1.7288736831E-04 -1.7715666555E-04
           HessRho_EigVec3 =  1.7722017881E-04  3.6742165328E-04  9.9999991680E-01
           DelSqRho =  4.0559212114E-02
           Bond Ellipticity =  8.6184368857E-04
           V = -6.9089941682E-02
           G =  3.9614872355E-02
           K =  2.9475069327E-02
           L = -1.0139803028E-02
           Vnuc =  1.3424960171E+01
           Ven = -1.0832152286E+00
           Vrep =  1.0141252869E+00
           DelSqV = -4.3983023578E-01
           DelSqVen = -5.4450580720E-01
           DelSqVrep =  1.0467557142E-01
           DelSqG =  2.9735694219E-01
           DelSqK =  1.4247329359E-01
           Stress_EigVals = -4.1842419878E-02 -4.1830025565E-02  1.4582503761E-02
           Stress_EigVec1 =  9.9999997703E-01  1.2019588359E-04 -1.7748998151E-04
           Stress_EigVec2 = -1.2028025411E-04  9.9999987975E-01 -4.7541958326E-04
           Stress_EigVec3 =  1.7743281669E-04  4.7544092088E-04  9.9999987124E-01
           -DivStress = -7.3186461704E-06 -5.3607219605E-06 -4.1216481460E-02
           ESP =   1.7966160718E-01
           ESPe = -1.3245298564E+01
           ESPn =  1.3424960171E+01
           BPL =  4.0485989656E+00 =  2.3831928244E+00 +  1.6654061412E+00                
           GBL_I =  4.0485978148E+00                                                      
           GBL_II =  4.0486007376E+00                                                     
           GBL_III =  4.0485978192E+00 =  2.3831928229E+00 +  1.6654049963E+00            
           GBL_IV =  4.0486007421E+00 =  2.3831928985E+00 +  1.6654078436E+00             

CP# 11     Coords =  1.13781183839061E+00  6.56392349127532E-01 -1.08314635666892E+00
           Type = (3,-1) BCP H4 C1
           Rho =  3.1744675647E-01
           GradRho =  4.6945449098E-16  1.6793577478E-16  2.4464973578E-17
           HessRho_EigVals = -9.7062619187E-01 -9.2959217644E-01  5.1163117380E-01
           HessRho_EigVec1 =  1.1209382816E-01  6.5910113726E-02  9.9150936990E-01
           HessRho_EigVec2 = -5.0019203011E-01  8.6591391464E-01 -1.0126431009E-03
           HessRho_EigVec3 =  8.5862850331E-01  4.9583157356E-01 -1.3003131913E-01
           DelSqRho = -1.3885871945E+00
           Bond Ellipticity =  4.4141954362E-02
           V = -4.3555715163E-01
           G =  4.4205176500E-02
           K =  3.9135197513E-01
           L =  3.4714679863E-01
           Vnuc =  1.2800643400E+01
           Ven = -4.0635227279E+00
           Vrep =  3.6279655763E+00
           DelSqV = -2.5164622381E+00
           DelSqVen =  1.7774809506E+01
           DelSqVrep = -2.0291271745E+01
           DelSqG =  1.9009366042E+00
           DelSqK =  6.1552563387E-01
           Stress_EigVals = -2.7418645550E-01 -2.6830844862E-01  1.0693775250E-01
           Stress_EigVec1 = -5.0031733077E-01  8.6583911005E-01 -2.2812361247E-03
           Stress_EigVec2 =  1.0919585131E-01  6.5711066790E-02  9.9184591634E-01
           Stress_EigVec3 =  8.5892888797E-01  4.9598859987E-01 -1.2742242425E-01
           -DivStress =  1.8305234536E-02  1.0810914921E-02 -1.2280632605E-02
           ESP =   7.5155512106E-01
           ESPe = -1.2049088279E+01
           ESPn =  1.2800643400E+01
           BPL =  1.9689493749E+00 =  6.4772335706E-01 +  1.3212260178E+00                
           GBL_I =  1.9685549257E+00                                                      
           GBL_II =  2.0026594109E+00                                                     
           GBL_III =  1.9686981882E+00 =  6.4772063950E-01 +  1.3209775487E+00            
           GBL_IV =  2.0028156472E+00 =  6.8183847543E-01 +  1.3209771718E+00             

Number of NACPs  =      6
Number of NNACPs =      0
Number of BCPs   =      5
Number of RCPs   =      0
Number of CCPs   =      0
NumNACP + NumNNACP - NumBCP + NumRCP - NumCCP =      1
Poincare-Hopf Relationship is Satisfied

Bond Path Angles and Corresponding Geometric Bond Angles:
--------------------------------------------------------
  BPA     = A-B-C Bond Path Angle
  GBA_I   = A-B-C Geometric Bond Angle in Terms of Nuclear Attractors
  GBA_II  = A-B-C Geometric Bond Angle in Terms of Nuclei
  GBA_III = A-B-C Geometric Bond Angle in Terms of A|B and C|B BCPs and Nuclear Attractor B
  GBA_IV  = A-B-C Geometric Bond Angle in Terms of A|B and C|B BCPs and Nucleus B
-------------------------------------------------------------------------------------------------
Atom A    Atom B    Atom C        BPA          GBA_I         GBA_II       GBA_III       GBA_IV
-------------------------------------------------------------------------------------------------
H3        C1        H2        119.29810289  118.68573851  118.67415521  118.86283818  118.86287752
F6        C1        H2         86.03740253   83.39982080   83.37029684   83.92068952   83.92080715
F6        C1        H3         85.02926783   83.34031135   83.31028923   83.80405709   83.80418175
Cl5       C1        H2         94.66687098   96.59916302   96.62868290   96.12217810   96.12205117
Cl5       C1        H3         94.62107955   96.66045078   96.69047495   96.17488165   96.17476164
Cl5       C1        F6        179.29572395  179.99894233  179.99893840  179.95713028  179.95713957
H4        C1        H2        119.29810344  118.68561894  118.67403386  118.86274703  118.86278637
H4        C1        H3        119.46491604  118.67387617  118.66178955  118.86857052  118.86862587
H4        C1        F6         85.02610273   83.33969672   83.30967306   83.80323593   83.80336059
H4        C1        Cl5        94.62096924   96.66055733   96.69058303   96.17496714   96.17484713

Total time for electron density critical point search, analysis and connectivity = 164 sec (NProc = 8)             
 
Virial-Based Atomic Energy Components:
-------------------------------------
  Ee(A) = E(A) - W(A) = -T(A)
        = Contribution of Atom A to Electronic Energy of Molecule.
          Not additive to give molecular Ee unless molecular electronic virial theorem is satisfied.
  T(A) = Electronic Kinetic Energy of Atom A (Hamiltonian Form)
  Ven(A) = Ven(A,Mol) = VenT(A)
         = Attraction Energy Between Electron Density Distribution of Atom A and Nuclei of Molecule
  VenO(A) = Ven(A,A)
          = Attraction Energy Between Electron Density Distribution of Atom A and Nucleus of Atom A
  Vee(A) = Vee(A,A) + Vee(A,A')/2
         = Two-Electron Interaction Energy of Atom A with Itself Plus Half of Two-Electron Interaction Energy
           Between Atom A and Other Atoms of Molecule
  Vnn(A) - W(A) = Contribution of Atom A to the Nuclear Repulsion Energy of Molecule Minus
                  the Nuclear Virial of Energy-Gradient-Based Forces on Nuclei of Molecule.
                  Calculation of Vnn(A) - W(A) assumes satisfaction of the atomic virial theorem:
                       2T(A) + Ven(A) + Vee(A) + Vnn(A) - W(A) = 0
See "2EDM Note" and "DFT Note".
--------------------------------------------------------------------------------------------------------------------
Atom A         Ee(A)              T(A)             Ven(A)           VenO(A)            Vee(A)        Vnn(A) - W(A)
--------------------------------------------------------------------------------------------------------------------
C1       -3.7789155718E+01  3.7789155718E+01 -1.3441008117E+02 -8.8874657455E+01
H2       -6.0705027718E-01  6.0705027718E-01 -9.2024365200E+00 -1.2109839277E+00
H3       -6.1498557957E-01  6.1498557957E-01 -9.2856167720E+00 -1.2219561876E+00
H4       -6.1499513253E-01  6.1499513253E-01 -9.2857013073E+00 -1.2219647757E+00
Cl5      -4.5981458420E+02  4.5981458420E+02 -1.1562426649E+03 -1.0993388289E+03
F6       -9.9740084828E+01  9.9740084828E+01 -2.8566193484E+02 -2.4295971178E+02
--------------------------------------------------------------------------------------------------------------------
Total    -5.9918085574E+02  5.9918085574E+02 -1.6040884355E+03 -1.4348281030E+03
 
More Virial-Based Atomic Energy Components:
------------------------------------------
  E(A) = Ee(A) + W(A)
       = T(A) + Ven(A) + Vee(A) + Vnn(A) = Contribution of Atom A to Total Energy E of Molecule
         Not additive to give molecular E unless molecular virial theorem is satisfied.
  Ee(A) = E(A) - W(A) = Contribution of Atom A to Electronic Energy of Molecule
          Not additive to give molecular Ee unless molecular virial theorem is satisfied.
  W(A) = Contribution of Atom A to Nuclear Virial of Energy-Gradient-Based Forces on Nuclei of Molecule
  Vnn(A) = Contribution of Atom A to Nuclear Repulsion Energy of Molecule
           Calculation of Vnn(A) assumes satisfaction of the atomic virial theorem:
                2T(A) + Ven(A) + Vee(A) + Vnn(A) - W(A) = 0
  VeeC(A) = Coulomb Part of Vee(A)
  VeeX(A) = Exchange-Correlation Part of Vee(A)
See "2EDM Note" and "DFT Note".
--------------------------------------------------------------------------------------------------------------------
Atom A          E(A)             Ee(A)              W(A)             Vnn(A)           VeeC(A)           VeeX(A)
--------------------------------------------------------------------------------------------------------------------
C1                         -3.7789155718E+01
H2                         -6.0705027718E-01
H3                         -6.1498557957E-01
H4                         -6.1499513253E-01
Cl5                        -4.5981458420E+02
F6                         -9.9740084828E+01
--------------------------------------------------------------------------------------------------------------------
Total                      -5.9918085574E+02
 
IQA Atomic Energy Components:
----------------------------
  E_IQA(A) = Contribution of Atom A to Total Energy E of Molecule, Using IQA Additive Atomic Energy Definition
           = T(A) + Vne(A,Mol)/2 + Ven(A,Mol)/2 + Vee(A) + Vnn(A,Mol)/2
  T(A) = Electronic Kinetic Energy of Atom A (Hamiltonian Form)
  Vne(A,Mol)/2 = Half of Attraction Energy Between Nucleus of Atom A and Electron Density Distribution of Molecule
  Ven(A,Mol)/2 = Half of Attraction Energy Between Electron Density Distribution of Atom A and Nuclei of Molecule
  Vee(A) = Vee(A,A) + Vee(A,A')/2
         = Two-Electron Interaction Energy of Atom A with Itself Plus Half of Two-Electron Interaction Energy
           Between Atom A and Other Atoms of Molecule
  Vnn(A,Mol)/2 = Vnn(A,A')/2 = Half of Repulsion Energy Between Nucleus of Atom A and Other Nuclei of Molecule
  VeeC(A) = Coulomb Part of Vee(A)
  VeeX(A) = Exchange-Correlation Part of Vee(A)
See "2EDM Note" and "DFT Note".
--------------------------------------------------------------------------------------------------------------------------------------------------------
Atom A        E_IQA(A)            T(A)          Vne(A,Mol)/2      Ven(A,Mol)/2         Vee(A)         Vnn(A,Mol)/2        VeeC(A)           VeeX(A)
--------------------------------------------------------------------------------------------------------------------------------------------------------
C1                          3.7789155718E+01 -6.8498483997E+01 -6.7205040583E+01                    2.3894528141E+01
H2                          6.0705027718E-01 -5.2638000205E+00 -4.6012182600E+00                    4.6332276588E+00
H3                          6.1498557957E-01 -5.2842752283E+00 -4.6428083860E+00                    4.6531000265E+00
H4                          6.1499513253E-01 -5.2842836678E+00 -4.6428506536E+00                    4.6531081500E+00
Cl5                         4.5981458420E+02 -5.7697336261E+02 -5.7812133243E+02                    2.7546640883E+01
F6                          9.9740084828E+01 -1.4074081642E+02 -1.4283096742E+02                    1.9562527379E+01
--------------------------------------------------------------------------------------------------------------------------------------------------------
Total                       5.9918085574E+02 -8.0204502194E+02 -8.0204421773E+02                    8.4943132238E+01
 
More IQA Atomic Energy Components:
---------------------------------
  Vneen(A) = Vne(A,Mol)/2 + Ven(A,Mol)/2
  V_IQA(A) = Vne(A,Mol)/2 + Ven(A,Mol)/2 + Vee(A,A) + Vee(A,A')/2 + Vnn(A,A')/2
           = VC_IQA(A) + VX_IQA(A) = Potential Energy Contribution to E_IQA(A)
           = E_IQA(A) - T(A)
  VC_IQA(A) = Vne(A,Mol)/2 + Ven(A,Mol)/2 + VeeC(A,A) + VeeC(A,A')/2 + Vnn(A,A')/2
            = Coulomb Potential Energy Contribution to E_IQA(A)
            = E_IQA(A) - T(A) - VeeX(A)
  VX_IQA(A) = VeeX(A,A) + VeeX(A,A')/2
            = Exchange-Correlation Energy Contribution to E_IQA(A)
            = E_IQA(A) - T(A) - VC_IQA(A)
See "2EDM Note" and "DFT Note".
--------------------------------------------------------------------------------
Atom A        Vneen(A)          V_IQA(A)         VC_IQA(A)         VX_IQA(A)
--------------------------------------------------------------------------------
C1       -1.3570352458E+02
H2       -9.8650182805E+00
H3       -9.9270836143E+00
H4       -9.9271343214E+00
Cl5      -1.1550946950E+03
F6       -2.8357178384E+02
--------------------------------------------------------------------------------
Total    -1.6040892397E+03
 
IQA Intraatomic ("Self") Energy Components:
------------------------------------------
  E_IQA_Intra(A) = T(A) + Vne(A,A) + Vee(A,A)
                 = Intraatomic ("Self") Contribution to E_IQA(A)
  T(A) = Electronic Kinetic Energy of Atom A (Hamiltonian Form)
  Vne(A,A) = Attraction Energy Between Electron Density Distribution of Atom A and Nucleus of Atom A
  Vee(A,A) = Two-electron Interaction Energy of Atom A With Itself
  VeeC(A,A) = Coulomb Part of Vee(A,A)
