AIMSum (Version 17.11.14, Professional)
Copyright (c) 1997-2017 by Todd A. Keith
AIMSum is a component of the AIMAll package ( http://aim.tkgristmill.com )

TP:  64-bit Linux

Much of the Quantum Theory of Atoms in Molecules (QTAIM) is described in the book:
  "Atoms in Molecules - A Quantum Theory"
  R.F.W. Bader, Oxford University Press, Oxford, 1990

For additional references see:  http://aim.tkgristmill.com/references.html

Wfn File:  /home/bruns/metodo_ts/QCISD/clch3f_ts/RUN/GAUSSIAN.wfn
Sum File:  /home/bruns/metodo_ts/QCISD/clch3f_ts/RUN/GAUSSIAN.sum

SumViz File:  /home/bruns/metodo_ts/QCISD/clch3f_ts/RUN/GAUSSIAN.sumviz

Wfn Title:   clch3f_ts-wavefunction                                                        
 
Total memory allocated for AIMSum =        1.289 Megabytes

Atomic units (a.u.) used throughout, except where stated otherwise

Model:  Unknown
 
Restricted, natural orbital wavefunction.
  Number of electrons (from MO Occs)                   =          36.0000000000
  Number of Alpha electrons (from MO Occs)             =          18.0000000000
  Number of Beta electrons (from MO Occs)              =          18.0000000000
  Number of electron pairs (N*(N-1)/2)                 =         630.0000000000
  Number of electron pairs (from Muller 2EDM)          =         630.0000000000
  Number of electron pairs (from Muller 2EDM, no SOSI) =         630.4346328978
 
Nuclear Charges and Cartesian Coordinates:
-------------------------------------------------------------------------------
Atom      Charge                X                  Y                  Z
-------------------------------------------------------------------------------
C1         6.0           1.9227960000E-02   5.4800000000E-05  -9.4053370000E-01
H2         1.0           3.5900000000E-05  -1.9890690400E+00  -1.1730021400E+00
H3         1.0          -1.7221301000E+00   9.9468570000E-01  -1.1739829100E+00
H4         1.0           1.7229578000E+00   9.9424539000E-01  -1.1745970700E+00
Cl5       17.0           1.0488000000E-03   1.8179200000E-03   3.1080665900E+00
F6         9.0          -3.5149000000E-04  -1.7404400000E-03  -4.9009442500E+00
 
Some Atomic Properties:
----------------------
  q(A) = Net Charge of Atom A
  L(A) = Lagrangian of Atom A = -(1/4) Times Atomic Integral of the Laplacian of the Electron Density
  K(A) = Electronic Kinetic Energy of Atom A (Hamiltonian Form)
  K_Scaled(A) = K(A) * E(Mol)/K(Mol) = Approximation to Virial-Based Total Energy of Atom A.
  |Mu_Intra(A)| = Magnitude of Intraatomic Dipole Moment of Atom A
--------------------------------------------------------------------------------------------------
Atom A          q(A)              L(A)              K(A)          K_Scaled(A)      |Mu_Intra(A)|
--------------------------------------------------------------------------------------------------
C1        2.2637453290E-01  1.9684311454E-04  3.7795259825E+01 -3.7803042625E+01  2.7918701978E-02
H2        9.1712239870E-02  3.0701200544E-05  6.1514323698E-01 -6.1526990727E-01  1.4489179651E-01
H3        9.5009478950E-02  2.0680233100E-05  6.0886577261E-01 -6.0899115025E-01  1.4472016149E-01
H4        8.7726212790E-02  3.0549276300E-05  6.2195961412E-01 -6.2208768805E-01  1.4489805927E-01
Cl5      -6.4153449800E-01  7.3540106603E-06  4.5981440818E+02 -4.5990909317E+02  1.6791436558E-01
F6       -8.5897604510E-01  1.1487098494E-05  9.9740052277E+01 -9.9760590748E+01  1.0492084529E-01
--------------------------------------------------------------------------------------------------
Total    -9.9968807859E-01  2.9761493364E-04  5.9919568891E+02 -5.9931907529E+02
 
1st Largest |L(A)| = 1.9684311454E-04, atom C1      
2nd Largest |L(A)| = 3.0701200544E-05, atom H2      
 
Molecular charge q(Mol) from the wfn file:  -1.0000000000E+00
Molecular energy E(Mol) from the wfn file:  -5.9931903875E+02
Molecular virial ratio (-V(Mol)/T(Mol)) from the wfn file:   2.0002059200E+00
Note.  K_Scaled(A) = (1+V(Mol)/T(Mol))*K(A) = (E(Mol)/T(Mol))*K(A)
       Only use K_Scaled(A) data with caution.
 
N_AIMInt(SumA)     =         35.999688
N_Analytic(Mol)    =         36.000000
 
G_AIMInt(SumA)     =        599.195391
G_Analytic(Mol)    =        599.195656
 
K_AIMInt(SumA)     =        599.195689
K_Analytic(Mol)    =        599.195656
 
L_AIMInt(SumA)     =          0.000298
L_Analytic(Mol)    =          0.000000
 
VenT_AIMInt(SumA)  =      -1604.176940
VenT_Analytic(Mol) =      -1604.179988
 
Some Information About the Atomic Calculations:
----------------------------------------------
  Time(sec) = "Elapsed User Time", in Seconds, for Atom A by AIMInt and, if used, by TWOe
  NProc = Number of Processors Used for AIMInt Job
  BIM = Basin Integration Method
  OAQ = Angular Quadrature Outside of Beta Sphere
  ORQ = Multiple of Default for Radial Quadrature Outside of Beta Sphere
  IAQ = Multiple of Default for Angular Quadrature Inside of Beta Sphere
  IRQ = Multiple of Default for Radial Quadrature Inside of Beta Sphere
  MIR = Maximum Integration Radius
------------------------------------------------------------------------------------------------------
Atom A     Time(sec)   NProc      BIM          OAQ                     ORQ      IAQ      IRQ      MIR
------------------------------------------------------------------------------------------------------
C1             87        8     Proaim(5)    4500(GS4)                  1.00     1.00     1.00    13.00
H2             18        8     Proaim(5)    1800(GS4)                  1.00     1.00     1.00    13.00
H3             16        8     Proaim(5)    1800(GS4)                  1.00     1.00     1.00    13.00
H4             17        8     Proaim(5)    1800(GS4)                  1.00     1.00     1.00    13.00
Cl5            31        8     Proaim(5)    3150(GS4)                  1.00     1.00     1.00    13.00
F6             37        8     Proaim(5)    2700(GS4)                  1.00     1.00     1.00    13.00
------------------------------------------------------------------------------------------------------
Total         206
Note:  Total wall clock time is less than total of atomic times if more than one atom
       was calculated at a time
 
Electron Density Critical Point Analysis of Molecular Structure:               
---------------------------------------------------------------                
  NACP = Nuclear Attractor Critical Point                                      
  NNACP = Non-Nuclear Attractor Critical Point                                 
  BCP = Bond Critical Point                                                    
  RCP = Ring Critical Point                                                    
  CCP = Cage Critical Point                                                    
  Rho = Electron Density                                                       
  GradRho = Gradient of Electron Density                                       
  HessRho_EigVals = Eigenvalues of the Hessian of Rho, Ascending Order         
  HessRho_EigVecs = Eigenvectors of the Hessian of Rho                         
  DelSqRho = Laplacian of Rho = Trace of Hessian of Rho                        
  Bond Ellipticity = (HessRho_EigVal(1) / HessRho_EigVal(2)) - 1               
  V = Virial Field = Potential Energy Density = Trace of Stress Tensor         
  G = Lagrangian Form of Kinetic Energy Density                                
  K = Hamiltonian Form of Kinetic Energy Density                               
  L = K - G = Lagrangian Density = (-1/4)DelSqRho                              
  Vnuc = Electrostatic Potential from Nuclei                                   
  Ven = Electron-nuclear attractive contribution to Virial Field V             
  Vrep = V - Ven = Repulsive contribution to Virial Field V                    
  DelSqV = Laplacian of V                                                      
  DelSqVen = Laplacian of Ven                                                  
  DelSqVrep = Laplacian of Vrep                                                
  DelSqG = Laplacian of G                                                      
  DelSqK = Laplacian of K                                                      
  Stress_EigVals = Eigenvalues of Stress Tensor, Ascending Order               
  Stress_EigVecs = Eigenvectors of Stress Tensor                               
  -DivStress = Ehrenfest Force Density = Minus Divergence of Stress Tensor     
  ESP = Total Electrostatic Potential                                          
  ESPe = Electrostatic Potential from Electrons                                
  ESPn = Electrostatic Potential from Nuclei                                   
  BP = Bond Path                                                               
  BPL = Bond Path Length                                                       
  GBL = Geometric Bond Length                                                  
  GBL_I = Distance Between Nuclear Attractors                                  
  GBL_II = Distance Between Nuclei                                             
  GBL_III = Sum of Distances Between BCP and Nuclear Attractors                
  GBL_IV = Sum of Distances Between BCP and Nuclei                             

CP# 1      Coords =  1.92277559526874E-02  5.47989477641760E-05 -9.40530831830372E-01
           Type = (3,-3) NACP C1
           Rho =  1.2140892776E+02     Rho at Nucleus =  1.2140892673E+02
           GradRho =  2.5304163417E-13  4.3859375907E-16 -1.2388835339E-11
           HessRho_EigVals = -2.4893354842E+05 -2.4892648070E+05 -2.4892640051E+05
           HessRho_EigVec1 =  1.9044655005E-03  4.5851850236E-04  9.9999808138E-01
           HessRho_EigVec2 = -7.0667229221E-01  7.0754026608E-01  1.0214146572E-03
           HessRho_EigVec3 =  7.0753844025E-01  7.0667288163E-01 -1.6715083480E-03
           DelSqRho = -7.4678642963E+05
           Bond Ellipticity = NA
           V = -1.8671012935E+05
           G =  6.7609702049E+00
           K =  1.8670336838E+05
           L =  1.8669660741E+05
           Vnuc =  2.0866605104E+06
           Ven = -2.5333921516E+08
           Vrep =  2.5315250503E+08
           DelSqV =  1.1231596203E+10
           DelSqVen =  1.5582897357E+12
           DelSqVrep = -1.5470581559E+12
           DelSqG =  3.8281903704E+08
           DelSqK = -1.1614415240E+10
           Stress_EigVals = -6.2237447708E+04 -6.2237412198E+04 -6.2235269442E+04
           Stress_EigVec1 =  7.0689091730E-01  7.0732084193E-01 -1.5676766215E-03
           Stress_EigVec2 =  7.0732039202E-01 -7.0689250697E-01 -9.2011847864E-04
           Stress_EigVec3 =  1.7589978341E-03  4.5842624709E-04  9.9999834788E-01
           -DivStress =  7.5061873771E+02  3.8774401582E+00 -1.0543095569E+04
           ESP =  -1.4869250924E+01     ESP at Nucleus =  -1.4869250947E+01
           ESPe = -2.2838693176E+01     ESPe at Nucleus = -2.2838692119E+01
           ESPn =  7.9694422522E+00     ESPn at Nucleus =  7.9694411725E+00

CP# 2      Coords =  4.53225864038865E-04 -1.95532872333674E+00 -1.16801525079717E+00
           Type = (3,-3) NACP H2
           Rho =  4.4809170399E-01     Rho at Nucleus =  4.4321340255E-01
           GradRho = -6.7568185070E-18  7.6956816041E-16 -3.9820465890E-16
           HessRho_EigVals = -8.9776778532E+00 -8.9643498124E+00 -8.0209815045E+00
           HessRho_EigVec1 = -2.0075755565E-03 -1.3687345973E-01  9.9058650590E-01
           HessRho_EigVec2 =  9.9993024870E-01 -1.1804293736E-02  3.9546369733E-04
           HessRho_EigVec3 =  1.1639045602E-02  9.9051820512E-01  1.3688761064E-01
           DelSqRho = -2.5963009170E+01
           Bond Ellipticity = NA
           V = -6.5185812373E+00
           G =  1.3914472408E-02
           K =  6.5046667649E+00
           L =  6.4907522925E+00
           Vnuc =  3.8701752915E+01
           Ven = -1.7341934411E+01
           Vrep =  1.0823353174E+01
           DelSqV =  1.6593472396E+03
           DelSqVen =  1.0048139658E+03
           DelSqVrep =  6.5453327376E+02
           DelSqG =  1.2675491834E+02
           DelSqK = -1.7861021579E+03
           Stress_EigVals = -2.2530331095E+00 -2.2507327829E+00 -2.0148153449E+00
           Stress_EigVec1 =  5.0431021683E-03 -1.3633295684E-01  9.9065023697E-01
           Stress_EigVec2 =  9.9991579818E-01 -1.1157749351E-02 -6.6257961142E-03
           Stress_EigVec3 =  1.1956741414E-02  9.9060023698E-01  1.3626520769E-01
           -DivStress = -2.2617306029E-01 -1.8236679220E+01 -2.6955789353E+00
           ESP =  -1.2606189779E+00     ESP at Nucleus =  -1.2625013568E+00
           ESPe = -1.0644953248E+01     ESPe at Nucleus = -1.0569966963E+01
           ESPn =  9.3843342706E+00     ESPn at Nucleus =  9.3074656059E+00

CP# 3      Coords = -1.69317815016196E+00  9.78201807647963E-01 -1.16906022611049E+00
           Type = (3,-3) NACP H3
           Rho =  4.4280818277E-01     Rho at Nucleus =  4.3809948784E-01
           GradRho =  3.2257196618E-13 -1.8405374298E-13  5.4952793967E-14
           HessRho_EigVals = -8.8771952310E+00 -8.8640674958E+00 -7.9514760896E+00
           HessRho_EigVec1 = -1.1861568697E-01  6.7826152348E-02  9.9062098295E-01
           HessRho_EigVec2 =  4.9507810019E-01  8.6884845123E-01 -2.0857468709E-04
           HessRho_EigVec3 =  8.6071365361E-01 -4.9041001402E-01  1.3663829856E-01
           DelSqRho = -2.5692738816E+01
           Bond Ellipticity = NA
           V = -6.4502129031E+00
           G =  1.3514099500E-02
           K =  6.4366988036E+00
           L =  6.4231847041E+00
           Vnuc =  3.9051986484E+01
           Ven = -1.7292539169E+01
           Vrep =  1.0842326265E+01
           DelSqV =  1.6437409118E+03
           DelSqVen =  1.0033524890E+03
           DelSqVrep =  6.4038842285E+02
           DelSqG =  1.2558562822E+02
           DelSqK = -1.7693265401E+03
           Stress_EigVals = -2.2276753360E+00 -2.2252832731E+00 -1.9972542940E+00
           Stress_EigVec1 = -1.1643446366E-01  7.0406663943E-02  9.9069971098E-01
           Stress_EigVec2 =  4.9532962365E-01  8.6869797019E-01 -3.5214373768E-03
           Stress_EigVec3 =  8.6086676066E-01 -4.9031289832E-01  1.3602088860E-01
           -DivStress = -1.5488212433E+01  8.8179300807E+00 -2.6335390854E+00
           ESP =  -1.2607267877E+00     ESP at Nucleus =  -1.2623240671E+00
           ESPe = -1.0619205067E+01     ESPe at Nucleus = -1.0545744455E+01
           ESPn =  9.3584782788E+00     ESPn at Nucleus =  9.2834203879E+00

CP# 4      Coords =  1.69346880363810E+00  9.76984379561980E-01 -1.16949954457343E+00
           Type = (3,-3) NACP H4
           Rho =  4.5359694661E-01     Rho at Nucleus =  4.4854129545E-01
           GradRho = -6.3176402540E-13 -3.6997830516E-13  1.0810455981E-13
           HessRho_EigVals = -9.0822740441E+00 -9.0687321113E+00 -8.0931985790E+00
           HessRho_EigVec1 =  1.1920561417E-01  7.0423563389E-02  9.9036889252E-01
           HessRho_EigVec2 = -5.0497124931E-01  8.6313595848E-01 -5.9543668915E-04
           HessRho_EigVec3 =  8.5486493607E-01  5.0003683754E-01 -1.3845252683E-01
           DelSqRho = -2.6244204734E+01
           Bond Ellipticity = NA
           V = -6.5897183986E+00
           G =  1.4333607483E-02
           K =  6.5753847911E+00
           L =  6.5610511836E+00
           Vnuc =  3.8356492267E+01
           Ven = -1.7398387775E+01
           Vrep =  1.0808669376E+01
           DelSqV =  1.6755558714E+03
           DelSqVen =  1.0066356359E+03
           DelSqVrep =  6.6892023543E+02
           DelSqG =  1.2796982789E+02
           DelSqK = -1.8035256993E+03
           Stress_EigVals = -2.2794306370E+00 -2.2772259869E+00 -2.0330617747E+00
           Stress_EigVec1 =  1.2055710000E-01  6.6873609278E-02  9.9045136479E-01
           Stress_EigVec2 = -5.0465661021E-01  8.6331446495E-01  3.1369366751E-03
           Stress_EigVec3 =  8.5486121178E-01  5.0021600833E-01 -1.3782689726E-01
           -DivStress =  1.6108442440E+01  9.4292385500E+00 -2.7847827246E+00
           ESP =  -1.2604673615E+00     ESP at Nucleus =  -1.2626582369E+00
           ESPe = -1.0671285656E+01     ESPe at Nucleus = -1.0594728887E+01
           ESPn =  9.4108182949E+00     ESPn at Nucleus =  9.3320706497E+00

CP# 5      Coords =  1.04880083445614E-03  1.81791996762970E-03  3.10806651434692E+00
           Type = (3,-3) NACP Cl5
           Rho =  3.1725878568E+03     Rho at Nucleus =  3.1725878564E+03
           GradRho = -1.0989345191E-11 -8.7541722204E-12 -1.6641970490E-08
           HessRho_EigVals = -1.3891681161E+08 -1.3891658821E+08 -1.3891658781E+08
           HessRho_EigVec1 = -8.2967217980E-03  4.1419078718E-04  9.9996549583E-01
           HessRho_EigVec2 =  7.0451535067E-01  7.0966703629E-01  5.5514218657E-03
           HessRho_EigVec3 = -7.0964025047E-01  7.0453710055E-01 -6.1797137370E-03
           DelSqRho = -4.1674998764E+08
           Bond Ellipticity = NA
           V = -1.0421594295E+08
           G =  1.4223019539E+04
           K =  1.0420171993E+08
           L =  1.0418749691E+08
           Vnuc =  2.2469626227E+08
           Ven = -7.1286863314E+11
           Vrep =  7.1276441719E+11
           DelSqV =  3.3656982378E+14
           DelSqVen =  9.3642141163E+16
           DelSqVrep = -9.3305536979E+16
           DelSqG =  4.5632226935E+12
           DelSqK = -3.4113304647E+14
           Stress_EigVals = -3.4738666424E+07 -3.4738666323E+07 -3.4738610201E+07
           Stress_EigVec1 = -7.0964009322E-01  7.0453716061E-01 -6.1909138752E-03
           Stress_EigVec2 =  7.0451532376E-01  7.0966697662E-01  5.5624519793E-03
           Stress_EigVec3 = -8.3124412559E-03  4.1425475204E-04  9.9996536526E-01
           -DivStress = -9.2925659614E+04  3.6059654602E+03  8.4282048690E+06
           ESP =  -6.4638378871E+01     ESP at Nucleus =  -6.4638378871E+01
           ESPe = -6.7879503542E+01     ESPe at Nucleus = -6.7879503496E+01
           ESPn =  3.2411246719E+00     ESPn at Nucleus =  3.2411246244E+00

CP# 6      Coords = -3.51480532054265E-04 -1.74043968637581E-03 -4.90094353797413E+00
           Type = (3,-3) NACP F6
           Rho =  4.3109895349E+02     Rho at Nucleus =  4.3109895297E+02
           GradRho =  1.1374077081E-10  3.6815450655E-12  8.3327002111E-09
           HessRho_EigVals = -2.0428417002E+06 -2.0428290890E+06 -2.0428290394E+06
           HessRho_EigVec1 =  1.1467723213E-02  4.8730073859E-04  9.9993412476E-01
           HessRho_EigVec2 =  7.0394601988E-01  7.1020357403E-01 -8.4192954624E-03
           HessRho_EigVec3 = -7.1016089193E-01  7.0399619742E-01  7.8013845966E-03
           DelSqRho = -6.1284998286E+06
           Bond Ellipticity = NA
           V = -1.5324338729E+06
           G =  1.5445787512E+02
           K =  1.5322794150E+06
           L =  1.5321249572E+06
           Vnuc =  1.2638875998E+07
           Ven = -5.4486062160E+09
           Vrep =  5.4470737822E+09
           DelSqV =  2.1792681902E+11
           DelSqVen =  7.7457352819E+13
           DelSqVrep = -7.7239430194E+13
           DelSqG =  7.2617717232E+09
           DelSqK = -2.2518859074E+11
           Stress_EigVals = -5.1081233618E+05 -5.1081232396E+05 -5.1080921277E+05
           Stress_EigVec1 = -7.1021246614E-01  7.0394361924E-01  7.8507239652E-03
           Stress_EigVec2 =  7.0389286124E-01  7.1025568861E-01 -8.4673897590E-03
           Stress_EigVec3 =  1.1536586348E-02  4.8757720780E-04  9.9993333250E-01
           -DivStress = -6.7496105614E+02 -2.2353194598E+01 -5.0757234738E+04
           ESP =  -2.6928495230E+01     ESP at Nucleus =  -2.6928495233E+01
           ESPe = -3.1276204502E+01     ESPe at Nucleus = -3.1276203938E+01
           ESPn =  4.3477092721E+00     ESPn at Nucleus =  4.3477087055E+00

CP# 7      Coords =  7.68103323598454E-03 -1.31306934323171E+00 -1.08201310834573E+00
           Type = (3,-1) BCP C1 H2
           Rho =  3.1735968460E-01
           GradRho = -1.1791378126E-15 -4.3927113856E-14  3.1187761852E-14
           HessRho_EigVals = -9.7007915120E-01 -9.2880926390E-01  5.1114786590E-01
           HessRho_EigVec1 = -3.3850616687E-03 -1.2927161424E-01  9.9160344448E-01
           HessRho_EigVec2 =  9.9993662655E-01 -1.1084587441E-02  1.9684528577E-03
           HessRho_EigVec3 =  1.0737050009E-02  9.9154726648E-01  1.2930094386E-01
           DelSqRho = -1.3877405492E+00
           Bond Ellipticity =  4.4433113345E-02
           V = -4.3542786740E-01
           G =  4.4246365047E-02
           K =  3.9118150235E-01
           L =  3.4693513730E-01
           Vnuc =  1.2802962220E+01
           Ven = -4.0631440521E+00
           Vrep =  3.6277161847E+00
           DelSqV = -2.5107752264E+00
           DelSqVen =  1.7767189823E+01
           DelSqVrep = -2.0277965049E+01
           DelSqG =  1.9005583960E+00
           DelSqK =  6.1021683038E-01
           Stress_EigVals = -2.7408743600E-01 -2.6817006594E-01  1.0682963455E-01
           Stress_EigVec1 =  9.9993060605E-01 -1.1607462128E-02  2.0124360081E-03
           Stress_EigVec2 = -3.4665928285E-03 -1.2665427986E-01  9.9194086322E-01
           Stress_EigVec3 =  1.1259032370E-02  9.9187900483E-01  1.2668572917E-01
           -DivStress = -1.2917374632E-03 -2.0175473718E-02 -1.2175964491E-02
           ESP =   7.5113499571E-01
           ESPe = -1.2051827225E+01
           ESPn =  1.2802962220E+01
           BPL =  1.9690617776E+00 =  1.3210268408E+00 +  6.4803493686E-01                
           GBL_I =  1.9686610585E+00                                                      
           GBL_II =  2.0027539943E+00                                                     
           GBL_III =  1.9688068028E+00 =  1.3207746114E+00 +  6.4803219138E-01            
           GBL_IV =  2.0029128867E+00 =  1.3207743070E+00 +  6.8213857974E-01             

CP# 8      Coords = -1.13206323734006E+00  6.58303277126890E-01 -1.08286709200436E+00
           Type = (3,-1) BCP C1 H3
           Rho =  3.1146109800E-01
           GradRho =  1.4170840084E-16 -1.0144213589E-16 -7.2002482058E-17
           HessRho_EigVals = -9.4519937552E-01 -9.0548808540E-01  5.1296353971E-01
           HessRho_EigVec1 = -1.1206569141E-01  6.3203728016E-02  9.9168874632E-01
           HessRho_EigVec2 =  4.9539750101E-01  8.6866618013E-01  6.1926939336E-04
           HessRho_EigVec3 =  8.6140733500E-01 -4.9134952556E-01  1.2865864499E-01
           DelSqRho = -1.3377239212E+00
           Bond Ellipticity =  4.3856226006E-02
           V = -4.2025293963E-01
           G =  4.2910979662E-02
           K =  3.7734195997E-01
           L =  3.3443098030E-01
           Vnuc =  1.2753827058E+01
           Ven = -3.9723209791E+00
           Vrep =  3.5520680395E+00
           DelSqV = -2.4920046022E+00
           DelSqVen =  1.7061099542E+01
           DelSqVrep = -1.9553104144E+01
           DelSqG =  1.8376516355E+00
           DelSqK =  6.5435296670E-01
           Stress_EigVals = -2.6656769689E-01 -2.6110392046E-01  1.0741867772E-01
           Stress_EigVec1 =  4.9516155484E-01  8.6880064037E-01  6.9418966255E-04
           Stress_EigVec2 = -1.0993597046E-01  6.1863929878E-02  9.9201156071E-01
           Stress_EigVec3 =  8.6181733390E-01 -4.9128230323E-01  1.2614508124E-01
           -DivStress = -1.8454408124E-02  9.9292737166E-03 -1.1875801105E-02
           ESP =   7.3191386583E-01
           ESPe = -1.2021913192E+01
           ESPn =  1.2753827058E+01
           BPL =  1.9856788071E+00 =  1.3340515218E+00 +  6.5162728527E-01                
           GBL_I =  1.9852786308E+00                                                      
           GBL_II =  2.0189395865E+00                                                     
           GBL_III =  1.9854240262E+00 =  1.3337996931E+00 +  6.5162433318E-01            
           GBL_IV =  2.0190981319E+00 =  1.3337995626E+00 +  6.8529856932E-01             

CP# 9      Coords =  8.66017222233104E-03 -7.97674495326965E-04 -2.75724799382640E+00
           Type = (3,-1) BCP C1 F6
           Rho =  4.6122727419E-02
           GradRho = -1.6476789960E-16  1.2601718226E-16  1.7573955732E-16
           HessRho_EigVals = -3.8364933256E-02 -3.8315394265E-02  2.3477651815E-01
           HessRho_EigVec1 = -7.3503234668E-01 -6.7802546569E-01  2.9861696589E-03
           HessRho_EigVec2 = -6.7802215153E-01  7.3503828431E-01  2.1639381194E-03
           HessRho_EigVec3 =  3.6621541738E-03  4.3412466300E-04  9.9999320006E-01
           DelSqRho =  1.5809619063E-01
           Bond Ellipticity =  1.2929265607E-03
           V = -4.4887278340E-02
           G =  4.2205662999E-02
           K =  2.6816153410E-03
           L = -3.9524047658E-02
           Vnuc =  1.1579350673E+01
           Ven = -5.3407123478E-01
           Vrep =  4.8918395644E-01
           DelSqV = -3.9586935975E-01
           DelSqVen = -1.8306512314E+00
           DelSqVrep =  1.4347818716E+00
           DelSqG =  2.8749317022E-01
           DelSqK =  1.0837618953E-01
           Stress_EigVals = -2.4698667134E-02 -2.4670049080E-02  4.4814378737E-03
           Stress_EigVec1 = -7.0506368800E-01  7.0913489487E-01  3.5912023068E-03
           Stress_EigVec2 =  7.0912224033E-01  7.0507268515E-01 -4.2610942134E-03
           Stress_EigVec3 =  5.5537492504E-03  4.5774137575E-04  9.9998447305E-01
           -DivStress =  1.0777115931E-04  9.3023810194E-06  2.0421983354E-02
           ESP =  -1.7923437331E-02
           ESPe = -1.1597274110E+01
           ESPn =  1.1579350673E+01
           BPL =  3.9604739133E+00 =  1.8167591152E+00 +  2.1437147981E+00                
           GBL_I =  3.9604615100E+00                                                      
           GBL_II =  3.9604593550E+00                                                     
           GBL_III =  3.9604627897E+00 =  1.8167480968E+00 +  2.1437146929E+00            
           GBL_IV =  3.9604606349E+00 =  1.8167452299E+00 +  2.1437154050E+00             

CP# 10     Coords =  1.22218536069674E-02  7.76087247531283E-04  7.24600129121945E-01
           Type = (3,-1) BCP Cl5 C1
           Rho =  8.0659607814E-02
           GradRho = -3.5184369196E-16 -2.8886764649E-16  2.0622467704E-16
           HessRho_EigVals = -8.4542798054E-02 -8.4408643197E-02  2.0956707727E-01
           HessRho_EigVec1 =  7.0926297551E-01  7.0494069189E-01  2.1569637928E-03
           HessRho_EigVec2 =  7.0493538195E-01 -7.0926611528E-01  2.7721815307E-03
           HessRho_EigVec3 = -3.4840848964E-03  4.4568562595E-04  9.9999383124E-01
           DelSqRho =  4.0615636016E-02
           Bond Ellipticity =  1.5893497574E-03
           V = -6.9100484724E-02
           G =  3.9627196864E-02
           K =  2.9473287860E-02
           L = -1.0153909004E-02
           Vnuc =  1.3426572807E+01
           Ven = -1.0829820969E+00
           Vrep =  1.0138816122E+00
           DelSqV = -4.4006329414E-01
           DelSqVen = -5.4532879407E-01
           DelSqVrep =  1.0526549992E-01
           DelSqG =  2.9775147295E-01
           DelSqK =  1.4231182120E-01
           Stress_EigVals = -4.1854608102E-02 -4.1817429102E-02  1.4571552480E-02
           Stress_EigVec1 = -7.0612816789E-01  7.0807251630E-01 -4.0400711546E-03
           Stress_EigVec2 =  7.0806428829E-01  7.0613959371E-01  3.4406169479E-03
           Stress_EigVec3 = -5.2890605036E-03  4.3111356487E-04  9.9998591989E-01
           -DivStress =  2.0065969332E-04 -1.7345502400E-05 -4.1246231497E-02
           ESP =   1.7979273778E-01
           ESPe = -1.3246780069E+01
           ESPn =  1.3426572807E+01
           BPL =  4.0486477503E+00 =  2.3834930646E+00 +  1.6651546857E+00                
           GBL_I =  4.0486385433E+00                                                      
           GBL_II =  4.0486414880E+00                                                     
           GBL_III =  4.0486386564E+00 =  2.3834928009E+00 +  1.6651458555E+00            
           GBL_IV =  4.0486416011E+00 =  2.3834928766E+00 +  1.6651487245E+00             

CP# 11     Coords =  1.14187617651281E+00  6.54518146122069E-01 -1.08279610111017E+00
           Type = (3,-1) BCP H4 C1
           Rho =  3.2343120849E-01
           GradRho = -1.1207201676E-16 -2.7668416758E-17 -3.5547188296E-17
           HessRho_EigVals = -9.9553915565E-01 -9.5257946327E-01  5.0826314188E-01
           HessRho_EigVec1 =  1.1264876898E-01  6.7391522175E-02  9.9134688056E-01
           HessRho_EigVec2 = -5.0466793817E-01  8.6331250021E-01 -1.3413281970E-03
           HessRho_EigVec3 =  8.5593254818E-01  5.0014988726E-01 -1.3126143094E-01
           DelSqRho = -1.4398554770E+00
           Bond Ellipticity =  4.5098276867E-02
           V = -4.5135672069E-01
           G =  4.5696425714E-02
           K =  4.0566029497E-01
           L =  3.5996386926E-01
           Vnuc =  1.2854286461E+01
           Ven = -4.1574774043E+00
           Vrep =  3.7061206836E+00
           DelSqV = -2.5194285002E+00
           DelSqVen =  1.8508314764E+01
           DelSqVrep = -2.1027743264E+01
           DelSqG =  1.9673871434E+00
           DelSqK =  5.5204135677E-01
           Stress_EigVals = -2.8185244397E-01 -2.7544414929E-01  1.0593987258E-01
           Stress_EigVec1 = -5.0488549167E-01  8.6318532926E-01 -1.3143978704E-03
           Stress_EigVec2 =  1.1029774885E-01  6.6024321513E-02  9.9170317917E-01
           Stress_EigVec3 =  8.5611041747E-01  5.0055157208E-01 -1.2854212069E-01
           -DivStress =  1.5324585245E-02  9.5975811974E-03 -1.2340260577E-02
           ESP =   7.7094560505E-01
           ESPe = -1.2083340856E+01
           ESPn =  1.2854286461E+01
           BPL =  1.9522943395E+00 =  6.4479424597E-01 +  1.3075000935E+00                
           GBL_I =  1.9518968115E+00                                                      
           GBL_II =  1.9864279393E+00                                                     
           GBL_III =  1.9520411998E+00 =  6.4479173779E-01 +  1.3072494620E+00            
           GBL_IV =  1.9865853203E+00 =  6.7933634621E-01 +  1.3072489741E+00             

Number of NACPs  =      6
Number of NNACPs =      0
Number of BCPs   =      5
Number of RCPs   =      0
Number of CCPs   =      0
NumNACP + NumNNACP - NumBCP + NumRCP - NumCCP =      1
Poincare-Hopf Relationship is Satisfied

Bond Path Angles and Corresponding Geometric Bond Angles:
--------------------------------------------------------
  BPA     = A-B-C Bond Path Angle
  GBA_I   = A-B-C Geometric Bond Angle in Terms of Nuclear Attractors
  GBA_II  = A-B-C Geometric Bond Angle in Terms of Nuclei
  GBA_III = A-B-C Geometric Bond Angle in Terms of A|B and C|B BCPs and Nuclear Attractor B
  GBA_IV  = A-B-C Geometric Bond Angle in Terms of A|B and C|B BCPs and Nucleus B
-------------------------------------------------------------------------------------------------
Atom A    Atom B    Atom C        BPA          GBA_I         GBA_II       GBA_III       GBA_IV
-------------------------------------------------------------------------------------------------
H3        C1        H2        118.67342822  117.89480641  117.87929286  118.14324868  118.14327999
F6        C1        H2         85.37522952   83.33587710   83.30578052   83.82092801   83.82105154
F6        C1        H3         84.87426678   83.15686870   83.12700563   83.59807558   83.59819287
Cl5       C1        H2         94.60168470   96.65792725   96.68799834   96.17200524   96.17188134
Cl5       C1        H3         94.11912174   96.37430689   96.40415862   95.90437391   95.90424489
Cl5       C1        F6        178.83246254  179.45947919  179.45947323  179.42565287  179.42563930
H4        C1        H2        120.04201143  119.45581115  119.44759604  119.57692908  119.57698839
H4        C1        H3        119.34942623  118.66930897  118.65738958  118.85461249  118.85465782
H4        C1        F6         85.84931332   83.52111859   83.49079682   84.05372828   84.05385844
H4        C1        Cl5        95.16620940   96.94624105   96.97656153   96.44349785   96.44337946

Total time for electron density critical point search, analysis and connectivity = 241 sec (NProc = 8)             
 
Virial-Based Atomic Energy Components:
-------------------------------------
  Ee(A) = E(A) - W(A) = -T(A)
        = Contribution of Atom A to Electronic Energy of Molecule.
          Not additive to give molecular Ee unless molecular electronic virial theorem is satisfied.
  T(A) = Electronic Kinetic Energy of Atom A (Hamiltonian Form)
  Ven(A) = Ven(A,Mol) = VenT(A)
         = Attraction Energy Between Electron Density Distribution of Atom A and Nuclei of Molecule
  VenO(A) = Ven(A,A)
          = Attraction Energy Between Electron Density Distribution of Atom A and Nucleus of Atom A
  Vee(A) = Vee(A,A) + Vee(A,A')/2
         = Two-Electron Interaction Energy of Atom A with Itself Plus Half of Two-Electron Interaction Energy
           Between Atom A and Other Atoms of Molecule
  Vnn(A) - W(A) = Contribution of Atom A to the Nuclear Repulsion Energy of Molecule Minus
                  the Nuclear Virial of Energy-Gradient-Based Forces on Nuclei of Molecule.
                  Calculation of Vnn(A) - W(A) assumes satisfaction of the atomic virial theorem:
                       2T(A) + Ven(A) + Vee(A) + Vnn(A) - W(A) = 0
See "2EDM Note" and "DFT Note".
--------------------------------------------------------------------------------------------------------------------
Atom A         Ee(A)              T(A)             Ven(A)           VenO(A)            Vee(A)        Vnn(A) - W(A)
--------------------------------------------------------------------------------------------------------------------
C1       -3.7795259825E+01  3.7795259825E+01 -1.3438067783E+02 -8.8870684245E+01
H2       -6.1514323698E-01  6.1514323698E-01 -9.2909326257E+00 -1.2223097798E+00
H3       -6.0886577261E-01  6.0886577261E-01 -9.2346067769E+00 -1.2136121195E+00
H4       -6.2195961412E-01  6.2195961412E-01 -9.3552048391E+00 -1.2318263079E+00
Cl5      -4.5981440818E+02  4.5981440818E+02 -1.1562486753E+03 -1.0993385219E+03
F6       -9.9740052277E+01  9.9740052277E+01 -2.8566684308E+02 -2.4295982845E+02
--------------------------------------------------------------------------------------------------------------------
Total    -5.9919568891E+02  5.9919568891E+02 -1.6041769405E+03 -1.4348367828E+03
 
More Virial-Based Atomic Energy Components:
------------------------------------------
  E(A) = Ee(A) + W(A)
       = T(A) + Ven(A) + Vee(A) + Vnn(A) = Contribution of Atom A to Total Energy E of Molecule
         Not additive to give molecular E unless molecular virial theorem is satisfied.
  Ee(A) = E(A) - W(A) = Contribution of Atom A to Electronic Energy of Molecule
          Not additive to give molecular Ee unless molecular virial theorem is satisfied.
  W(A) = Contribution of Atom A to Nuclear Virial of Energy-Gradient-Based Forces on Nuclei of Molecule
  Vnn(A) = Contribution of Atom A to Nuclear Repulsion Energy of Molecule
           Calculation of Vnn(A) assumes satisfaction of the atomic virial theorem:
                2T(A) + Ven(A) + Vee(A) + Vnn(A) - W(A) = 0
  VeeC(A) = Coulomb Part of Vee(A)
  VeeX(A) = Exchange-Correlation Part of Vee(A)
See "2EDM Note" and "DFT Note".
--------------------------------------------------------------------------------------------------------------------
Atom A          E(A)             Ee(A)              W(A)             Vnn(A)           VeeC(A)           VeeX(A)
--------------------------------------------------------------------------------------------------------------------
C1                         -3.7795259825E+01
H2                         -6.1514323698E-01
H3                         -6.0886577261E-01
H4                         -6.2195961412E-01
Cl5                        -4.5981440818E+02
F6                         -9.9740052277E+01
--------------------------------------------------------------------------------------------------------------------
Total                      -5.9919568891E+02
 
IQA Atomic Energy Components:
----------------------------
  E_IQA(A) = Contribution of Atom A to Total Energy E of Molecule, Using IQA Additive Atomic Energy Definition
           = T(A) + Vne(A,Mol)/2 + Ven(A,Mol)/2 + Vee(A) + Vnn(A,Mol)/2
  T(A) = Electronic Kinetic Energy of Atom A (Hamiltonian Form)
  Vne(A,Mol)/2 = Half of Attraction Energy Between Nucleus of Atom A and Electron Density Distribution of Molecule
  Ven(A,Mol)/2 = Half of Attraction Energy Between Electron Density Distribution of Atom A and Nuclei of Molecule
  Vee(A) = Vee(A,A) + Vee(A,A')/2
         = Two-Electron Interaction Energy of Atom A with Itself Plus Half of Two-Electron Interaction Energy
           Between Atom A and Other Atoms of Molecule
  Vnn(A,Mol)/2 = Vnn(A,A')/2 = Half of Repulsion Energy Between Nucleus of Atom A and Other Nuclei of Molecule
  VeeC(A) = Coulomb Part of Vee(A)
  VeeX(A) = Exchange-Correlation Part of Vee(A)
See "2EDM Note" and "DFT Note".
--------------------------------------------------------------------------------------------------------------------------------------------------------
Atom A        E_IQA(A)            T(A)          Vne(A,Mol)/2      Ven(A,Mol)/2         Vee(A)         Vnn(A,Mol)/2        VeeC(A)           VeeX(A)
--------------------------------------------------------------------------------------------------------------------------------------------------------
C1                          3.7795259825E+01 -6.8516076357E+01 -6.7190338917E+01                    2.3908323517E+01
H2                          6.1514323698E-01 -5.2849834811E+00 -4.6454663129E+00                    4.6537328029E+00
H3                          6.0886577261E-01 -5.2728722276E+00 -4.6173033885E+00                    4.6417101940E+00
H4                          6.2195961412E-01 -5.2973644435E+00 -4.6776024196E+00                    4.6660353249E+00
Cl5                         4.5981440818E+02 -5.7697577971E+02 -5.7812433767E+02                    2.7549559307E+01
F6                          9.9740052277E+01 -1.4074291772E+02 -1.4283342154E+02                    1.9564689175E+01
--------------------------------------------------------------------------------------------------------------------------------------------------------
Total                       5.9919568891E+02 -8.0208999394E+02 -8.0208847025E+02                    8.4984050321E+01
 
More IQA Atomic Energy Components:
---------------------------------
  Vneen(A) = Vne(A,Mol)/2 + Ven(A,Mol)/2
  V_IQA(A) = Vne(A,Mol)/2 + Ven(A,Mol)/2 + Vee(A,A) + Vee(A,A')/2 + Vnn(A,A')/2
           = VC_IQA(A) + VX_IQA(A) = Potential Energy Contribution to E_IQA(A)
           = E_IQA(A) - T(A)
  VC_IQA(A) = Vne(A,Mol)/2 + Ven(A,Mol)/2 + VeeC(A,A) + VeeC(A,A')/2 + Vnn(A,A')/2
            = Coulomb Potential Energy Contribution to E_IQA(A)
            = E_IQA(A) - T(A) - VeeX(A)
  VX_IQA(A) = VeeX(A,A) + VeeX(A,A')/2
            = Exchange-Correlation Energy Contribution to E_IQA(A)
            = E_IQA(A) - T(A) - VC_IQA(A)
See "2EDM Note" and "DFT Note".
--------------------------------------------------------------------------------
Atom A        Vneen(A)          V_IQA(A)         VC_IQA(A)         VX_IQA(A)
--------------------------------------------------------------------------------
C1       -1.3570641527E+02
H2       -9.9304497940E+00
H3       -9.8901756161E+00
H4       -9.9749668631E+00
Cl5      -1.1551001174E+03
F6       -2.8357633926E+02
--------------------------------------------------------------------------------
Total    -1.6041784642E+03
 
IQA Intraatomic ("Self") Energy Components:
------------------------------------------
  E_IQA_Intra(A) = T(A) + Vne(A,A) + Vee(A,A)
                 = Intraatomic ("Self") Contribution to E_IQA(A)
  T(A) = Electronic Kinetic Energy of Atom A (Hamiltonian Form)
  Vne(A,A) = Attraction Energy Between Electron Density Distribution of Atom A and Nucleus of Atom A
  Vee(A,A) = Two-electron Interaction Energy of Atom A With Itself
  VeeC(A,A) = Coulomb Part of Vee(A,A)
