AIMSum (Version 17.11.14, Professional)
Copyright (c) 1997-2017 by Todd A. Keith
AIMSum is a component of the AIMAll package ( http://aim.tkgristmill.com )

TP:  64-bit Linux

Much of the Quantum Theory of Atoms in Molecules (QTAIM) is described in the book:
  "Atoms in Molecules - A Quantum Theory"
  R.F.W. Bader, Oxford University Press, Oxford, 1990

For additional references see:  http://aim.tkgristmill.com/references.html

Wfn File:  /home/bruns/metodo_ts/QCISD/clch3f_ts/RUN/GAUSSIAN.wfn
Sum File:  /home/bruns/metodo_ts/QCISD/clch3f_ts/RUN/GAUSSIAN.sum

SumViz File:  /home/bruns/metodo_ts/QCISD/clch3f_ts/RUN/GAUSSIAN.sumviz

Wfn Title:   clch3f_ts-wavefunction                                                        
 
Total memory allocated for AIMSum =        1.289 Megabytes

Atomic units (a.u.) used throughout, except where stated otherwise

Model:  Unknown
 
Restricted, natural orbital wavefunction.
  Number of electrons (from MO Occs)                   =          35.9999994000
  Number of Alpha electrons (from MO Occs)             =          17.9999997000
  Number of Beta electrons (from MO Occs)              =          17.9999997000
  Number of electron pairs (N*(N-1)/2)                 =         629.9999787000
  Number of electron pairs (from Muller 2EDM)          =         629.9999787000
  Number of electron pairs (from Muller 2EDM, no SOSI) =         630.4346675752
 
Nuclear Charges and Cartesian Coordinates:
-------------------------------------------------------------------------------
Atom      Charge                X                  Y                  Z
-------------------------------------------------------------------------------
C1         6.0           3.3070000000E-04   5.4800000000E-05  -9.4053370000E-01
H2         1.0           3.5900000000E-05  -1.9890690400E+00  -1.1730021400E+00
H3         1.0          -1.7221301000E+00   9.9468570000E-01  -1.1739829100E+00
H4         1.0           1.7229578000E+00   9.9424539000E-01  -1.1934943300E+00
Cl5       17.0           1.0488000000E-03   1.8179200000E-03   3.1080665900E+00
F6         9.0          -3.5149000000E-04  -1.7404400000E-03  -4.9009442500E+00
 
Some Atomic Properties:
----------------------
  q(A) = Net Charge of Atom A
  L(A) = Lagrangian of Atom A = -(1/4) Times Atomic Integral of the Laplacian of the Electron Density
  K(A) = Electronic Kinetic Energy of Atom A (Hamiltonian Form)
  K_Scaled(A) = K(A) * E(Mol)/K(Mol) = Approximation to Virial-Based Total Energy of Atom A.
  |Mu_Intra(A)| = Magnitude of Intraatomic Dipole Moment of Atom A
--------------------------------------------------------------------------------------------------
Atom A          q(A)              L(A)              K(A)          K_Scaled(A)      |Mu_Intra(A)|
--------------------------------------------------------------------------------------------------
C1        2.2444506340E-01  2.6894500462E-06  3.7794759148E+01 -3.7802701716E+01  2.4403742421E-02
H2        9.1417925690E-02  3.0670765547E-05  6.1532443176E-01 -6.1545374218E-01  1.4492108272E-01
H3        9.1412105950E-02  2.0936383310E-05  6.1531940074E-01 -6.1544871012E-01  1.4493703408E-01
H4        9.2847286320E-02  3.0140234526E-05  6.1385996246E-01 -6.1398896513E-01  1.4507649653E-01
Cl5      -6.4081968700E-01  8.6833535710E-06  4.5981341720E+02 -4.5991004699E+02  1.6685908267E-01
F6       -8.5919293500E-01  1.1608492725E-05  9.9740595866E+01 -9.9761556352E+01  1.0576050070E-01
--------------------------------------------------------------------------------------------------
Total    -9.9989024064E-01  1.0472867973E-04  5.9919327601E+02 -5.9931919648E+02
 
1st Largest |L(A)| = 3.0670765547E-05, atom H2      
2nd Largest |L(A)| = 3.0140234526E-05, atom H4      
 
Molecular charge q(Mol) from the wfn file:  -9.9999940000E-01
Molecular energy E(Mol) from the wfn file:  -5.9931918706E+02
Molecular virial ratio (-V(Mol)/T(Mol)) from the wfn file:   2.0002101500E+00
Note.  K_Scaled(A) = (1+V(Mol)/T(Mol))*K(A) = (E(Mol)/T(Mol))*K(A)
       Only use K_Scaled(A) data with caution.
 
N_AIMInt(SumA)     =         35.999890
N_Analytic(Mol)    =         35.999999
 
G_AIMInt(SumA)     =        599.193171
G_Analytic(Mol)    =        599.193262
 
K_AIMInt(SumA)     =        599.193276
K_Analytic(Mol)    =        599.193262
 
L_AIMInt(SumA)     =          0.000105
L_Analytic(Mol)    =          0.000000
 
VenT_AIMInt(SumA)  =      -1604.161483
VenT_Analytic(Mol) =      -1604.162520
 
Some Information About the Atomic Calculations:
----------------------------------------------
  Time(sec) = "Elapsed User Time", in Seconds, for Atom A by AIMInt and, if used, by TWOe
  NProc = Number of Processors Used for AIMInt Job
  BIM = Basin Integration Method
  OAQ = Angular Quadrature Outside of Beta Sphere
  ORQ = Multiple of Default for Radial Quadrature Outside of Beta Sphere
  IAQ = Multiple of Default for Angular Quadrature Inside of Beta Sphere
  IRQ = Multiple of Default for Radial Quadrature Inside of Beta Sphere
  MIR = Maximum Integration Radius
------------------------------------------------------------------------------------------------------
Atom A     Time(sec)   NProc      BIM          OAQ                     ORQ      IAQ      IRQ      MIR
------------------------------------------------------------------------------------------------------
C1             84        8     Proaim(5)    4500(GS4)                  1.00     1.00     1.00    13.00
H2             16        8     Proaim(5)    1800(GS4)                  1.00     1.00     1.00    13.00
H3             15        8     Proaim(5)    1800(GS4)                  1.00     1.00     1.00    13.00
H4             16        8     Proaim(5)    1800(GS4)                  1.00     1.00     1.00    13.00
Cl5            33        8     Proaim(5)    3150(GS4)                  1.00     1.00     1.00    13.00
F6             35        8     Proaim(5)    2700(GS4)                  1.00     1.00     1.00    13.00
------------------------------------------------------------------------------------------------------
Total         199
Note:  Total wall clock time is less than total of atomic times if more than one atom
       was calculated at a time
 
Electron Density Critical Point Analysis of Molecular Structure:               
---------------------------------------------------------------                
  NACP = Nuclear Attractor Critical Point                                      
  NNACP = Non-Nuclear Attractor Critical Point                                 
  BCP = Bond Critical Point                                                    
  RCP = Ring Critical Point                                                    
  CCP = Cage Critical Point                                                    
  Rho = Electron Density                                                       
  GradRho = Gradient of Electron Density                                       
  HessRho_EigVals = Eigenvalues of the Hessian of Rho, Ascending Order         
  HessRho_EigVecs = Eigenvectors of the Hessian of Rho                         
  DelSqRho = Laplacian of Rho = Trace of Hessian of Rho                        
  Bond Ellipticity = (HessRho_EigVal(1) / HessRho_EigVal(2)) - 1               
  V = Virial Field = Potential Energy Density = Trace of Stress Tensor         
  G = Lagrangian Form of Kinetic Energy Density                                
  K = Hamiltonian Form of Kinetic Energy Density                               
  L = K - G = Lagrangian Density = (-1/4)DelSqRho                              
  Vnuc = Electrostatic Potential from Nuclei                                   
  Ven = Electron-nuclear attractive contribution to Virial Field V             
  Vrep = V - Ven = Repulsive contribution to Virial Field V                    
  DelSqV = Laplacian of V                                                      
  DelSqVen = Laplacian of Ven                                                  
  DelSqVrep = Laplacian of Vrep                                                
  DelSqG = Laplacian of G                                                      
  DelSqK = Laplacian of K                                                      
  Stress_EigVals = Eigenvalues of Stress Tensor, Ascending Order               
  Stress_EigVecs = Eigenvectors of Stress Tensor                               
  -DivStress = Ehrenfest Force Density = Minus Divergence of Stress Tensor     
  ESP = Total Electrostatic Potential                                          
  ESPe = Electrostatic Potential from Electrons                                
  ESPn = Electrostatic Potential from Nuclei                                   
  BP = Bond Path                                                               
  BPL = Bond Path Length                                                       
  GBL = Geometric Bond Length                                                  
  GBL_I = Distance Between Nuclear Attractors                                  
  GBL_II = Distance Between Nuclei                                             
  GBL_III = Sum of Distances Between BCP and Nuclear Attractors                
  GBL_IV = Sum of Distances Between BCP and Nuclei                             

CP# 1      Coords =  3.30717736496285E-04  5.48112954731399E-05 -9.40530801221413E-01
           Type = (3,-3) NACP C1
           Rho =  1.2140750752E+02     Rho at Nucleus =  1.2140750647E+02
           GradRho =  3.4803854441E-15 -1.3775231939E-16  1.1626478654E-11
           HessRho_EigVals = -2.4893054060E+05 -2.4892344236E+05 -2.4892343845E+05
           HessRho_EigVec1 =  3.2693928286E-03  2.2200450917E-03  9.9999219120E-01
           HessRho_EigVec2 =  8.6755897896E-01  4.9731870120E-01 -3.9404918163E-03
           HessRho_EigVec3 = -4.9732356580E-01  8.6756508738E-01 -3.0008985781E-04
           DelSqRho = -7.4677742141E+05
           Bond Ellipticity = NA
           V = -1.8670787476E+05
           G =  6.7597024975E+00
           K =  1.8670111505E+05
           L =  1.8669435535E+05
           Vnuc =  2.0697907972E+06
           Ven = -2.5128814176E+08
           Vrep =  2.5110143389E+08
           DelSqV =  1.1231461045E+10
           DelSqVen =  1.5456729907E+12
           DelSqVrep = -1.5344415215E+12
           DelSqG =  3.8281427203E+08
           DelSqK = -1.1614275317E+10
           Stress_EigVals = -6.2236678497E+04 -6.2236676448E+04 -6.2234519812E+04
           Stress_EigVec1 = -4.9801535830E-01  8.6716815810E-01 -2.9745505382E-04
           Stress_EigVec2 =  8.6716124431E-01  4.9800995432E-01 -4.1787266189E-03
           Stress_EigVec3 =  3.4755230876E-03  2.3390115290E-03  9.9999122484E-01
           -DivStress = -6.5252308608E+01 -4.1552572070E+01 -1.0655528662E+04
           ESP =  -1.4869250917E+01     ESP at Nucleus =  -1.4869250941E+01
           ESPe = -2.2838159522E+01     ESPe at Nucleus = -2.2838158462E+01
           ESPn =  7.9689086053E+00     ESPn at Nucleus =  7.9689075213E+00

CP# 2      Coords =  3.64977955016122E-05 -1.95533181276370E+00 -1.16800962115861E+00
           Type = (3,-3) NACP H2
           Rho =  4.4815647371E-01     Rho at Nucleus =  4.4327879211E-01
           GradRho = -8.5572981306E-18 -6.0189728753E-16 -4.2469401581E-16
           HessRho_EigVals = -8.9789980127E+00 -8.9656487826E+00 -8.0223159987E+00
           HessRho_EigVec1 = -8.4560921024E-04 -1.3707983981E-01  9.9055964104E-01
           HessRho_EigVec2 =  9.9999964106E-01 -1.6862751272E-04  8.3033210743E-04
           HessRho_EigVec3 =  5.3213816188E-05  9.9055998762E-01  1.3707993320E-01
           DelSqRho = -2.5966962794E+01
           Bond Ellipticity = NA
           V = -6.5195857060E+00
           G =  1.3922503767E-02
           K =  6.5056632023E+00
           L =  6.4917406985E+00
           Vnuc =  3.8705993219E+01
           Ven = -1.7346341432E+01
           Vrep =  1.0826755726E+01
           DelSqV =  1.6596178955E+03
           DelSqVen =  1.0050770858E+03
           DelSqVrep =  6.5454080968E+02
           DelSqG =  1.2677519702E+02
           DelSqK = -1.7863930925E+03
           Stress_EigVals = -2.2533629358E+00 -2.2510670859E+00 -2.0151556843E+00
           Stress_EigVec1 = -1.4313211451E-03 -1.3644898213E-01  9.9064606525E-01
           Stress_EigVec2 =  9.9999897528E-01 -2.2253156101E-04  1.4141836550E-03
           Stress_EigVec3 =  2.7486095044E-05  9.9064707427E-01  1.3644916082E-01
           -DivStress = -2.8898284066E-04 -1.8237759203E+01 -2.6990512785E+00
           ESP =  -1.2607751518E+00     ESP at Nucleus =  -1.2626597536E+00
           ESPe = -1.0645235850E+01     ESPe at Nucleus = -1.0570257789E+01
           ESPn =  9.3844606978E+00     ESPn at Nucleus =  9.3075980357E+00

CP# 3      Coords = -1.69291832711250E+00  9.77812713955088E-01 -1.16897394687937E+00
           Type = (3,-3) NACP H3
           Rho =  4.4815671728E-01     Rho at Nucleus =  4.4327907530E-01
           GradRho =  4.5099537990E-13 -2.5966968360E-13  7.7028796735E-14
           HessRho_EigVals = -8.9790038895E+00 -8.9656552605E+00 -8.0223281259E+00
           HessRho_EigVec1 = -1.1939019236E-01  6.8340293944E-02  9.9049259775E-01
           HessRho_EigVec2 =  5.0007600650E-01  8.6598135614E-01  5.2776788181E-04
           HessRho_EigVec3 =  8.5771205523E-01 -4.9538459306E-01  1.3756502197E-01
           DelSqRho = -2.5966987276E+01
           Bond Ellipticity = NA
           V = -6.5195917755E+00
           G =  1.3922478260E-02
           K =  6.5056692972E+00
           L =  6.4917468190E+00
           Vnuc =  3.8706098860E+01
           Ven = -1.7346398204E+01
           Vrep =  1.0826806428E+01
           DelSqV =  1.6596200639E+03
           DelSqVen =  1.0050807766E+03
           DelSqVrep =  6.5453928734E+02
           DelSqG =  1.2677536106E+02
           DelSqK = -1.7863954250E+03
           Stress_EigVals = -2.2533643064E+00 -2.2510687335E+00 -2.0151587355E+00
           Stress_EigVec1 = -1.1913551473E-01  6.7520197078E-02  9.9057950318E-01
           Stress_EigVec2 =  5.0002923306E-01  8.6600781576E-01  1.1086658514E-03
           Stress_EigVec3 =  8.5777473454E-01 -4.9545079073E-01  1.3693435925E-01
           -DivStress = -1.5791375104E+01  9.1212816205E+00 -2.7079429487E+00
           ESP =  -1.2607742521E+00     ESP at Nucleus =  -1.2626588368E+00
           ESPe = -1.0645205702E+01     ESPe at Nucleus = -1.0570227781E+01
           ESPn =  9.3844314499E+00     ESPn at Nucleus =  9.3075689447E+00

CP# 4      Coords =  1.69382761640554E+00  9.77433696868321E-01 -1.18809090050748E+00
           Type = (3,-3) NACP H4
           Rho =  4.4719605172E-01     Rho at Nucleus =  4.4233911276E-01
           GradRho = -4.2327547113E-13 -2.4437873820E-13  7.8433970020E-14
           HessRho_EigVals = -8.9605003512E+00 -8.9471118177E+00 -8.0078709136E+00
           HessRho_EigVec1 =  1.2861784894E-01  7.4582200586E-02  9.8888570841E-01
           HessRho_EigVec2 = -4.9989444083E-01  8.6608628694E-01 -3.0263709611E-04
           HessRho_EigVec3 =  8.5648292275E-01  4.9429954372E-01 -1.4867738268E-01
           DelSqRho = -2.5915483083E+01
           Bond Ellipticity = NA
           V = -6.5065737419E+00
           G =  1.3851485636E-02
           K =  6.4927222563E+00
           L =  6.4788707706E+00
           Vnuc =  3.8732179413E+01
           Ven = -1.7320877708E+01
           Vrep =  1.0814303966E+01
           DelSqV =  1.6564908525E+03
           DelSqVen =  1.0037631403E+03
           DelSqVrep =  6.5272771218E+02
           DelSqG =  1.2654081581E+02
           DelSqK = -1.7830316683E+03
           Stress_EigVals = -2.2486909630E+00 -2.2463715494E+00 -2.0115112294E+00
           Stress_EigVec1 =  1.2809413589E-01  7.4283761643E-02  9.8897614486E-01
           Stress_EigVec2 = -4.9989490547E-01  8.6608601762E-01 -3.0589346600E-04
           Stress_EigVec3 =  8.5656113374E-01  4.9434495329E-01 -1.4807461404E-01
           -DivStress =  1.5716372078E+01  9.0702766663E+00 -2.9157114546E+00
           ESP =  -1.2606896741E+00     ESP at Nucleus =  -1.2625336758E+00
           ESPe = -1.0636889605E+01     ESPe at Nucleus = -1.0562085422E+01
           ESPn =  9.3761999304E+00     ESPn at Nucleus =  9.2995517459E+00

CP# 5      Coords =  1.04880015454957E-03  1.81792006419705E-03  3.10806651404819E+00
           Type = (3,-3) NACP Cl5
           Rho =  3.1725884220E+03     Rho at Nucleus =  3.1725884216E+03
           GradRho =  2.8291003701E-11  1.4909071859E-11  1.8553691718E-09
           HessRho_EigVals = -1.3891683913E+08 -1.3891661482E+08 -1.3891661473E+08
           HessRho_EigVec1 = -1.9192929555E-03 -7.7576288311E-04  9.9999785725E-01
           HessRho_EigVec2 =  8.6608858285E-01  4.9988635092E-01  2.0500753855E-03
           HessRho_EigVec3 = -4.9988687017E-01  8.6609066174E-01 -2.8754897579E-04
           DelSqRho = -4.1675006869E+08
           Bond Ellipticity = NA
           V = -1.0421596310E+08
           G =  1.4222962078E+04
           K =  1.0420174013E+08
           L =  1.0418751717E+08
           Vnuc =  2.2382560252E+08
           Ven = -7.1010651509E+11
           Vrep =  7.1000229912E+11
           DelSqV =  3.3656988692E+14
           DelSqVen =  9.3279371045E+16
           DelSqVrep = -9.2942801158E+16
           DelSqG =  4.5632236493E+12
           DelSqK = -3.4113311057E+14
           Stress_EigVals = -3.4738673164E+07 -3.4738673142E+07 -3.4738616789E+07
           Stress_EigVec1 = -4.9988545095E-01  8.6609148088E-01 -2.8753259133E-04
           Stress_EigVec2 =  8.6608940083E-01  4.9988493121E-01  2.0506874585E-03
           Stress_EigVec3 = -1.9198161474E-03 -7.7607989519E-04  9.9999785600E-01
           -DivStress = -1.7202832967E+04 -7.1433242668E+03  8.4614577159E+06
           ESP =  -6.4638162909E+01     ESP at Nucleus =  -6.4638162910E+01
           ESPe = -6.7878536001E+01     ESPe at Nucleus = -6.7878535954E+01
           ESPn =  3.2403730917E+00     ESPn at Nucleus =  3.2403730440E+00

CP# 6      Coords = -3.51491216421229E-04 -1.74044043736683E-03 -4.90094354227336E+00
           Type = (3,-3) NACP F6
           Rho =  4.3109857499E+02     Rho at Nucleus =  4.3109857448E+02
           GradRho = -1.4497930082E-11 -5.3225529627E-12  8.8300238327E-09
           HessRho_EigVals = -2.0428397660E+06 -2.0428272073E+06 -2.0428271960E+06
           HessRho_EigVec1 = -2.9115356508E-03 -1.3053211973E-03  9.9999490954E-01
           HessRho_EigVec2 = -5.0080844216E-01  8.6555808383E-01 -3.2829199038E-04
           HessRho_EigVec3 =  8.6555324921E-01  5.0080684865E-01  3.1738190942E-03
           DelSqRho = -6.1284941694E+06
           Bond Ellipticity = NA
           V = -1.5324324651E+06
           G =  1.5446135808E+02
           K =  1.5322780037E+06
           L =  1.5321235424E+06
           Vnuc =  1.2716757512E+07
           Ven = -5.4821760421E+09
           Vrep =  5.4806436096E+09
           DelSqV =  2.1792661890E+11
           DelSqVen =  7.7934572339E+13
           DelSqVrep = -7.7716645720E+13
           DelSqG =  7.2617647066E+09
           DelSqK = -2.2518838360E+11
           Stress_EigVals = -5.1081185627E+05 -5.1081185331E+05 -5.1080875549E+05
           Stress_EigVec1 =  8.6552877207E-01  5.0084884199E-01  3.2221421056E-03
           Stress_EigVec2 = -5.0085049814E-01  8.6553374889E-01 -3.2872121592E-04
           Stress_EigVec3 = -2.9535123764E-03 -1.3292938083E-03  9.9999475486E-01
           -DivStress =  8.6675617794E+01  3.1155554351E+01 -5.0450994866E+04
           ESP =  -2.6928656445E+01     ESP at Nucleus =  -2.6928656448E+01
           ESPe = -3.1277321311E+01     ESPe at Nucleus = -3.1277320750E+01
           ESPn =  4.3486648657E+00     ESPn at Nucleus =  4.3486643022E+00

CP# 7      Coords =  9.32850708998765E-05 -1.31295359277286E+00 -1.08185907966258E+00
           Type = (3,-1) BCP C1 H2
           Rho =  3.1738319929E-01
           GradRho =  2.2210177171E-17 -4.5667587423E-14  3.2487937737E-14
           HessRho_EigVals = -9.7008726247E-01 -9.2875604152E-01  5.1099278425E-01
           HessRho_EigVec1 =  1.5893869102E-03 -1.2954332304E-01  9.9157248918E-01
           HessRho_EigVec2 =  9.9999872970E-01  8.6737819539E-05 -1.5915614875E-03
           HessRho_EigVec3 =  1.2016932827E-04  9.9157375920E-01  1.2954329634E-01
           DelSqRho = -1.3878505197E+00
           Bond Ellipticity =  4.4501698083E-02
           V = -4.3552880599E-01
           G =  4.4283088030E-02
           K =  3.9124571796E-01
           L =  3.4696262993E-01
           Vnuc =  1.2803439001E+01
           Ven = -4.0635964321E+00
           Vrep =  3.6280676261E+00
           DelSqV = -2.5087857683E+00
           DelSqVen =  1.7769259472E+01
           DelSqVrep = -2.0278045240E+01
           DelSqG =  1.9007661447E+00
           DelSqK =  6.0801962362E-01
           Stress_EigVals = -2.7411825894E-01 -2.6819122573E-01  1.0678067867E-01
           Stress_EigVec1 =  9.9999008125E-01  4.9377525683E-04 -4.4264652280E-03
           Stress_EigVec2 =  4.4533390698E-03 -1.2690646871E-01  9.9190469097E-01
           Stress_EigVec3 =  7.1969077402E-05  9.9191456506E-01  1.2690740890E-01
           -DivStress =  4.4278506748E-05 -1.9681961409E-02 -1.2254584784E-02
           ESP =   7.5108310675E-01
           ESPe = -1.2052355894E+01
           ESPn =  1.2803439001E+01
           BPL =  1.9689852387E+00 =  1.3208531606E+00 +  6.4813207820E-01                
           GBL_I =  1.9685739889E+00                                                      
           GBL_II =  2.0026620567E+00                                                     
           GBL_III =  1.9687219798E+00 =  1.3205925972E+00 +  6.4812938258E-01            
           GBL_IV =  2.0028232914E+00 =  1.3205922758E+00 +  6.8223101565E-01             

CP# 8      Coords = -1.13667794696967E+00  6.56572355888079E-01 -1.08250795548391E+00
           Type = (3,-1) BCP C1 H3
           Rho =  3.1738256165E-01
           GradRho = -8.7817278727E-16  5.1073116795E-16 -1.4196861815E-16
           HessRho_EigVals = -9.7008259814E-01 -9.2875134141E-01  5.1098965097E-01
           HessRho_EigVec1 = -1.1165175807E-01  6.6673300216E-02  9.9150822284E-01
           HessRho_EigVec2 =  5.0029662492E-01  8.6585202502E-01 -1.8862317352E-03
           HessRho_EigVec3 =  8.5862516386E-01 -4.9583761638E-01  1.3003032790E-01
           DelSqRho = -1.3878442886E+00
           Bond Ellipticity =  4.4501961809E-02
           V = -4.3552755847E-01
           G =  4.4283243162E-02
           K =  3.9124431531E-01
           L =  3.4696107215E-01
           Vnuc =  1.2803419372E+01
           Ven = -4.0635820381E+00
           Vrep =  3.6280544797E+00
           DelSqV = -2.5087402407E+00
           DelSqVen =  1.7769152450E+01
           DelSqVrep = -2.0277892690E+01
           DelSqG =  1.9007571079E+00
           DelSqK =  6.0798313280E-01
           Stress_EigVals = -2.7411744472E-01 -2.6819000271E-01  1.0677988896E-01
           Stress_EigVec1 =  5.0064446416E-01  8.6564018974E-01 -4.7098209684E-03
           Stress_EigVec2 = -1.0794175296E-01  6.7824755430E-02  9.9184090484E-01
           Stress_EigVec3 =  8.5889679152E-01 -4.9605127200E-01  1.2739480785E-01
           -DivStress = -1.7008700686E-02  9.8730049974E-03 -1.2261261531E-02
           ESP =   7.5108234446E-01
           ESPe = -1.2052337027E+01
           ESPn =  1.2803419372E+01
           BPL =  1.9689865450E+00 =  1.3208518454E+00 +  6.4813469957E-01                
           GBL_I =  1.9685754024E+00                                                      
           GBL_II =  2.0026633188E+00                                                     
           GBL_III =  1.9687233506E+00 =  1.3205913457E+00 +  6.4813200495E-01            
           GBL_IV =  2.0028245066E+00 =  1.3205910244E+00 +  6.8223348222E-01             

CP# 9      Coords =  3.01328991199590E-03  9.43996676913312E-04 -2.75764284148615E+00
           Type = (3,-1) BCP C1 F6
           Rho =  4.6128144283E-02
           GradRho =  9.5266039163E-20  1.4187570832E-18  8.3800032460E-17
           HessRho_EigVals = -3.8452143345E-02 -3.7976284539E-02  2.3509706438E-01
           HessRho_EigVec1 = -5.0165165445E-01  8.6506966976E-01 -2.8990887833E-04
           HessRho_EigVec2 =  8.6506657492E-01  5.0164889998E-01 -2.8639323386E-03
           HessRho_EigVec3 =  2.3320685324E-03  1.6874868763E-03  9.9999585691E-01
           DelSqRho =  1.5866863649E-01
           Bond Ellipticity =  1.2530420270E-02
           V = -4.4983405596E-02
           G =  4.2325282360E-02
           K =  2.6581232364E-03
           L = -3.9667159123E-02
           Vnuc =  1.1581009014E+01
           Ven = -5.3421045474E-01
           Vrep =  4.8922704914E-01
           DelSqV = -3.9623521002E-01
           DelSqVen = -1.8375429095E+00
           DelSqVrep =  1.4413076995E+00
           DelSqG =  2.8772164913E-01
           DelSqK =  1.0851356089E-01
           Stress_EigVals = -2.4704200288E-02 -2.4693491470E-02  4.4142861623E-03
           Stress_EigVec1 =  8.6563597422E-01  5.0067390335E-01  5.1315875204E-05
           Stress_EigVec2 = -5.0067386649E-01  8.6563594210E-01 -3.0849783928E-04
           Stress_EigVec3 = -1.9887768335E-04  2.4135431000E-04  9.9999995110E-01
           -DivStress = -7.3945060653E-06  3.0496116637E-06  2.0368252137E-02
           ESP =  -1.8195563395E-02
           ESPe = -1.1599204577E+01
           ESPn =  1.1581009014E+01
           BPL =  3.9605524434E+00 =  1.8172473053E+00 +  2.1433051381E+00                
           GBL_I =  3.9604132067E+00                                                      
           GBL_II =  3.9604110156E+00                                                     
           GBL_III =  3.9604192610E+00 =  1.8171142379E+00 +  2.1433050231E+00            
           GBL_IV =  3.9604170700E+00 =  1.8171113392E+00 +  2.1433057308E+00             

CP# 10     Coords =  5.93082671982489E-04  7.60811507581368E-04  7.24703644492378E-01
           Type = (3,-1) BCP Cl5 C1
           Rho =  8.0716922852E-02
           GradRho = -6.2952140283E-19 -1.9106175332E-18 -1.4238156203E-16
           HessRho_EigVals = -8.4854943693E-02 -8.4562345162E-02  2.0938889192E-01
           HessRho_EigVec1 =  8.6601954875E-01  5.0000771910E-01 -1.5562824881E-03
           HessRho_EigVec2 = -5.0000869305E-01  8.6602033662E-01 -2.8883771575E-04
           HessRho_EigVec3 =  1.2033511968E-03  1.0282938811E-03  9.9999874728E-01
           DelSqRho =  3.9971603060E-02
           Bond Ellipticity =  3.4601515669E-03
           V = -6.9039232622E-02
           G =  3.9516066694E-02
           K =  2.9523165929E-02
           L = -9.9929007650E-03
           Vnuc =  1.3424994872E+01
           Ven = -1.0836242754E+00
           Vrep =  1.0145850428E+00
           DelSqV = -4.3970193194E-01
           DelSqVen = -5.3661856612E-01
           DelSqVrep =  9.6916634176E-02
           DelSqG =  2.9760468316E-01
           DelSqK =  1.4209724878E-01
           Stress_EigVals = -4.1852255036E-02 -4.1837136342E-02  1.4650158756E-02
           Stress_EigVec1 = -5.0000462272E-01  8.6602268681E-01 -2.8841888808E-04
           Stress_EigVec2 =  8.6602259726E-01  5.0000470328E-01  3.9715082310E-04
           Stress_EigVec3 = -4.8815242345E-04  5.1200027086E-05  9.9999987954E-01
           -DivStress = -1.6805063487E-05 -2.3386676607E-05 -4.1260079170E-02
           ESP =   1.7970258692E-01
           ESPe = -1.3245292285E+01
           ESPn =  1.3424994872E+01
           BPL =  4.0486234901E+00 =  2.3833633395E+00 +  1.6652601506E+00                
           GBL_I =  4.0485977629E+00                                                      
           GBL_II =  4.0486007376E+00                                                     
           GBL_III =  4.0485977636E+00 =  2.3833631476E+00 +  1.6652346160E+00            
           GBL_IV =  4.0486007383E+00 =  2.3833632235E+00 +  1.6652375148E+00             

CP# 11     Coords =  1.13822545662440E+00  6.56779500869664E-01 -1.09462760858596E+00
           Type = (3,-1) BCP H4 C1
           Rho =  3.1649777163E-01
           GradRho =  2.0955179053E-15  1.1127918016E-15  1.0306076928E-16
           HessRho_EigVals = -9.6679438955E-01 -9.2562031156E-01  5.1167673174E-01
           HessRho_EigVec1 =  1.2157048378E-01  7.0505777843E-02  9.9007552882E-01
           HessRho_EigVec2 = -4.9989363432E-01  8.6608675518E-01 -2.9473447679E-04
           HessRho_EigVec3 =  8.5751208262E-01  4.9489662334E-01 -1.4053597534E-01
           DelSqRho = -1.3807379694E+00
           Bond Ellipticity =  4.4482686340E-02
           V = -4.3322118676E-01
           G =  4.4018347208E-02
           K =  3.8920283955E-01
           L =  3.4518449234E-01
           Vnuc =  1.2791469030E+01
           Ven = -4.0484714439E+00
           Vrep =  3.6152502572E+00
           DelSqV = -2.5125945397E+00
           DelSqVen =  1.7661666974E+01
           DelSqVrep = -2.0174261514E+01
           DelSqG =  1.8918714673E+00
           DelSqK =  6.2072307237E-01
           Stress_EigVals = -2.7302622975E-01 -2.6717545769E-01  1.0698050068E-01
           Stress_EigVec1 = -4.9989243367E-01  8.6608745188E-01 -2.8366506118E-04
           Stress_EigVec2 =  1.1929045476E-01  6.9177022123E-02  9.9044652910E-01
           Stress_EigVec3 =  8.5783293371E-01  4.9508288732E-01 -1.3789703594E-01
           -DivStress =  1.8282098303E-02  1.0547830981E-02 -1.3524762174E-02
           ESP =   7.4842876508E-01
           ESPe = -1.2043040265E+01
           ESPn =  1.2791469030E+01
           BPL =  1.9713787861E+00 =  6.4826870731E-01 +  1.3231100788E+00                
           GBL_I =  1.9709102553E+00                                                      
           GBL_II =  2.0049558936E+00                                                     
           GBL_III =  1.9710798439E+00 =  6.4826557853E-01 +  1.3228142654E+00            
           GBL_IV =  2.0051406799E+00 =  6.8232673135E-01 +  1.3228139486E+00             

Number of NACPs  =      6
Number of NNACPs =      0
Number of BCPs   =      5
Number of RCPs   =      0
Number of CCPs   =      0
NumNACP + NumNNACP - NumBCP + NumRCP - NumCCP =      1
Poincare-Hopf Relationship is Satisfied

Bond Path Angles and Corresponding Geometric Bond Angles:
--------------------------------------------------------
  BPA     = A-B-C Bond Path Angle
  GBA_I   = A-B-C Geometric Bond Angle in Terms of Nuclear Attractors
  GBA_II  = A-B-C Geometric Bond Angle in Terms of Nuclei
  GBA_III = A-B-C Geometric Bond Angle in Terms of A|B and C|B BCPs and Nuclear Attractor B
  GBA_IV  = A-B-C Geometric Bond Angle in Terms of A|B and C|B BCPs and Nucleus B
-------------------------------------------------------------------------------------------------
Atom A    Atom B    Atom C        BPA          GBA_I         GBA_II       GBA_III       GBA_IV
-------------------------------------------------------------------------------------------------
H3        C1        H2        119.35970710  118.67348940  118.66180707  118.85689140  118.85693861
F6        C1        H2         85.94892804   83.33838146   83.30812142   83.88456642   83.88469182
F6        C1        H3         85.95953446   83.34054422   83.31028923   83.88742099   83.88754638
Cl5       C1        H2         94.40643901   96.66059798   96.69085831   96.16778559   96.16766095
Cl5       C1        H3         94.40658494   96.66021967   96.69047495   96.16748468   96.16736003
Cl5       C1        F6        179.27961417  179.99893826  179.99893840  179.89275513  179.89275364
H4        C1        H2        119.30022727  118.56752519  118.55456129  118.77014009  118.77018685
H4        C1        H3        119.29982983  118.56719153  118.55423039  118.76978441  118.76983115
H4        C1        F6         83.82294122   82.80572104   82.77333788   83.22305820   83.22318221
H4        C1        Cl5        95.45669979   97.19453564   97.22691821   96.66970708   96.66958158

Total time for electron density critical point search, analysis and connectivity = 211 sec (NProc = 8)             
 
Virial-Based Atomic Energy Components:
-------------------------------------
  Ee(A) = E(A) - W(A) = -T(A)
        = Contribution of Atom A to Electronic Energy of Molecule.
          Not additive to give molecular Ee unless molecular electronic virial theorem is satisfied.
  T(A) = Electronic Kinetic Energy of Atom A (Hamiltonian Form)
  Ven(A) = Ven(A,Mol) = VenT(A)
         = Attraction Energy Between Electron Density Distribution of Atom A and Nuclei of Molecule
  VenO(A) = Ven(A,A)
          = Attraction Energy Between Electron Density Distribution of Atom A and Nucleus of Atom A
  Vee(A) = Vee(A,A) + Vee(A,A')/2
         = Two-Electron Interaction Energy of Atom A with Itself Plus Half of Two-Electron Interaction Energy
           Between Atom A and Other Atoms of Molecule
  Vnn(A) - W(A) = Contribution of Atom A to the Nuclear Repulsion Energy of Molecule Minus
                  the Nuclear Virial of Energy-Gradient-Based Forces on Nuclei of Molecule.
                  Calculation of Vnn(A) - W(A) assumes satisfaction of the atomic virial theorem:
                       2T(A) + Ven(A) + Vee(A) + Vnn(A) - W(A) = 0
See "2EDM Note" and "DFT Note".
--------------------------------------------------------------------------------------------------------------------
Atom A         Ee(A)              T(A)             Ven(A)           VenO(A)            Vee(A)        Vnn(A) - W(A)
--------------------------------------------------------------------------------------------------------------------
C1       -3.7794759148E+01  3.7794759148E+01 -1.3439600491E+02 -8.8874746637E+01
H2       -6.1532443176E-01  6.1532443176E-01 -9.2939752281E+00 -1.2226207874E+00
H3       -6.1531940074E-01  6.1531940074E-01 -9.2939717013E+00 -1.2226210451E+00
H4       -6.1385996246E-01  6.1385996246E-01 -9.2718841986E+00 -1.2203495001E+00
Cl5      -4.5981341720E+02  4.5981341720E+02 -1.1562269828E+03 -1.0993316079E+03
F6       -9.9740595866E+01  9.9740595866E+01 -2.8567866456E+02 -2.4296204382E+02
--------------------------------------------------------------------------------------------------------------------
Total    -5.9919327601E+02  5.9919327601E+02 -1.6041614834E+03 -1.4348339897E+03
 
More Virial-Based Atomic Energy Components:
------------------------------------------
  E(A) = Ee(A) + W(A)
       = T(A) + Ven(A) + Vee(A) + Vnn(A) = Contribution of Atom A to Total Energy E of Molecule
         Not additive to give molecular E unless molecular virial theorem is satisfied.
  Ee(A) = E(A) - W(A) = Contribution of Atom A to Electronic Energy of Molecule
          Not additive to give molecular Ee unless molecular virial theorem is satisfied.
  W(A) = Contribution of Atom A to Nuclear Virial of Energy-Gradient-Based Forces on Nuclei of Molecule
  Vnn(A) = Contribution of Atom A to Nuclear Repulsion Energy of Molecule
           Calculation of Vnn(A) assumes satisfaction of the atomic virial theorem:
                2T(A) + Ven(A) + Vee(A) + Vnn(A) - W(A) = 0
  VeeC(A) = Coulomb Part of Vee(A)
  VeeX(A) = Exchange-Correlation Part of Vee(A)
See "2EDM Note" and "DFT Note".
--------------------------------------------------------------------------------------------------------------------
Atom A          E(A)             Ee(A)              W(A)             Vnn(A)           VeeC(A)           VeeX(A)
--------------------------------------------------------------------------------------------------------------------
C1                         -3.7794759148E+01
H2                         -6.1532443176E-01
H3                         -6.1531940074E-01
H4                         -6.1385996246E-01
Cl5                        -4.5981341720E+02
F6                         -9.9740595866E+01
--------------------------------------------------------------------------------------------------------------------
Total                      -5.9919327601E+02
 
IQA Atomic Energy Components:
----------------------------
  E_IQA(A) = Contribution of Atom A to Total Energy E of Molecule, Using IQA Additive Atomic Energy Definition
           = T(A) + Vne(A,Mol)/2 + Ven(A,Mol)/2 + Vee(A) + Vnn(A,Mol)/2
  T(A) = Electronic Kinetic Energy of Atom A (Hamiltonian Form)
  Vne(A,Mol)/2 = Half of Attraction Energy Between Nucleus of Atom A and Electron Density Distribution of Molecule
  Ven(A,Mol)/2 = Half of Attraction Energy Between Electron Density Distribution of Atom A and Nuclei of Molecule
  Vee(A) = Vee(A,A) + Vee(A,A')/2
         = Two-Electron Interaction Energy of Atom A with Itself Plus Half of Two-Electron Interaction Energy
           Between Atom A and Other Atoms of Molecule
  Vnn(A,Mol)/2 = Vnn(A,A')/2 = Half of Repulsion Energy Between Nucleus of Atom A and Other Nuclei of Molecule
  VeeC(A) = Coulomb Part of Vee(A)
  VeeX(A) = Exchange-Correlation Part of Vee(A)
See "2EDM Note" and "DFT Note".
--------------------------------------------------------------------------------------------------------------------------------------------------------
Atom A        E_IQA(A)            T(A)          Vne(A,Mol)/2      Ven(A,Mol)/2         Vee(A)         Vnn(A,Mol)/2        VeeC(A)           VeeX(A)
--------------------------------------------------------------------------------------------------------------------------------------------------------
C1                          3.7794759148E+01 -6.8514475387E+01 -6.7198002454E+01                    2.3906722564E+01
H2                          6.1532443176E-01 -5.2851288947E+00 -4.6469876141E+00                    4.6537990179E+00
H3                          6.1531940074E-01 -5.2851138901E+00 -4.6469858506E+00                    4.6537844723E+00
H4                          6.1385996246E-01 -5.2810427114E+00 -4.6359420993E+00                    4.6497758729E+00
Cl5                         4.5981341720E+02 -5.7696755561E+02 -5.7811349140E+02                    2.7543170874E+01
F6                          9.9740595866E+01 -1.4074794338E+02 -1.4283933228E+02                    1.9568989360E+01
--------------------------------------------------------------------------------------------------------------------------------------------------------
Total                       5.9919327601E+02 -8.0208125987E+02 -8.0208074170E+02                    8.4976242161E+01
 
More IQA Atomic Energy Components:
---------------------------------
  Vneen(A) = Vne(A,Mol)/2 + Ven(A,Mol)/2
  V_IQA(A) = Vne(A,Mol)/2 + Ven(A,Mol)/2 + Vee(A,A) + Vee(A,A')/2 + Vnn(A,A')/2
           = VC_IQA(A) + VX_IQA(A) = Potential Energy Contribution to E_IQA(A)
           = E_IQA(A) - T(A)
  VC_IQA(A) = Vne(A,Mol)/2 + Ven(A,Mol)/2 + VeeC(A,A) + VeeC(A,A')/2 + Vnn(A,A')/2
            = Coulomb Potential Energy Contribution to E_IQA(A)
            = E_IQA(A) - T(A) - VeeX(A)
  VX_IQA(A) = VeeX(A,A) + VeeX(A,A')/2
            = Exchange-Correlation Energy Contribution to E_IQA(A)
            = E_IQA(A) - T(A) - VC_IQA(A)
See "2EDM Note" and "DFT Note".
--------------------------------------------------------------------------------
Atom A        Vneen(A)          V_IQA(A)         VC_IQA(A)         VX_IQA(A)
--------------------------------------------------------------------------------
C1       -1.3571247784E+02
H2       -9.9321165088E+00
H3       -9.9320997407E+00
H4       -9.9169848107E+00
Cl5      -1.1550810470E+03
F6       -2.8358727566E+02
--------------------------------------------------------------------------------
Total    -1.6041620016E+03
 
IQA Intraatomic ("Self") Energy Components:
------------------------------------------
  E_IQA_Intra(A) = T(A) + Vne(A,A) + Vee(A,A)
                 = Intraatomic ("Self") Contribution to E_IQA(A)
  T(A) = Electronic Kinetic Energy of Atom A (Hamiltonian Form)
  Vne(A,A) = Attraction Energy Between Electron Density Distribution of Atom A and Nucleus of Atom A
  Vee(A,A) = Two-electron Interaction Energy of Atom A With Itself
  VeeC(A,A) = Coulomb Part of Vee(A,A)
