AIMSum (Version 17.11.14, Professional)
Copyright (c) 1997-2017 by Todd A. Keith
AIMSum is a component of the AIMAll package ( http://aim.tkgristmill.com )

TP:  64-bit Linux

Much of the Quantum Theory of Atoms in Molecules (QTAIM) is described in the book:
  "Atoms in Molecules - A Quantum Theory"
  R.F.W. Bader, Oxford University Press, Oxford, 1990

For additional references see:  http://aim.tkgristmill.com/references.html

Wfn File:  /home/bruns/metodo_ts/QCISD/clch3f_ts/RUN/GAUSSIAN.wfn
Sum File:  /home/bruns/metodo_ts/QCISD/clch3f_ts/RUN/GAUSSIAN.sum

SumViz File:  /home/bruns/metodo_ts/QCISD/clch3f_ts/RUN/GAUSSIAN.sumviz

Wfn Title:   clch3f_ts-wavefunction                                                        
 
Total memory allocated for AIMSum =        1.289 Megabytes

Atomic units (a.u.) used throughout, except where stated otherwise

Model:  Unknown
 
Restricted, natural orbital wavefunction.
  Number of electrons (from MO Occs)                   =          35.9999993000
  Number of Alpha electrons (from MO Occs)             =          17.9999996500
  Number of Beta electrons (from MO Occs)              =          17.9999996500
  Number of electron pairs (N*(N-1)/2)                 =         629.9999751500
  Number of electron pairs (from Muller 2EDM)          =         629.9999751500
  Number of electron pairs (from Muller 2EDM, no SOSI) =         630.4346635904
 
Nuclear Charges and Cartesian Coordinates:
-------------------------------------------------------------------------------
Atom      Charge                X                  Y                  Z
-------------------------------------------------------------------------------
C1         6.0           3.3070000000E-04   5.4800000000E-05  -9.4053370000E-01
H2         1.0           3.5900000000E-05  -1.9890690400E+00  -1.1918994000E+00
H3         1.0          -1.7221301000E+00   9.9468570000E-01  -1.1739829100E+00
H4         1.0           1.7229578000E+00   9.9424539000E-01  -1.1745970700E+00
Cl5       17.0           1.0488000000E-03   1.8179200000E-03   3.1080665900E+00
F6         9.0          -3.5149000000E-04  -1.7404400000E-03  -4.9009442500E+00
 
Some Atomic Properties:
----------------------
  q(A) = Net Charge of Atom A
  L(A) = Lagrangian of Atom A = -(1/4) Times Atomic Integral of the Laplacian of the Electron Density
  K(A) = Electronic Kinetic Energy of Atom A (Hamiltonian Form)
  K_Scaled(A) = K(A) * E(Mol)/K(Mol) = Approximation to Virial-Based Total Energy of Atom A.
  |Mu_Intra(A)| = Magnitude of Intraatomic Dipole Moment of Atom A
--------------------------------------------------------------------------------------------------
Atom A          q(A)              L(A)              K(A)          K_Scaled(A)      |Mu_Intra(A)|
--------------------------------------------------------------------------------------------------
C1        2.2465085750E-01  1.9150719239E-04  3.7794779352E+01 -3.7802721169E+01  2.4586962136E-02
H2        9.2851157400E-02  3.0684016213E-05  6.1386212782E-01 -6.1399111867E-01  1.4508345066E-01
H3        9.1412214600E-02  2.1063216604E-05  6.1531939526E-01 -6.1544869232E-01  1.4493687377E-01
H4        9.1409336300E-02  2.9699133364E-05  6.1532892525E-01 -6.1545822432E-01  1.4491460627E-01
Cl5      -6.4082060700E-01  7.7057299497E-06  4.5981341639E+02 -4.5991003699E+02  1.6685590137E-01
F6       -8.5919307890E-01  1.1573849420E-05  9.9740595526E+01 -9.9761554018E+01  1.0576034882E-01
--------------------------------------------------------------------------------------------------
Total    -9.9969012010E-01  2.9223313794E-04  5.9919330172E+02 -5.9931921021E+02
 
1st Largest |L(A)| = 1.9150719239E-04, atom C1      
2nd Largest |L(A)| = 3.0684016213E-05, atom H2      
 
Molecular charge q(Mol) from the wfn file:  -9.9999930000E-01
Molecular energy E(Mol) from the wfn file:  -5.9931918693E+02
Molecular virial ratio (-V(Mol)/T(Mol)) from the wfn file:   2.0002101300E+00
Note.  K_Scaled(A) = (1+V(Mol)/T(Mol))*K(A) = (E(Mol)/T(Mol))*K(A)
       Only use K_Scaled(A) data with caution.
 
N_AIMInt(SumA)     =         35.999690
N_Analytic(Mol)    =         35.999999
 
G_AIMInt(SumA)     =        599.193009
G_Analytic(Mol)    =        599.193274
 
K_AIMInt(SumA)     =        599.193302
K_Analytic(Mol)    =        599.193274
 
L_AIMInt(SumA)     =          0.000292
L_Analytic(Mol)    =          0.000000
 
VenT_AIMInt(SumA)  =      -1604.159535
VenT_Analytic(Mol) =      -1604.162595
 
Some Information About the Atomic Calculations:
----------------------------------------------
  Time(sec) = "Elapsed User Time", in Seconds, for Atom A by AIMInt and, if used, by TWOe
  NProc = Number of Processors Used for AIMInt Job
  BIM = Basin Integration Method
  OAQ = Angular Quadrature Outside of Beta Sphere
  ORQ = Multiple of Default for Radial Quadrature Outside of Beta Sphere
  IAQ = Multiple of Default for Angular Quadrature Inside of Beta Sphere
  IRQ = Multiple of Default for Radial Quadrature Inside of Beta Sphere
  MIR = Maximum Integration Radius
------------------------------------------------------------------------------------------------------
Atom A     Time(sec)   NProc      BIM          OAQ                     ORQ      IAQ      IRQ      MIR
------------------------------------------------------------------------------------------------------
C1             84        8     Proaim(5)    4500(GS4)                  1.00     1.00     1.00    13.00
H2             18        8     Proaim(5)    1800(GS4)                  1.00     1.00     1.00    13.00
H3             13        8     Proaim(5)    1800(GS4)                  1.00     1.00     1.00    13.00
H4             18        8     Proaim(5)    1800(GS4)                  1.00     1.00     1.00    13.00
Cl5            33        8     Proaim(5)    3150(GS4)                  1.00     1.00     1.00    13.00
F6             34        8     Proaim(5)    2700(GS4)                  1.00     1.00     1.00    13.00
------------------------------------------------------------------------------------------------------
Total         200
Note:  Total wall clock time is less than total of atomic times if more than one atom
       was calculated at a time
 
Electron Density Critical Point Analysis of Molecular Structure:               
---------------------------------------------------------------                
  NACP = Nuclear Attractor Critical Point                                      
  NNACP = Non-Nuclear Attractor Critical Point                                 
  BCP = Bond Critical Point                                                    
  RCP = Ring Critical Point                                                    
  CCP = Cage Critical Point                                                    
  Rho = Electron Density                                                       
  GradRho = Gradient of Electron Density                                       
  HessRho_EigVals = Eigenvalues of the Hessian of Rho, Ascending Order         
  HessRho_EigVecs = Eigenvectors of the Hessian of Rho                         
  DelSqRho = Laplacian of Rho = Trace of Hessian of Rho                        
  Bond Ellipticity = (HessRho_EigVal(1) / HessRho_EigVal(2)) - 1               
  V = Virial Field = Potential Energy Density = Trace of Stress Tensor         
  G = Lagrangian Form of Kinetic Energy Density                                
  K = Hamiltonian Form of Kinetic Energy Density                               
  L = K - G = Lagrangian Density = (-1/4)DelSqRho                              
  Vnuc = Electrostatic Potential from Nuclei                                   
  Ven = Electron-nuclear attractive contribution to Virial Field V             
  Vrep = V - Ven = Repulsive contribution to Virial Field V                    
  DelSqV = Laplacian of V                                                      
  DelSqVen = Laplacian of Ven                                                  
  DelSqVrep = Laplacian of Vrep                                                
  DelSqG = Laplacian of G                                                      
  DelSqK = Laplacian of K                                                      
  Stress_EigVals = Eigenvalues of Stress Tensor, Ascending Order               
  Stress_EigVecs = Eigenvectors of Stress Tensor                               
  -DivStress = Ehrenfest Force Density = Minus Divergence of Stress Tensor     
  ESP = Total Electrostatic Potential                                          
  ESPe = Electrostatic Potential from Electrons                                
  ESPn = Electrostatic Potential from Nuclei                                   
  BP = Bond Path                                                               
  BPL = Bond Path Length                                                       
  GBL = Geometric Bond Length                                                  
  GBL_I = Distance Between Nuclear Attractors                                  
  GBL_II = Distance Between Nuclei                                             
  GBL_III = Sum of Distances Between BCP and Nuclear Attractors                
  GBL_IV = Sum of Distances Between BCP and Nuclei                             

CP# 1      Coords =  3.30700467483046E-04  5.47815019658129E-05 -9.40530801187077E-01
           Type = (3,-3) NACP C1
           Rho =  1.2140751215E+02     Rho at Nucleus =  1.2140751110E+02
           GradRho =  1.0571818056E-15 -3.6573361660E-16 -6.7072990704E-12
           HessRho_EigVals = -2.4893054516E+05 -2.4892344685E+05 -2.4892344302E+05
           HessRho_EigVec1 =  1.7716070866E-04 -3.1357401424E-03  9.9999506786E-01
           HessRho_EigVec2 = -2.6949015139E-03  9.9999145082E-01  3.1362062332E-03
           HessRho_EigVec3 =  9.9999635305E-01  2.6954438348E-03 -1.6870868322E-04
           DelSqRho = -7.4677743503E+05
           Bond Ellipticity = NA
           V = -1.8670787819E+05
           G =  6.7597170183E+00
           K =  1.8670111847E+05
           L =  1.8669435876E+05
           Vnuc =  2.0697785693E+06
           Ven = -2.5128666680E+08
           Vrep =  2.5109995892E+08
           DelSqV =  1.1231461218E+10
           DelSqVen =  1.5456639058E+12
           DelSqVrep = -1.5344324446E+12
           DelSqG =  3.8281427145E+08
           DelSqK = -1.1614275489E+10
           Stress_EigVals = -6.2236679634E+04 -6.2236677607E+04 -6.2234520951E+04
           Stress_EigVec1 =  9.9999910073E-01  1.3299362949E-03 -1.7263456396E-04
           Stress_EigVec2 = -1.3293462882E-03  9.9999342469E-01  3.3739323115E-03
           Stress_EigVec3 =  1.7712054387E-04 -3.3736997863E-03  9.9999429337E-01
           -DivStress = -1.7183277824E+00  6.8059960142E+01 -1.0655655172E+04
           ESP =  -1.4869252329E+01     ESP at Nucleus =  -1.4869252353E+01
           ESPe = -2.2838164676E+01     ESPe at Nucleus = -2.2838163616E+01
           ESPn =  7.9689123472E+00     ESPn at Nucleus =  7.9689112632E+00

CP# 2      Coords =  4.10653453695402E-05 -1.95543102540534E+00 -1.18652272573278E+00
           Type = (3,-3) NACP H2
           Rho =  4.4719991877E-01     Rho at Nucleus =  4.4234283328E-01
           GradRho =  3.1653902603E-19 -1.8197051218E-16 -1.6001365882E-16
           HessRho_EigVals = -8.9605732488E+00 -8.9471840246E+00 -8.0079173463E+00
           HessRho_EigVec1 =  1.5311602157E-04 -1.4788771254E-01  9.8900414612E-01
           HessRho_EigVec2 =  9.9999997700E-01 -1.2590485302E-04 -1.7364517574E-04
           HessRho_EigVec3 =  1.5020040949E-04  9.8900414996E-01  1.4788768986E-01
           DelSqRho = -2.5915674620E+01
           Bond Ellipticity = NA
           V = -6.5066222446E+00
           G =  1.3851794854E-02
           K =  6.4927704498E+00
           L =  6.4789186549E+00
           Vnuc =  3.8731886141E+01
           Ven = -1.7320896336E+01
           Vrep =  1.0814274092E+01
           DelSqV =  1.6565015257E+03
           DelSqVen =  1.0037629586E+03
           DelSqVrep =  6.5273856701E+02
           DelSqG =  1.2654160947E+02
           DelSqK = -1.7830431351E+03
           Stress_EigVals = -2.2487093990E+00 -2.2463898620E+00 -2.0115229836E+00
           Stress_EigVec1 =  1.5143781691E-04 -1.4728492277E-01  9.8909409491E-01
           Stress_EigVec2 =  9.9999997727E-01 -1.2613012327E-04 -1.7188948939E-04
           Stress_EigVec3 =  1.5007129029E-04  9.8909409846E-01  1.4728490032E-01
           -DivStress = -2.7868708793E-03 -1.8148577679E+01 -2.9012982792E+00
           ESP =  -1.2606912040E+00     ESP at Nucleus =  -1.2625354272E+00
           ESPe = -1.0636939462E+01     ESPe at Nucleus = -1.0562134163E+01
           ESPn =  9.3762482580E+00     ESPn at Nucleus =  9.2995987363E+00

CP# 3      Coords = -1.69291373462969E+00  9.77820665815678E-01 -1.16897395003744E+00
           Type = (3,-3) NACP H3
           Rho =  4.4815666921E-01     Rho at Nucleus =  4.4327902774E-01
           GradRho =  4.5090334899E-13 -2.6090238604E-13  7.5636832354E-14
           HessRho_EigVals = -8.9790027904E+00 -8.9656541144E+00 -8.0223271591E+00
           HessRho_EigVec1 = -1.1838965684E-01  7.0072822234E-02  9.9049163991E-01
           HessRho_EigVec2 =  5.0014658732E-01  8.6593948903E-01 -1.4807202579E-03
           HessRho_EigVec3 =  8.5780958280E-01 -4.9521571151E-01  1.3756496186E-01
           DelSqRho = -2.5966984064E+01
           Bond Ellipticity = NA
           V = -6.5195909465E+00
           G =  1.3922465271E-02
           K =  6.5056684813E+00
           L =  6.4917460160E+00
           Vnuc =  3.8706099383E+01
           Ven = -1.7346396578E+01
           Vrep =  1.0826805631E+01
           DelSqV =  1.6596198498E+03
           DelSqVen =  1.0050806659E+03
           DelSqVrep =  6.5453918398E+02
           DelSqG =  1.2677534222E+02
           DelSqK = -1.7863951921E+03
           Stress_EigVals = -2.2533640127E+00 -2.2510684427E+00 -2.0151584911E+00
           Stress_EigVec1 = -1.1755157333E-01  7.0262928439E-02  9.9057798708E-01
           Stress_EigVec2 =  5.0019270353E-01  8.6591166149E-01 -2.0624825743E-03
           Stress_EigVec3 =  8.5789794670E-01 -4.9523743334E-01  1.3693428231E-01
           -DivStress = -1.5793890041E+01  9.1169224043E+00 -2.7079409480E+00
           ESP =  -1.2607742961E+00     ESP at Nucleus =  -1.2626588777E+00
           ESPe = -1.0645206503E+01     ESPe at Nucleus = -1.0570228559E+01
           ESPn =  9.3844322067E+00     ESPn at Nucleus =  9.3075696818E+00

CP# 4      Coords =  1.69373882155436E+00  9.77387751162819E-01 -1.16957761983560E+00
           Type = (3,-3) NACP H4
           Rho =  4.4815792258E-01     Rho at Nucleus =  4.4328023439E-01
           GradRho = -4.5232754383E-13 -2.6067094792E-13  7.7437121765E-14
           HessRho_EigVals = -8.9790266653E+00 -8.9656777704E+00 -8.0223425551E+00
           HessRho_EigVec1 =  1.1875935085E-01  7.0047179122E-02  9.9044919571E-01
           HessRho_EigVec2 = -4.9992686074E-01  8.6606664040E-01 -1.3070187160E-03
           HessRho_EigVec3 =  8.5788656039E-01  4.9499693644E-01 -1.3787197837E-01
           DelSqRho = -2.5967046991E+01
           Bond Ellipticity = NA
           V = -6.5196069032E+00
           G =  1.3922577750E-02
           K =  6.5056843254E+00
           L =  6.4917617477E+00
           Vnuc =  3.8706008918E+01
           Ven = -1.7346404548E+01
           Vrep =  1.0826797645E+01
           DelSqV =  1.6596233858E+03
           DelSqVen =  1.0050807524E+03
           DelSqVrep =  6.5454263343E+02
           DelSqG =  1.2677560954E+02
           DelSqK = -1.7863989954E+03
           Stress_EigVals = -2.2533700713E+00 -2.2510744386E+00 -2.0151623934E+00
           Stress_EigVec1 =  1.1792048191E-01  7.0238990299E-02  9.9053583690E-01
           Stress_EigVec2 = -4.9997336297E-01  8.6603871877E-01 -1.8904770450E-03
           Stress_EigVec3 =  8.5797517229E-01  4.9501860756E-01 -1.3724132726E-01
           -DivStress =  1.5795340179E+01  9.1129462505E+00 -2.7136183838E+00
           ESP =  -1.2607748944E+00     ESP at Nucleus =  -1.2626595479E+00
           ESPe = -1.0645223841E+01     ESPe at Nucleus = -1.0570245563E+01
           ESPn =  9.3844489463E+00     ESPn at Nucleus =  9.3075860155E+00

CP# 5      Coords =  1.04879998645742E-03  1.81791977300595E-03  3.10806651404849E+00
           Type = (3,-3) NACP Cl5
           Rho =  3.1725884230E+03     Rho at Nucleus =  3.1725884226E+03
           GradRho =  8.8997438153E-12  1.0288218001E-11  2.8973772715E-08
           HessRho_EigVals = -1.3891683916E+08 -1.3891661485E+08 -1.3891661476E+08
           HessRho_EigVec1 =  1.7784689360E-04  2.8561837929E-03  9.9999590528E-01
           HessRho_EigVec2 =  1.3700592560E-04  9.9999591164E-01 -2.8562081773E-03
           HessRho_EigVec3 =  9.9999997480E-01 -1.3751333235E-04 -1.7745485240E-04
           DelSqRho = -4.1675006876E+08
           Bond Ellipticity = NA
           V = -1.0421596311E+08
           G =  1.4222961977E+04
           K =  1.0420174015E+08
           L =  1.0418751719E+08
           Vnuc =  2.2382600381E+08
           Ven = -7.1010778845E+11
           Vrep =  7.1000357248E+11
           DelSqV =  3.3656988692E+14
           DelSqVen =  9.3279577203E+16
           DelSqVrep = -9.2942972957E+16
           DelSqG =  4.5632236495E+12
           DelSqK = -3.4113311057E+14
           Stress_EigVals = -3.4738673171E+07 -3.4738673149E+07 -3.4738616796E+07
           Stress_EigVec1 =  9.9999997485E-01 -1.3711863888E-04 -1.7745814656E-04
           Stress_EigVec2 =  1.3661111770E-04  9.9999590999E-01 -2.8568076851E-03
           Stress_EigVec3 =  1.7784914233E-04  2.8567833705E-03  9.9999590357E-01
           -DivStress =  1.5087132385E+03  2.5271266661E+04  8.4614258968E+06
           ESP =  -6.4638162777E+01     ESP at Nucleus =  -6.4638162778E+01
           ESPe = -6.7878536157E+01     ESPe at Nucleus = -6.7878536110E+01
           ESPn =  3.2403733796E+00     ESPn at Nucleus =  3.2403733319E+00

CP# 6      Coords = -3.51489880845707E-04 -1.74043812693060E-03 -4.90094354227429E+00
           Type = (3,-3) NACP F6
           Rho =  4.3109857218E+02     Rho at Nucleus =  4.3109857167E+02
           GradRho =  1.3841306421E-12  2.2436985180E-11  8.9894749405E-09
           HessRho_EigVals = -2.0428397569E+06 -2.0428271982E+06 -2.0428271869E+06
           HessRho_EigVec1 =  1.6776337529E-04  4.0256339471E-03  9.9999188303E-01
           HessRho_EigVec2 =  9.9999983552E-01 -5.4914086658E-04 -1.6555405138E-04
           HessRho_EigVec3 =  5.4846994921E-04  9.9999174632E-01 -4.0257254107E-03
           DelSqRho = -6.1284941419E+06
           Bond Ellipticity = NA
           V = -1.5324324582E+06
           G =  1.5446135825E+02
           K =  1.5322779968E+06
           L =  1.5321235355E+06
           Vnuc =  1.2716750684E+07
           Ven = -5.4821730628E+09
           Vrep =  5.4806406303E+09
           DelSqV =  2.1792661813E+11
           DelSqVen =  7.7934547173E+13
           DelSqVrep = -7.7716620555E+13
           DelSqG =  7.2617646894E+09
           DelSqK = -2.2518838282E+11
           Stress_EigVals = -5.1081185398E+05 -5.1081185102E+05 -5.1080875320E+05
           Stress_EigVec1 =  5.5368225142E-04  9.9999154663E-01 -4.0743231257E-03
           Stress_EigVec2 =  9.9999983266E-01 -5.5436093580E-04 -1.6544853880E-04
           Stress_EigVec3 =  1.6770578578E-04  4.0742308380E-03  9.9999168622E-01
           -DivStress = -8.4939578164E+00 -1.3347982448E+02 -5.0450929125E+04
           ESP =  -2.6928656482E+01     ESP at Nucleus =  -2.6928656485E+01
           ESPe = -3.1277321785E+01     ESPe at Nucleus = -3.1277321224E+01
           ESPn =  4.3486653033E+00     ESPn at Nucleus =  4.3486647398E+00

CP# 7      Coords =  1.38035520035998E-04 -1.31386775850660E+00 -1.09357267335944E+00
           Type = (3,-1) BCP C1 H2
           Rho =  3.1650250306E-01
           GradRho = -3.1025144978E-17 -6.0100803188E-14  4.7136045659E-14
           HessRho_EigVals = -9.6681559554E-01 -9.2563997783E-01  5.1167721215E-01
           HessRho_EigVec1 =  1.5689089538E-04 -1.3974433503E-01  9.9018760657E-01
           HessRho_EigVec2 =  9.9999997658E-01 -1.2569075085E-04 -1.7618425130E-04
           HessRho_EigVec3 =  1.4907817479E-04  9.9018761103E-01  1.3974431203E-01
           DelSqRho = -1.3807783612E+00
           Bond Ellipticity =  4.4483404660E-02
           V = -4.3323324346E-01
           G =  4.4019326577E-02
           K =  3.8921391688E-01
           L =  3.4519459030E-01
           Vnuc =  1.2791527335E+01
           Ven = -4.0485504194E+00
           Vrep =  3.6153171760E+00
           DelSqV = -2.5126311773E+00
           DelSqVen =  1.7662264151E+01
           DelSqVrep = -2.0174895328E+01
           DelSqG =  1.8919250606E+00
           DelSqK =  6.2070611673E-01
           Stress_EigVals = -2.7303227145E-01 -2.6718143550E-01  1.0698046349E-01
           Stress_EigVec1 =  9.9999997604E-01 -1.2518030873E-04 -1.7957360384E-04
           Stress_EigVec2 =  1.6071496300E-04 -1.3710497574E-01  9.9055651015E-01
           Stress_EigVec3 =  1.4861860435E-04  9.9055651528E-01  1.3710495234E-01
           -DivStress = -4.8164979822E-06 -2.1121796777E-02 -1.3510186649E-02
           ESP =   7.4844208433E-01
           ESPe = -1.2043085250E+01
           ESPn =  1.2791527335E+01
           BPL =  1.9713660907E+00 =  1.3231013264E+00 +  6.4826476428E-01                
           GBL_I =  1.9708974737E+00                                                      
           GBL_II =  2.0049435037E+00                                                     
           GBL_III =  1.9710670977E+00 =  1.3228054630E+00 +  6.4826163474E-01            
           GBL_IV =  2.0051283290E+00 =  1.3228051460E+00 +  6.8232318305E-01             

CP# 8      Coords = -1.13663278009005E+00  6.56650357641722E-01 -1.08250796725923E+00
           Type = (3,-1) BCP C1 H3
           Rho =  3.1738251327E-01
           GradRho = -7.8067708526E-16  5.5009770572E-16  2.5247295397E-17
           HessRho_EigVals = -9.7008234412E-01 -9.2875093023E-01  5.1098936602E-01
           HessRho_EigVec1 = -1.1308424948E-01  6.4192963104E-02  9.9150956425E-01
           HessRho_EigVec2 =  4.9992429898E-01  8.6606858863E-01  9.4608788951E-04
           HessRho_EigVec3 =  8.5865455674E-01 -4.9578671148E-01  1.3003033842E-01
           DelSqRho = -1.3878439083E+00
           Bond Ellipticity =  4.4502150729E-02
           V = -4.3552750112E-01
           G =  4.4283262018E-02
           K =  3.9124423910E-01
           L =  3.4696097708E-01
           Vnuc =  1.2803420842E+01
           Ven = -4.0635818853E+00
           Vrep =  3.6280543842E+00
           DelSqV = -2.5087376615E+00
           DelSqVen =  1.7769149621E+01
           DelSqVrep = -2.0277887283E+01
           DelSqG =  1.9007568596E+00
           DelSqK =  6.0798080193E-01
           Stress_EigVals = -2.7411739710E-01 -2.6818992123E-01  1.0677981721E-01
           Stress_EigVec1 =  4.9956660895E-01  8.6626720618E-01  3.7855939724E-03
           Stress_EigVec2 = -1.1223524028E-01  6.0390438488E-02  9.9184486982E-01
           Stress_EigVec3 =  8.5897407066E-01 -4.9591745527E-01  1.2739475460E-01
           -DivStress = -1.7057567143E-02  9.7877348605E-03 -1.2261185618E-02
           ESP =   7.5108213239E-01
           ESPe = -1.2052338710E+01
           ESPn =  1.2803420842E+01
           BPL =  1.9689865474E+00 =  1.3208517417E+00 +  6.4813480571E-01                
           GBL_I =  1.9685754021E+00                                                      
           GBL_II =  2.0026633188E+00                                                     
           GBL_III =  1.9687233508E+00 =  1.3205912397E+00 +  6.4813211109E-01            
           GBL_IV =  2.0028245071E+00 =  1.3205909185E+00 +  6.8223358863E-01             

CP# 9      Coords =  2.13667180275570E-05 -4.23851004690573E-03 -2.75764016386800E+00
           Type = (3,-1) BCP C1 F6
           Rho =  4.6128145254E-02
           GradRho =  4.3936649487E-18  3.6831872870E-19  6.9349102501E-17
           HessRho_EigVals = -3.8453349583E-02 -3.7975038226E-02  2.3509726020E-01
           HessRho_EigVec1 =  9.9999974776E-01 -6.8799020126E-04 -1.7649783911E-04
           HessRho_EigVec2 =  6.8835034287E-04  9.9999766469E-01  2.0486066659E-03
           HessRho_EigVec3 =  1.7508800563E-04 -2.0487276415E-03  9.9999788603E-01
           DelSqRho =  1.5866887239E-01
           Bond Ellipticity =  1.2595414773E-02
           V = -4.4983447924E-02
           G =  4.2325333011E-02
           K =  2.6581149128E-03
           L = -3.9667218098E-02
           Vnuc =  1.1581010786E+01
           Ven = -5.3421054774E-01
           Vrep =  4.8922709982E-01
           DelSqV = -3.9623531964E-01
           DelSqVen = -1.8375459226E+00
           DelSqVrep =  1.4413106030E+00
           DelSqG =  2.8772193138E-01
           DelSqK =  1.0851338826E-01
           Stress_EigVals = -2.4704222180E-02 -2.4693481431E-02  4.4142556874E-03
           Stress_EigVec1 =  7.2456127073E-04  9.9999934742E-01 -8.8327710078E-04
           Stress_EigVec2 =  9.9999972276E-01 -7.2471267954E-04 -1.7110910552E-04
           Stress_EigVec3 =  1.7174911597E-04  8.8315287687E-04  9.9999959527E-01
           -DivStress =  3.4844620089E-06  2.1895703123E-05  2.0368217332E-02
           ESP =  -1.8195746340E-02
           ESPe = -1.1599206533E+01
           ESPn =  1.1581010786E+01
           BPL =  3.9605541430E+00 =  1.8172491599E+00 +  2.1433049831E+00                
           GBL_I =  3.9604132067E+00                                                      
           GBL_II =  3.9604110156E+00                                                     
           GBL_III =  3.9604193275E+00 =  1.8171144609E+00 +  2.1433048666E+00            
           GBL_IV =  3.9604171365E+00 =  1.8171115621E+00 +  2.1433055743E+00             

CP# 10     Coords =  6.26058736781369E-04  8.18024363790236E-04  7.24703359884332E-01
           Type = (3,-1) BCP Cl5 C1
           Rho =  8.0716900696E-02
           GradRho = -1.4998458363E-18  6.2361608830E-19 -5.8947968947E-17
           HessRho_EigVals = -8.4854903135E-02 -8.4562227920E-02  2.0938877765E-01
           HessRho_EigVec1 =  1.3866489163E-04  9.9999971000E-01  7.4884188529E-04
           HessRho_EigVec2 =  9.9999997471E-01 -1.3853223716E-04 -1.7719512846E-04
           HessRho_EigVec3 =  1.7709133833E-04 -7.4886643709E-04  9.9999970392E-01
           DelSqRho =  3.9971646600E-02
           Bond Ellipticity =  3.4610631990E-03
           V = -6.9039242597E-02
           G =  3.9516077123E-02
           K =  2.9523165473E-02
           L = -9.9929116499E-03
           Vnuc =  1.3424996247E+01
           Ven = -1.0836240889E+00
           Vrep =  1.0145848463E+00
           DelSqV = -4.3970214615E-01
           DelSqVen = -5.3661920560E-01
           DelSqVrep =  9.6917059449E-02
           DelSqG =  2.9760503573E-01
           DelSqK =  1.4209711042E-01
           Stress_EigVals = -4.1852251630E-02 -4.1837141636E-02  1.4650150669E-02
           Stress_EigVec1 =  9.9999997730E-01  1.1758808076E-04 -1.7766583683E-04
           Stress_EigVec2 = -1.1780187436E-04  9.9999926847E-01 -1.2038157717E-03
           Stress_EigVec3 =  1.7752415247E-04  1.2038366737E-03  9.9999925963E-01
           -DivStress = -7.3260441943E-06 -6.9923384048E-06 -4.1260123915E-02
           ESP =   1.7970269570E-01
           ESPe = -1.3245293552E+01
           ESPn =  1.3424996247E+01
           BPL =  4.0486234637E+00 =  2.3833635931E+00 +  1.6652598706E+00                
           GBL_I =  4.0485977628E+00                                                      
           GBL_II =  4.0486007376E+00                                                     
           GBL_III =  4.0485977636E+00 =  2.3833634014E+00 +  1.6652343622E+00            
           GBL_IV =  4.0486007383E+00 =  2.3833634774E+00 +  1.6652372610E+00             

CP# 11     Coords =  1.13740810740253E+00  6.56359900243681E-01 -1.08291285481973E+00
           Type = (3,-1) BCP H4 C1
           Rho =  3.1738403973E-01
           GradRho =  6.4493980367E-16  2.9879759744E-16 -1.3487326556E-16
           HessRho_EigVals = -9.7008922924E-01 -9.2875736546E-01  5.1098971727E-01
           HessRho_EigVec1 =  1.1345373938E-01  6.4166300477E-02  9.9146907915E-01
           HessRho_EigVec2 = -4.9970351478E-01  8.6619578498E-01  1.1222269506E-03
           HessRho_EigVec3 =  8.5873432815E-01  4.9556790449E-01 -1.3033727672E-01
           DelSqRho = -1.3878568774E+00
           Bond Ellipticity =  4.4502326788E-02
           V = -4.3553137465E-01
           G =  4.4283577644E-02
           K =  3.9124779700E-01
           L =  3.4696421936E-01
           Vnuc =  1.2803440122E+01
           Ven = -4.0636075484E+00
           Vrep =  3.6280761737E+00
           DelSqV = -2.5087510206E+00
           DelSqVen =  1.7769342429E+01
           DelSqVrep = -2.0278093449E+01
           DelSqG =  1.9007741633E+00
           DelSqK =  6.0797685725E-01
           Stress_EigVals = -2.7411934035E-01 -2.6819187653E-01  1.0677984223E-01
           Stress_EigVec1 = -4.9934434865E-01  8.6639454101E-01  3.9649449049E-03
           Stress_EigVec2 =  1.1260553182E-01  6.0361050913E-02  9.9180468729E-01
           Stress_EigVec3 =  8.5905483857E-01  4.9569854029E-01 -1.2770176771E-01
           -DivStress =  1.7057206135E-02  9.7839884656E-03 -1.2268108492E-02
           ESP =   7.5108631749E-01
           ESPe = -1.2052353805E+01
           ESPn =  1.2803440122E+01
           BPL =  1.9689825459E+00 =  6.4813348885E-01 +  1.3208490571E+00                
           GBL_I =  1.9685713712E+00                                                      
           GBL_II =  2.0026594109E+00                                                     
           GBL_III =  1.9687193322E+00 =  6.4813079396E-01 +  1.3205885383E+00            
           GBL_IV =  2.0028206128E+00 =  6.8223239589E-01 +  1.3205882170E+00             

Number of NACPs  =      6
Number of NNACPs =      0
Number of BCPs   =      5
Number of RCPs   =      0
Number of CCPs   =      0
NumNACP + NumNNACP - NumBCP + NumRCP - NumCCP =      1
Poincare-Hopf Relationship is Satisfied

Bond Path Angles and Corresponding Geometric Bond Angles:
--------------------------------------------------------
  BPA     = A-B-C Bond Path Angle
  GBA_I   = A-B-C Geometric Bond Angle in Terms of Nuclear Attractors
  GBA_II  = A-B-C Geometric Bond Angle in Terms of Nuclei
  GBA_III = A-B-C Geometric Bond Angle in Terms of A|B and C|B BCPs and Nuclear Attractor B
  GBA_IV  = A-B-C Geometric Bond Angle in Terms of A|B and C|B BCPs and Nucleus B
-------------------------------------------------------------------------------------------------
Atom A    Atom B    Atom C        BPA          GBA_I         GBA_II       GBA_III       GBA_IV
-------------------------------------------------------------------------------------------------
H3        C1        H2        119.30026825  118.56744508  118.55448184  118.77005435  118.77010110
F6        C1        H2         83.81547370   82.80411995   82.77173247   83.22091737   83.22104138
F6        C1        H3         85.95999141   83.34054425   83.31028923   83.88745179   83.88757718
Cl5       C1        H2         95.45574608   97.19486037   97.22724726   96.66997089   96.66984540
Cl5       C1        H3         94.40656592   96.66021963   96.69047495   96.16748191   96.16735726
Cl5       C1        F6        179.27121745  179.99893896  179.99893840  179.89088745  179.89088597
H4        C1        H2        119.30022580  118.56727082  118.55430553  118.76991383  118.76996059
H4        C1        H3        119.35952405  118.67346882  118.66178955  118.85683135  118.85687854
H4        C1        F6         85.95685478   83.33992963   83.30967306   83.88663397   83.88675936
H4        C1        Cl5        94.40651649   96.66032616   96.69058303   96.16756789   96.16744324

Total time for electron density critical point search, analysis and connectivity = 257 sec (NProc = 8)             
 
Virial-Based Atomic Energy Components:
-------------------------------------
  Ee(A) = E(A) - W(A) = -T(A)
        = Contribution of Atom A to Electronic Energy of Molecule.
          Not additive to give molecular Ee unless molecular electronic virial theorem is satisfied.
  T(A) = Electronic Kinetic Energy of Atom A (Hamiltonian Form)
  Ven(A) = Ven(A,Mol) = VenT(A)
         = Attraction Energy Between Electron Density Distribution of Atom A and Nuclei of Molecule
  VenO(A) = Ven(A,A)
          = Attraction Energy Between Electron Density Distribution of Atom A and Nucleus of Atom A
  Vee(A) = Vee(A,A) + Vee(A,A')/2
         = Two-Electron Interaction Energy of Atom A with Itself Plus Half of Two-Electron Interaction Energy
           Between Atom A and Other Atoms of Molecule
  Vnn(A) - W(A) = Contribution of Atom A to the Nuclear Repulsion Energy of Molecule Minus
                  the Nuclear Virial of Energy-Gradient-Based Forces on Nuclei of Molecule.
                  Calculation of Vnn(A) - W(A) assumes satisfaction of the atomic virial theorem:
                       2T(A) + Ven(A) + Vee(A) + Vnn(A) - W(A) = 0
See "2EDM Note" and "DFT Note".
--------------------------------------------------------------------------------------------------------------------
Atom A         Ee(A)              T(A)             Ven(A)           VenO(A)            Vee(A)        Vnn(A) - W(A)
--------------------------------------------------------------------------------------------------------------------
C1       -3.7794779352E+01  3.7794779352E+01 -1.3439395863E+02 -8.8874253241E+01
H2       -6.1386212782E-01  6.1386212782E-01 -9.2718798616E+00 -1.2203502105E+00
H3       -6.1531939526E-01  6.1531939526E-01 -9.2939717207E+00 -1.2226209946E+00
H4       -6.1532892525E-01  6.1532892525E-01 -9.2940595052E+00 -1.2226297850E+00
Cl5      -4.5981341639E+02  4.5981341639E+02 -1.1562269946E+03 -1.0993316104E+03
F6       -9.9740595526E+01  9.9740595526E+01 -2.8567867091E+02 -2.4296204480E+02
--------------------------------------------------------------------------------------------------------------------
Total    -5.9919330172E+02  5.9919330172E+02 -1.6041595352E+03 -1.4348335094E+03
 
More Virial-Based Atomic Energy Components:
------------------------------------------
  E(A) = Ee(A) + W(A)
       = T(A) + Ven(A) + Vee(A) + Vnn(A) = Contribution of Atom A to Total Energy E of Molecule
         Not additive to give molecular E unless molecular virial theorem is satisfied.
  Ee(A) = E(A) - W(A) = Contribution of Atom A to Electronic Energy of Molecule
          Not additive to give molecular Ee unless molecular virial theorem is satisfied.
  W(A) = Contribution of Atom A to Nuclear Virial of Energy-Gradient-Based Forces on Nuclei of Molecule
  Vnn(A) = Contribution of Atom A to Nuclear Repulsion Energy of Molecule
           Calculation of Vnn(A) assumes satisfaction of the atomic virial theorem:
                2T(A) + Ven(A) + Vee(A) + Vnn(A) - W(A) = 0
  VeeC(A) = Coulomb Part of Vee(A)
  VeeX(A) = Exchange-Correlation Part of Vee(A)
See "2EDM Note" and "DFT Note".
--------------------------------------------------------------------------------------------------------------------
Atom A          E(A)             Ee(A)              W(A)             Vnn(A)           VeeC(A)           VeeX(A)
--------------------------------------------------------------------------------------------------------------------
C1                         -3.7794779352E+01
H2                         -6.1386212782E-01
H3                         -6.1531939526E-01
H4                         -6.1532892525E-01
Cl5                        -4.5981341639E+02
F6                         -9.9740595526E+01
--------------------------------------------------------------------------------------------------------------------
Total                      -5.9919330172E+02
 
IQA Atomic Energy Components:
----------------------------
  E_IQA(A) = Contribution of Atom A to Total Energy E of Molecule, Using IQA Additive Atomic Energy Definition
           = T(A) + Vne(A,Mol)/2 + Ven(A,Mol)/2 + Vee(A) + Vnn(A,Mol)/2
  T(A) = Electronic Kinetic Energy of Atom A (Hamiltonian Form)
  Vne(A,Mol)/2 = Half of Attraction Energy Between Nucleus of Atom A and Electron Density Distribution of Molecule
  Ven(A,Mol)/2 = Half of Attraction Energy Between Electron Density Distribution of Atom A and Nuclei of Molecule
  Vee(A) = Vee(A,A) + Vee(A,A')/2
         = Two-Electron Interaction Energy of Atom A with Itself Plus Half of Two-Electron Interaction Energy
           Between Atom A and Other Atoms of Molecule
  Vnn(A,Mol)/2 = Vnn(A,A')/2 = Half of Repulsion Energy Between Nucleus of Atom A and Other Nuclei of Molecule
  VeeC(A) = Coulomb Part of Vee(A)
  VeeX(A) = Exchange-Correlation Part of Vee(A)
See "2EDM Note" and "DFT Note".
--------------------------------------------------------------------------------------------------------------------------------------------------------
Atom A        E_IQA(A)            T(A)          Vne(A,Mol)/2      Ven(A,Mol)/2         Vee(A)         Vnn(A,Mol)/2        VeeC(A)           VeeX(A)
--------------------------------------------------------------------------------------------------------------------------------------------------------
C1                          3.7794779352E+01 -6.8514490849E+01 -6.7196979317E+01                    2.3906733790E+01
H2                          6.1386212782E-01 -5.2810670816E+00 -4.6359399308E+00                    4.6497993681E+00
H3                          6.1531939526E-01 -5.2851142791E+00 -4.6469858603E+00                    4.6537848409E+00
H4                          6.1532892525E-01 -5.2851227825E+00 -4.6470297526E+00                    4.6537930078E+00
Cl5                         4.5981341639E+02 -5.7696755693E+02 -5.7811349731E+02                    2.7543173321E+01
F6                          9.9740595526E+01 -1.4074794551E+02 -1.4283933545E+02                    1.9568991329E+01
--------------------------------------------------------------------------------------------------------------------------------------------------------
Total                       5.9919330172E+02 -8.0208129743E+02 -8.0207976762E+02                    8.4976275657E+01
 
More IQA Atomic Energy Components:
---------------------------------
  Vneen(A) = Vne(A,Mol)/2 + Ven(A,Mol)/2
  V_IQA(A) = Vne(A,Mol)/2 + Ven(A,Mol)/2 + Vee(A,A) + Vee(A,A')/2 + Vnn(A,A')/2
           = VC_IQA(A) + VX_IQA(A) = Potential Energy Contribution to E_IQA(A)
           = E_IQA(A) - T(A)
  VC_IQA(A) = Vne(A,Mol)/2 + Ven(A,Mol)/2 + VeeC(A,A) + VeeC(A,A')/2 + Vnn(A,A')/2
            = Coulomb Potential Energy Contribution to E_IQA(A)
            = E_IQA(A) - T(A) - VeeX(A)
  VX_IQA(A) = VeeX(A,A) + VeeX(A,A')/2
            = Exchange-Correlation Energy Contribution to E_IQA(A)
            = E_IQA(A) - T(A) - VC_IQA(A)
See "2EDM Note" and "DFT Note".
--------------------------------------------------------------------------------
Atom A        Vneen(A)          V_IQA(A)         VC_IQA(A)         VX_IQA(A)
--------------------------------------------------------------------------------
C1       -1.3571147017E+02
H2       -9.9170070124E+00
H3       -9.9321001394E+00
H4       -9.9321525351E+00
Cl5      -1.1550810542E+03
F6       -2.8358728096E+02
--------------------------------------------------------------------------------
Total    -1.6041610651E+03
 
IQA Intraatomic ("Self") Energy Components:
------------------------------------------
  E_IQA_Intra(A) = T(A) + Vne(A,A) + Vee(A,A)
                 = Intraatomic ("Self") Contribution to E_IQA(A)
  T(A) = Electronic Kinetic Energy of Atom A (Hamiltonian Form)
  Vne(A,A) = Attraction Energy Between Electron Density Distribution of Atom A and Nucleus of Atom A
  Vee(A,A) = Two-electron Interaction Energy of Atom A With Itself
  VeeC(A,A) = Coulomb Part of Vee(A,A)
