AIMSum (Version 17.11.14, Professional)
Copyright (c) 1997-2017 by Todd A. Keith
AIMSum is a component of the AIMAll package ( http://aim.tkgristmill.com )

TP:  64-bit Linux

Much of the Quantum Theory of Atoms in Molecules (QTAIM) is described in the book:
  "Atoms in Molecules - A Quantum Theory"
  R.F.W. Bader, Oxford University Press, Oxford, 1990

For additional references see:  http://aim.tkgristmill.com/references.html

Wfn File:  /home/bruns/metodo_ts/QCISD/clch3f_ts/RUN/GAUSSIAN.wfn
Sum File:  /home/bruns/metodo_ts/QCISD/clch3f_ts/RUN/GAUSSIAN.sum

SumViz File:  /home/bruns/metodo_ts/QCISD/clch3f_ts/RUN/GAUSSIAN.sumviz

Wfn Title:   clch3f_ts-wavefunction                                                        
 
Total memory allocated for AIMSum =        1.289 Megabytes

Atomic units (a.u.) used throughout, except where stated otherwise

Model:  Unknown
 
Restricted, natural orbital wavefunction.
  Number of electrons (from MO Occs)                   =          35.9999994000
  Number of Alpha electrons (from MO Occs)             =          17.9999997000
  Number of Beta electrons (from MO Occs)              =          17.9999997000
  Number of electron pairs (N*(N-1)/2)                 =         629.9999787000
  Number of electron pairs (from Muller 2EDM)          =         629.9999787000
  Number of electron pairs (from Muller 2EDM, no SOSI) =         630.4345248274
 
Nuclear Charges and Cartesian Coordinates:
-------------------------------------------------------------------------------
Atom      Charge                X                  Y                  Z
-------------------------------------------------------------------------------
C1         6.0           3.3070000000E-04   5.4800000000E-05  -9.4053370000E-01
H2         1.0           3.5900000000E-05  -1.9890690400E+00  -1.1730021400E+00
H3         1.0          -1.7221301000E+00   9.9468570000E-01  -1.1739829100E+00
H4         1.0           1.7229578000E+00   9.9424539000E-01  -1.1556998100E+00
Cl5       17.0           1.0488000000E-03   1.8179200000E-03   3.1080665900E+00
F6         9.0          -3.5149000000E-04  -1.7404400000E-03  -4.9009442500E+00
 
Some Atomic Properties:
----------------------
  q(A) = Net Charge of Atom A
  L(A) = Lagrangian of Atom A = -(1/4) Times Atomic Integral of the Laplacian of the Electron Density
  K(A) = Electronic Kinetic Energy of Atom A (Hamiltonian Form)
  K_Scaled(A) = K(A) * E(Mol)/K(Mol) = Approximation to Virial-Based Total Energy of Atom A.
  |Mu_Intra(A)| = Magnitude of Intraatomic Dipole Moment of Atom A
--------------------------------------------------------------------------------------------------
Atom A          q(A)              L(A)              K(A)          K_Scaled(A)      |Mu_Intra(A)|
--------------------------------------------------------------------------------------------------
C1        2.2712823050E-01  1.2128762931E-04  3.7795912432E+01 -3.7803581223E+01  2.3767841516E-02
H2        9.1825892570E-02  3.0420683193E-05  6.1511121923E-01 -6.1523602530E-01  1.4483367307E-01
H3        9.1821473230E-02  2.0975626886E-05  6.1510560501E-01 -6.1523040994E-01  1.4484958417E-01
H4        9.0463234710E-02  2.9701671371E-05  6.1649784883E-01 -6.1662293624E-01  1.4467754875E-01
Cl5      -6.4226235200E-01  7.8067499264E-06  4.5981543745E+02 -4.5990873400E+02  1.6895495695E-01
F6       -8.5874896650E-01  1.1769156681E-05  9.9739517751E+01 -9.9759754899E+01  1.0407570890E-01
--------------------------------------------------------------------------------------------------
Total    -9.9977248749E-01  2.2196151737E-04  5.9919758231E+02 -5.9931915949E+02
 
1st Largest |L(A)| = 1.2128762931E-04, atom C1      
2nd Largest |L(A)| = 3.0420683193E-05, atom H2      
 
Molecular charge q(Mol) from the wfn file:  -9.9999940000E-01
Molecular energy E(Mol) from the wfn file:  -5.9931913406E+02
Molecular virial ratio (-V(Mol)/T(Mol)) from the wfn file:   2.0002029000E+00
Note.  K_Scaled(A) = (1+V(Mol)/T(Mol))*K(A) = (E(Mol)/T(Mol))*K(A)
       Only use K_Scaled(A) data with caution.
 
N_AIMInt(SumA)     =         35.999772
N_Analytic(Mol)    =         35.999999
 
G_AIMInt(SumA)     =        599.197360
G_Analytic(Mol)    =        599.197555
 
K_AIMInt(SumA)     =        599.197582
K_Analytic(Mol)    =        599.197555
 
L_AIMInt(SumA)     =          0.000222
L_Analytic(Mol)    =          0.000000
 
VenT_AIMInt(SumA)  =      -1604.196155
VenT_Analytic(Mol) =      -1604.198284
 
Some Information About the Atomic Calculations:
----------------------------------------------
  Time(sec) = "Elapsed User Time", in Seconds, for Atom A by AIMInt and, if used, by TWOe
  NProc = Number of Processors Used for AIMInt Job
  BIM = Basin Integration Method
  OAQ = Angular Quadrature Outside of Beta Sphere
  ORQ = Multiple of Default for Radial Quadrature Outside of Beta Sphere
  IAQ = Multiple of Default for Angular Quadrature Inside of Beta Sphere
  IRQ = Multiple of Default for Radial Quadrature Inside of Beta Sphere
  MIR = Maximum Integration Radius
------------------------------------------------------------------------------------------------------
Atom A     Time(sec)   NProc      BIM          OAQ                     ORQ      IAQ      IRQ      MIR
------------------------------------------------------------------------------------------------------
C1             84        8     Proaim(5)    4500(GS4)                  1.00     1.00     1.00    13.00
H2             14        8     Proaim(5)    1800(GS4)                  1.00     1.00     1.00    13.00
H3             17        8     Proaim(5)    1800(GS4)                  1.00     1.00     1.00    13.00
H4             18        8     Proaim(5)    1800(GS4)                  1.00     1.00     1.00    13.00
Cl5            31        8     Proaim(5)    3150(GS4)                  1.00     1.00     1.00    13.00
F6             34        8     Proaim(5)    2700(GS4)                  1.00     1.00     1.00    13.00
------------------------------------------------------------------------------------------------------
Total         198
Note:  Total wall clock time is less than total of atomic times if more than one atom
       was calculated at a time
 
Electron Density Critical Point Analysis of Molecular Structure:               
---------------------------------------------------------------                
  NACP = Nuclear Attractor Critical Point                                      
  NNACP = Non-Nuclear Attractor Critical Point                                 
  BCP = Bond Critical Point                                                    
  RCP = Ring Critical Point                                                    
  CCP = Cage Critical Point                                                    
  Rho = Electron Density                                                       
  GradRho = Gradient of Electron Density                                       
  HessRho_EigVals = Eigenvalues of the Hessian of Rho, Ascending Order         
  HessRho_EigVecs = Eigenvectors of the Hessian of Rho                         
  DelSqRho = Laplacian of Rho = Trace of Hessian of Rho                        
  Bond Ellipticity = (HessRho_EigVal(1) / HessRho_EigVal(2)) - 1               
  V = Virial Field = Potential Energy Density = Trace of Stress Tensor         
  G = Lagrangian Form of Kinetic Energy Density                                
  K = Hamiltonian Form of Kinetic Energy Density                               
  L = K - G = Lagrangian Density = (-1/4)DelSqRho                              
  Vnuc = Electrostatic Potential from Nuclei                                   
  Ven = Electron-nuclear attractive contribution to Virial Field V             
  Vrep = V - Ven = Repulsive contribution to Virial Field V                    
  DelSqV = Laplacian of V                                                      
  DelSqVen = Laplacian of Ven                                                  
  DelSqVrep = Laplacian of Vrep                                                
  DelSqG = Laplacian of G                                                      
  DelSqK = Laplacian of K                                                      
  Stress_EigVals = Eigenvalues of Stress Tensor, Ascending Order               
  Stress_EigVecs = Eigenvectors of Stress Tensor                               
  -DivStress = Ehrenfest Force Density = Minus Divergence of Stress Tensor     
  ESP = Total Electrostatic Potential                                          
  ESPe = Electrostatic Potential from Electrons                                
  ESPn = Electrostatic Potential from Nuclei                                   
  BP = Bond Path                                                               
  BPL = Bond Path Length                                                       
  GBL = Geometric Bond Length                                                  
  GBL_I = Distance Between Nuclear Attractors                                  
  GBL_II = Distance Between Nuclei                                             
  GBL_III = Sum of Distances Between BCP and Nuclear Attractors                
  GBL_IV = Sum of Distances Between BCP and Nuclei                             

CP# 1      Coords =  3.30683992254815E-04  5.47917918363825E-05 -9.40530864234395E-01
           Type = (3,-3) NACP C1
           Rho =  1.2140998816E+02     Rho at Nucleus =  1.2140998715E+02
           GradRho = -5.9919249547E-15 -5.5369077401E-16 -1.5723659647E-12
           HessRho_EigVals = -2.4893585799E+05 -2.4892874494E+05 -2.4892874143E+05
           HessRho_EigVec1 = -2.9363351059E-03 -1.3618070963E-03  9.9999476170E-01
           HessRho_EigVec2 = -5.0369745780E-01  8.6388007238E-01 -3.0258810024E-04
           HessRho_EigVec3 =  8.6387513504E-01  5.0369570778E-01  3.2225801562E-03
           DelSqRho = -7.4679334436E+05
           Bond Ellipticity = NA
           V = -1.8671185916E+05
           G =  6.7615347962E+00
           K =  1.8670509763E+05
           L =  1.8669833609E+05
           Vnuc =  2.1157961235E+06
           Ven = -2.5687878230E+08
           Vrep =  2.5669207044E+08
           DelSqV =  1.1231700052E+10
           DelSqVen =  1.5800624579E+12
           DelSqVrep = -1.5688307578E+12
           DelSqG =  3.8282278564E+08
           DelSqK = -1.1614522838E+10
           Stress_EigVals = -6.2238008345E+04 -6.2238006457E+04 -6.2235844359E+04
           Stress_EigVec1 =  8.6503845126E-01  5.0169362237E-01  3.4622413828E-03
           Stress_EigVec2 = -5.0169572218E-01  8.6504411158E-01 -2.9556991191E-04
           Stress_EigVec3 = -3.1432770609E-03 -1.4813123521E-03  9.9999396274E-01
           -DivStress =  5.8896271144E+01  3.0203184070E+01 -1.0424025323E+04
           ESP =  -1.4869239133E+01     ESP at Nucleus =  -1.4869239156E+01
           ESPe = -2.2839248974E+01     ESPe at Nucleus = -2.2839247923E+01
           ESPn =  7.9700098405E+00     ESPn at Nucleus =  7.9700087673E+00

CP# 2      Coords =  4.56256075388565E-05 -1.95531831452125E+00 -1.16801985645898E+00
           Type = (3,-3) NACP H2
           Rho =  4.4811826604E-01     Rho at Nucleus =  4.4323776701E-01
           GradRho =  4.8384466145E-18  1.1017489101E-15 -5.0805577464E-16
           HessRho_EigVals = -8.9781475045E+00 -8.9648412373E+00 -8.0211136138E+00
           HessRho_EigVec1 =  1.1783026873E-03 -1.3671319473E-01  9.9060997067E-01
           HessRho_EigVec2 =  9.9999927511E-01 -8.4357887099E-05 -1.2011131572E-03
           HessRho_EigVec3 =  2.4777378101E-04  9.9061066786E-01  1.3671299623E-01
           DelSqRho = -2.5964102356E+01
           Bond Ellipticity = NA
           V = -6.5188450332E+00
           G =  1.3909722156E-02
           K =  6.5049353111E+00
           L =  6.4910255889E+00
           Vnuc =  3.8695833905E+01
           Ven = -1.7340309992E+01
           Vrep =  1.0821464959E+01
           DelSqV =  1.6593890234E+03
           DelSqVen =  1.0047025923E+03
           DelSqVrep =  6.5468643119E+02
           DelSqG =  1.2675825118E+02
           DelSqK = -1.7861472746E+03
           Stress_EigVals = -2.2531533782E+00 -2.2508461066E+00 -2.0148455485E+00
           Stress_EigVec1 =  1.6936885253E-03 -1.3610208600E-01  9.9069337012E-01
           Stress_EigVec2 =  9.9999852855E-01 -3.9552366847E-05 -1.7150303454E-03
           Stress_EigVec3 =  2.7260347517E-04  9.9069481710E-01  1.3610181874E-01
           -DivStress = -5.2909802054E-03 -1.8243074499E+01 -2.6931862281E+00
           ESP =  -1.2605144930E+00     ESP at Nucleus =  -1.2623984425E+00
           ESPe = -1.0645007300E+01     ESPe at Nucleus = -1.0569997952E+01
           ESPn =  9.3844928065E+00     ESPn at Nucleus =  9.3075995099E+00

CP# 3      Coords = -1.69290203156188E+00  9.77813876900082E-01 -1.16898418056674E+00
           Type = (3,-3) NACP H3
           Rho =  4.4811830207E-01     Rho at Nucleus =  4.4323783830E-01
           GradRho =  4.5652742908E-13 -2.6331033256E-13  7.7452200490E-14
           HessRho_EigVals = -8.9781488605E+00 -8.9648431724E+00 -8.0211207520E+00
           HessRho_EigVec1 = -1.1806054808E-01  6.9908785808E-02  9.9054251229E-01
           HessRho_EigVec2 =  5.0014855358E-01  8.6593831480E-01 -1.5030993580E-03
           HessRho_EigVec3 =  8.5785379368E-01 -4.9524094805E-01  1.3719793016E-01
           DelSqRho = -2.5964112785E+01
           Bond Ellipticity = NA
           V = -6.5188475525E+00
           G =  1.3909678137E-02
           K =  6.5049378743E+00
           L =  6.4910281962E+00
           Vnuc =  3.8695917361E+01
           Ven = -1.7340348785E+01
           Vrep =  1.0821501232E+01
           DelSqV =  1.6593901965E+03
           DelSqVen =  1.0047051627E+03
           DelSqVrep =  6.5468503386E+02
           DelSqG =  1.2675833686E+02
           DelSqK = -1.7861485334E+03
           Stress_EigVals = -2.2531536155E+00 -2.2508466088E+00 -2.0148473282E+00
           Stress_EigVec1 = -1.1727101906E-01  7.0053953616E-02  9.9062604028E-01
           Stress_EigVec2 =  5.0018767263E-01  8.6591466261E-01 -2.0221833872E-03
           Stress_EigVec3 =  8.5793927538E-01 -4.9526179002E-01  1.3658681892E-01
           -DivStress = -1.5798493883E+01  9.1195982081E+00 -2.7020762871E+00
           ESP =  -1.2605131598E+00     ESP at Nucleus =  -1.2623970886E+00
           ESPe = -1.0644975859E+01     ESPe at Nucleus = -1.0569966601E+01
           ESPn =  9.3844626995E+00     ESPn at Nucleus =  9.3075695123E+00

CP# 4      Coords =  1.69364952148420E+00  9.77330894007114E-01 -1.15107718677639E+00
           Type = (3,-3) NACP H4
           Rho =  4.4901276723E-01     Rho at Nucleus =  4.4411304446E-01
           GradRho = -4.8481356275E-13 -2.7990035454E-13  7.5799529789E-14
           HessRho_EigVals = -8.9953472913E+00 -8.9820895089E+00 -8.0345628170E+00
           HessRho_EigVec1 =  1.0955476863E-01  6.3578468027E-02  9.9194532666E-01
           HessRho_EigVec2 = -4.9988864041E-01  8.6608963511E-01 -3.0189953688E-04
           HessRho_EigVec3 =  8.5913276032E-01  4.9582912617E-01 -1.2666640353E-01
           DelSqRho = -2.6011999617E+01
           Bond Ellipticity = NA
           V = -6.5309558395E+00
           G =  1.3977967590E-02
           K =  6.5169778719E+00
           L =  6.5029999043E+00
           Vnuc =  3.8672378501E+01
           Ven = -1.7364391686E+01
           Vrep =  1.0833435847E+01
           DelSqV =  1.6622990798E+03
           DelSqVen =  1.0059458948E+03
           DelSqVrep =  6.5635318508E+02
           DelSqG =  1.2697616030E+02
           DelSqK = -1.7892752401E+03
           Stress_EigVals = -2.2575011702E+00 -2.2552155291E+00 -2.0182391401E+00
           Stress_EigVec1 =  1.0899818890E-01  6.3262899322E-02  9.9202681435E-01
           Stress_EigVec2 = -4.9988911574E-01  8.6608935905E-01 -3.0676152861E-04
           Stress_EigVec3 =  8.5920327443E-01  4.9586997056E-01 -1.2602660636E-01
           -DivStress =  1.5870743310E+01  9.1593787197E+00 -2.5030781479E+00
           ESP =  -1.2605814922E+00     ESP at Nucleus =  -1.2625032282E+00
           ESPe = -1.0653163664E+01     ESPe at Nucleus = -1.0577999058E+01
           ESPn =  9.3925821719E+00     ESPn at Nucleus =  9.3154958300E+00

CP# 5      Coords =  1.04879981698126E-03  1.81791986953553E-03  3.10806651464421E+00
           Type = (3,-3) NACP Cl5
           Rho =  3.1725872598E+03     Rho at Nucleus =  3.1725872594E+03
           GradRho = -1.4429939193E-11 -2.5912416728E-12 -2.6377027299E-08
           HessRho_EigVals = -1.3891678683E+08 -1.3891656407E+08 -1.3891656398E+08
           HessRho_EigVec1 =  2.2958927958E-03  1.6572650302E-03  9.9999599117E-01
           HessRho_EigVec2 = -5.0098199706E-01  8.6545765807E-01 -2.8409289285E-04
           HessRho_EigVec3 =  8.6545465941E-01  5.0097933646E-01 -2.8172579467E-03
           DelSqRho = -4.1674991488E+08
           Bond Ellipticity = NA
           V = -1.0421592488E+08
           G =  1.4223080176E+04
           K =  1.0420170180E+08
           L =  1.0418747872E+08
           Vnuc =  2.2559545343E+08
           Ven = -7.1572126142E+11
           Vrep =  7.1561704550E+11
           DelSqV =  3.3656976279E+14
           DelSqVen =  9.4017005908E+16
           DelSqVrep = -9.3680436145E+16
           DelSqG =  4.5632219646E+12
           DelSqK = -3.4113298475E+14
           Stress_EigVals = -3.4738660295E+07 -3.4738660272E+07 -3.4738604313E+07
           Stress_EigVec1 =  8.6545377117E-01  5.0098086691E-01 -2.8179718018E-03
           Stress_EigVec2 = -5.0098352865E-01  8.6545677149E-01 -2.8407494457E-04
           Stress_EigVec3 =  2.2965166658E-03  1.6576111890E-03  9.9999598916E-01
           -DivStress =  2.0374789312E+04  1.4526124221E+04  8.3951130213E+06
           ESP =  -6.4638601608E+01     ESP at Nucleus =  -6.4638601609E+01
           ESPe = -6.7880512676E+01     ESPe at Nucleus = -6.7880512629E+01
           ESPn =  3.2419110678E+00     ESPn at Nucleus =  3.2419110205E+00

CP# 6      Coords = -3.51488531625284E-04 -1.74043888527418E-03 -4.90094353352548E+00
           Type = (3,-3) NACP F6
           Rho =  4.3109931572E+02     Rho at Nucleus =  4.3109931520E+02
           GradRho =  1.7847114986E-11  1.3614568223E-11  7.8892764189E-09
           HessRho_EigVals = -2.0428435485E+06 -2.0428308475E+06 -2.0428308362E+06
           HessRho_EigVec1 =  3.2349054995E-03  2.2418220781E-03  9.9999225478E-01
           HessRho_EigVec2 =  8.6690081981E-01  4.9846523224E-01 -3.9218429678E-03
           HessRho_EigVec3 = -4.9847016360E-01  8.6690679227E-01 -3.3094947626E-04
           DelSqRho = -6.1285052321E+06
           Bond Ellipticity = NA
           V = -1.5324352169E+06
           G =  1.5445444019E+02
           K =  1.5322807625E+06
           L =  1.5321263080E+06
           Vnuc =  1.2561470236E+07
           Ven = -5.4152412231E+09
           Vrep =  5.4137087879E+09
           DelSqV =  2.1792701246E+11
           DelSqVen =  7.6983044145E+13
           DelSqVrep = -7.6765117133E+13
           DelSqG =  7.2617784100E+09
           DelSqK = -2.2518879087E+11
           Stress_EigVals = -5.1081278545E+05 -5.1081278251E+05 -5.1080964895E+05
           Stress_EigVec1 = -4.9846000892E-01  8.6691263098E-01 -3.3128824371E-04
           Stress_EigVec2 =  8.6690650394E-01  4.9845496903E-01 -3.9695429129E-03
           Stress_EigVec3 =  3.2761146192E-03  2.2658543290E-03  9.9999206646E-01
           -DivStress = -1.0462673462E+02 -7.9436962850E+01 -5.1074122490E+04
           ESP =  -2.6928327836E+01     ESP at Nucleus =  -2.6928327839E+01
           ESPe = -3.1275124816E+01     ESPe at Nucleus = -3.1275124249E+01
           ESPn =  4.3467969796E+00     ESPn at Nucleus =  4.3467964096E+00

CP# 7      Coords =  1.83688990239756E-04 -1.31308965597770E+00 -1.08215461522800E+00
           Type = (3,-1) BCP C1 H2
           Rho =  3.1741237012E-01
           GradRho =  2.6988123285E-19 -3.5248528858E-14  2.3229698183E-14
           HessRho_EigVals = -9.7035186791E-01 -9.2913974295E-01  5.1122366185E-01
           HessRho_EigVec1 = -1.2609449442E-03 -1.2907193246E-01  9.9163443177E-01
           HessRho_EigVec2 =  9.9999918865E-01 -3.4212770768E-04  1.2270498056E-03
           HessRho_EigVec3 =  1.8088792536E-04  9.9163517445E-01  1.2907225915E-01
           DelSqRho = -1.3882679490E+00
           Bond Ellipticity =  4.4355141711E-02
           V = -4.3551760682E-01
           G =  4.4225309783E-02
           K =  3.9129229703E-01
           L =  3.4706698725E-01
           Vnuc =  1.2803207067E+01
           Ven = -4.0638963002E+00
           Vrep =  3.6283786934E+00
           DelSqV = -2.5120977832E+00
           DelSqVen =  1.7774282015E+01
           DelSqVrep = -2.0286379799E+01
           DelSqG =  1.9011343056E+00
           DelSqK =  6.1096347754E-01
           Stress_EigVals = -2.7414088887E-01 -2.6823097569E-01  1.0685425775E-01
           Stress_EigVec1 =  9.9999142179E-01 -7.4820284787E-04  4.0738859271E-03
           Stress_EigVec2 = -4.1358025667E-03 -1.2648142203E-01  9.9196035456E-01
           Stress_EigVec3 =  2.2691667700E-04  9.9196869410E-01  1.2648343147E-01
           -DivStress = -5.5048648722E-05 -2.0461393831E-02 -1.2076340866E-02
           ESP =   7.5136783861E-01
           ESPe = -1.2051839228E+01
           ESPn =  1.2803207067E+01
           BPL =  1.9689474680E+00 =  1.3210014334E+00 +  6.4794603452E-01                
           GBL_I =  1.9685617358E+00                                                      
           GBL_II =  2.0026620567E+00                                                     
           GBL_III =  1.9687027883E+00 =  1.3207594971E+00 +  6.4794329117E-01            
           GBL_IV =  2.0028159600E+00 =  1.3207592012E+00 +  6.8205675880E-01             

CP# 8      Coords = -1.13675047681819E+00  6.56719115726111E-01 -1.08280368614340E+00
           Type = (3,-1) BCP C1 H3
           Rho =  3.1741169829E-01
           GradRho = -3.1014549892E-16  3.3211090649E-16 -1.0395618579E-16
           HessRho_EigVals = -9.7034724800E-01 -9.2913525211E-01  5.1122072111E-01
           HessRho_EigVec1 = -1.1267003244E-01  6.3968234940E-02  9.9157124238E-01
           HessRho_EigVec2 =  4.9992405066E-01  8.6606874569E-01  9.3343772620E-04
           HessRho_EigVec3 =  8.5870915179E-01 -4.9581548247E-01  1.2955925280E-01
           DelSqRho = -1.3882617790E+00
           Bond Ellipticity =  4.4355217164E-02
           V = -4.3551621438E-01
           G =  4.4225384814E-02
           K =  3.9129082956E-01
           L =  3.4706544475E-01
           Vnuc =  1.2803185782E+01
           Ven = -4.0638809426E+00
           Vrep =  3.6283647283E+00
           DelSqV = -2.5120576906E+00
           DelSqVen =  1.7774173471E+01
           DelSqVrep = -2.0286231161E+01
           DelSqG =  1.9011247014E+00
           DelSqK =  6.1093298921E-01
           Stress_EigVals = -2.7414003340E-01 -2.6822974011E-01  1.0685355914E-01
           Stress_EigVec1 =  4.9956649613E-01  8.6626724812E-01  3.7908802490E-03
           Stress_EigVec2 = -1.1187062740E-01  6.0173862385E-02  9.9189922321E-01
           Stress_EigVec3 =  8.5902169860E-01 -4.9594370761E-01  1.2697070614E-01
           -DivStress = -1.7734846713E-02  1.0177202467E-02 -1.2083472612E-02
           ESP =   7.5136741835E-01
           ESPe = -1.2051818364E+01
           ESPn =  1.2803185782E+01
           BPL =  1.9689487504E+00 =  1.3210004277E+00 +  6.4794832267E-01                
           GBL_I =  1.9685631245E+00                                                      
           GBL_II =  2.0026633188E+00                                                     
           GBL_III =  1.9687041338E+00 =  1.3207585534E+00 +  6.4794558037E-01            
           GBL_IV =  2.0028171746E+00 =  1.3207582577E+00 +  6.8205891695E-01             

CP# 9      Coords = -2.84110784891959E-03 -2.43507628529485E-03 -2.75687335954774E+00
           Type = (3,-1) BCP C1 F6
           Rho =  4.6123450681E-02
           GradRho =  5.6395292227E-19  2.2064335581E-18 -7.0244746378E-17
           HessRho_EigVals = -3.8706418567E-02 -3.8239660701E-02  2.3449234781E-01
           HessRho_EigVec1 =  8.6706956298E-01  4.9818293197E-01  2.0345123441E-03
           HessRho_EigVec2 = -4.9818342755E-01  8.6707161614E-01 -2.9154501381E-04
           HessRho_EigVec3 = -1.9093106560E-03 -7.6077052524E-04  9.9999788788E-01
           DelSqRho =  1.5754626854E-01
           Bond Ellipticity =  1.2206119433E-02
           V = -4.4800597112E-02
           G =  4.2093582124E-02
           K =  2.7070149887E-03
           L = -3.9386567135E-02
           Vnuc =  1.1577862458E+01
           Ven = -5.3401096806E-01
           Vrep =  4.8921037095E-01
           DelSqV = -3.9556595149E-01
           DelSqVen = -1.8240490279E+00
           DelSqVrep =  1.4284830764E+00
           DelSqG =  2.8729709383E-01
           DelSqK =  1.0826885765E-01
           Stress_EigVals = -2.4679508165E-02 -2.4668470772E-02  4.5473818246E-03
           Stress_EigVec1 = -4.9864766667E-01  8.6680471195E-01 -3.0961723951E-04
           Stress_EigVec2 =  8.6680459937E-01  4.9864731598E-01 -8.0048471473E-04
           Stress_EigVec3 =  5.3947411711E-04  6.6753748246E-04  9.9999963168E-01
           -DivStress =  1.2786961732E-05  1.4733077508E-05  2.0478672607E-02
           ESP =  -1.7629177511E-02
           ESPe = -1.1595491635E+01
           ESPn =  1.1577862458E+01
           BPL =  3.9605424336E+00 =  1.8164705889E+00 +  2.1440718446E+00                
           GBL_I =  3.9604131349E+00                                                      
           GBL_II =  3.9604110156E+00                                                     
           GBL_III =  3.9604187032E+00 =  1.8163469713E+00 +  2.1440717319E+00            
           GBL_IV =  3.9604165839E+00 =  1.8163441355E+00 +  2.1440724484E+00             

CP# 10     Coords =  6.98906495838486E-04  8.21977642276256E-04  7.24483768257951E-01
           Type = (3,-1) BCP Cl5 C1
           Rho =  8.0607211647E-02
           GradRho =  2.7945921462E-18  2.1173040505E-18 -6.0186539122E-17
           HessRho_EigVals = -8.4397028032E-02 -8.4094427316E-02  2.0976633045E-01
           HessRho_EigVec1 = -4.9976918991E-01  8.6615857290E-01 -2.8879378002E-04
           HessRho_EigVec2 =  8.6615816759E-01  4.9976924166E-01  8.5662075766E-04
           HessRho_EigVec3 = -8.8629966141E-04 -1.7797157080E-04  9.9999959140E-01
           DelSqRho =  4.1274875103E-02
           Bond Ellipticity =  3.5983444487E-03
           V = -6.9173160001E-02
           G =  3.9745939388E-02
           K =  2.9427220613E-02
           L = -1.0318718776E-02
           Vnuc =  1.3428388422E+01
           Ven = -1.0824249476E+00
           Vrep =  1.0132517876E+00
           DelSqV = -4.4047379215E-01
           DelSqVen = -5.5425505495E-01
           DelSqVrep =  1.1378126280E-01
           DelSqG =  2.9792836894E-01
           DelSqK =  1.4254542321E-01
           Stress_EigVals = -4.1839497037E-02 -4.1824054583E-02  1.4490391619E-02
           Stress_EigVec1 =  8.6592296461E-01  5.0017605329E-01 -1.1554539301E-03
           Stress_EigVec2 = -5.0017665458E-01  8.6592334030E-01 -2.8799416666E-04
           Stress_EigVec3 =  8.5648674102E-04  8.2731184384E-04  9.9999929099E-01
           -DivStress =  7.6692924734E-07 -1.3246077364E-05 -4.1242088110E-02
           ESP =   1.7991512188E-01
           ESPe = -1.3248473300E+01
           ESPn =  1.3428388422E+01
           BPL =  4.0486257082E+00 =  2.3835831805E+00 +  1.6650425277E+00                
           GBL_I =  4.0485978265E+00                                                      
           GBL_II =  4.0486007376E+00                                                     
           GBL_III =  4.0485978301E+00 =  2.3835829801E+00 +  1.6650148500E+00            
           GBL_IV =  4.0486007412E+00 =  2.3835830555E+00 +  1.6650176857E+00             

CP# 11     Coords =  1.13680282873086E+00  6.55958309894481E-01 -1.07151265148362E+00
           Type = (3,-1) BCP H4 C1
           Rho =  3.1823400998E-01
           GradRho =  1.3239606491E-16  1.5192235962E-17 -8.9025940607E-17
           HessRho_EigVals = -9.7337878624E-01 -9.3203532858E-01  5.1055170956E-01
           HessRho_EigVec1 =  1.0346107259E-01  6.0051912973E-02  9.9281900375E-01
           HessRho_EigVec2 = -4.9988813324E-01  8.6608993073E-01 -2.9350234625E-04
           HessRho_EigVec3 =  8.5988816756E-01  4.9626807236E-01 -1.1962583187E-01
           DelSqRho = -1.3948624053E+00
           Bond Ellipticity =  4.4358251662E-02
           V = -4.3767052835E-01
           G =  4.4477463518E-02
           K =  3.9319306483E-01
           L =  3.4871560132E-01
           Vnuc =  1.2814651956E+01
           Ven = -4.0780580783E+00
           Vrep =  3.6403875499E+00
           DelSqV = -2.5081562028E+00
           DelSqVen =  1.7874676249E+01
           DelSqVrep = -2.0382832452E+01
           DelSqG =  1.9094001106E+00
           DelSqK =  5.9875609221E-01
           Stress_EigVals = -2.7515434609E-01 -2.6917500033E-01  1.0665881807E-01
           Stress_EigVec1 = -4.9988699341E-01  8.6609059220E-01 -2.8270107386E-04
           Stress_EigVec2 =  1.0122971407E-01  5.8751562337E-02  9.9312677887E-01
           Stress_EigVec3 =  8.6015436917E-01  4.9642254182E-01 -1.1704324486E-01
           -DivStress =  1.6497994296E-02  9.5182177771E-03 -1.0848758479E-02
           ESP =   7.5384047539E-01
           ESPe = -1.2060811480E+01
           ESPn =  1.2814651956E+01
           BPL =  1.9667334293E+00 =  6.4783649731E-01 +  1.3188969320E+00                
           GBL_I =  1.9663995065E+00                                                      
           GBL_II =  2.0005388049E+00                                                     
           GBL_III =  1.9665208461E+00 =  6.4783415495E-01 +  1.3186866912E+00            
           GBL_IV =  2.0006711983E+00 =  6.8198480670E-01 +  1.3186863916E+00             

Number of NACPs  =      6
Number of NNACPs =      0
Number of BCPs   =      5
Number of RCPs   =      0
Number of CCPs   =      0
NumNACP + NumNNACP - NumBCP + NumRCP - NumCCP =      1
Poincare-Hopf Relationship is Satisfied

Bond Path Angles and Corresponding Geometric Bond Angles:
--------------------------------------------------------
  BPA     = A-B-C Bond Path Angle
  GBA_I   = A-B-C Geometric Bond Angle in Terms of Nuclear Attractors
  GBA_II  = A-B-C Geometric Bond Angle in Terms of Nuclei
  GBA_III = A-B-C Geometric Bond Angle in Terms of A|B and C|B BCPs and Nuclear Attractor B
  GBA_IV  = A-B-C Geometric Bond Angle in Terms of A|B and C|B BCPs and Nucleus B
-------------------------------------------------------------------------------------------------
Atom A    Atom B    Atom C        BPA          GBA_I         GBA_II       GBA_III       GBA_IV
-------------------------------------------------------------------------------------------------
H3        C1        H2        119.71084149  118.67387944  118.66180707  118.86019521  118.86023866
F6        C1        H2         85.51656784   83.33804226   83.30812142   83.76585113   83.76597309
F6        C1        H3         87.31199036   83.34020487   83.31028923   83.76871797   83.76883993
Cl5       C1        H2         94.14883851   96.66093776   96.69085831   96.18200674   96.18188406
Cl5       C1        H3         92.36408159   96.66055960   96.69047495   96.18170056   96.18157789
Cl5       C1        F6        179.34088909  179.99893853  179.99893840  179.89824394  179.89824252
H4        C1        H2        119.50011241  118.77748486  118.76666851  118.94493415  118.94497798
H4        C1        H3        119.71705988  118.77775191  118.76694085  118.94512558  118.94516941
H4        C1        F6         86.84097379   83.87497389   83.84719246   84.42547308   84.42559636
H4        C1        Cl5        93.81810668   96.12528163   96.15306362   95.67627225   95.67615038

Total time for electron density critical point search, analysis and connectivity = 227 sec (NProc = 8)             
 
Virial-Based Atomic Energy Components:
-------------------------------------
  Ee(A) = E(A) - W(A) = -T(A)
        = Contribution of Atom A to Electronic Energy of Molecule.
          Not additive to give molecular Ee unless molecular electronic virial theorem is satisfied.
  T(A) = Electronic Kinetic Energy of Atom A (Hamiltonian Form)
  Ven(A) = Ven(A,Mol) = VenT(A)
         = Attraction Energy Between Electron Density Distribution of Atom A and Nuclei of Molecule
  VenO(A) = Ven(A,A)
          = Attraction Energy Between Electron Density Distribution of Atom A and Nucleus of Atom A
  Vee(A) = Vee(A,A) + Vee(A,A')/2
         = Two-Electron Interaction Energy of Atom A with Itself Plus Half of Two-Electron Interaction Energy
           Between Atom A and Other Atoms of Molecule
  Vnn(A) - W(A) = Contribution of Atom A to the Nuclear Repulsion Energy of Molecule Minus
                  the Nuclear Virial of Energy-Gradient-Based Forces on Nuclei of Molecule.
                  Calculation of Vnn(A) - W(A) assumes satisfaction of the atomic virial theorem:
                       2T(A) + Ven(A) + Vee(A) + Vnn(A) - W(A) = 0
See "2EDM Note" and "DFT Note".
--------------------------------------------------------------------------------------------------------------------
Atom A         Ee(A)              T(A)             Ven(A)           VenO(A)            Vee(A)        Vnn(A) - W(A)
--------------------------------------------------------------------------------------------------------------------
C1       -3.7795912432E+01  3.7795912432E+01 -1.3437827804E+02 -8.8870178513E+01
H2       -6.1511121923E-01  6.1511121923E-01 -9.2900017303E+00 -1.2222477831E+00
H3       -6.1510560501E-01  6.1510560501E-01 -9.2899837242E+00 -1.2222467643E+00
H4       -6.1649784883E-01  6.1649784883E-01 -9.3112878120E+00 -1.2243952215E+00
Cl5      -4.5981543745E+02  4.5981543745E+02 -1.1562712040E+03 -1.0993456568E+03
F6       -9.9739517751E+01  9.9739517751E+01 -2.8565539970E+02 -2.4295761979E+02
--------------------------------------------------------------------------------------------------------------------
Total    -5.9919758231E+02  5.9919758231E+02 -1.6041961550E+03 -1.4348423449E+03
 
More Virial-Based Atomic Energy Components:
------------------------------------------
  E(A) = Ee(A) + W(A)
       = T(A) + Ven(A) + Vee(A) + Vnn(A) = Contribution of Atom A to Total Energy E of Molecule
         Not additive to give molecular E unless molecular virial theorem is satisfied.
  Ee(A) = E(A) - W(A) = Contribution of Atom A to Electronic Energy of Molecule
          Not additive to give molecular Ee unless molecular virial theorem is satisfied.
  W(A) = Contribution of Atom A to Nuclear Virial of Energy-Gradient-Based Forces on Nuclei of Molecule
  Vnn(A) = Contribution of Atom A to Nuclear Repulsion Energy of Molecule
           Calculation of Vnn(A) assumes satisfaction of the atomic virial theorem:
                2T(A) + Ven(A) + Vee(A) + Vnn(A) - W(A) = 0
  VeeC(A) = Coulomb Part of Vee(A)
  VeeX(A) = Exchange-Correlation Part of Vee(A)
See "2EDM Note" and "DFT Note".
--------------------------------------------------------------------------------------------------------------------
Atom A          E(A)             Ee(A)              W(A)             Vnn(A)           VeeC(A)           VeeX(A)
--------------------------------------------------------------------------------------------------------------------
C1                         -3.7795912432E+01
H2                         -6.1511121923E-01
H3                         -6.1510560501E-01
H4                         -6.1649784883E-01
Cl5                        -4.5981543745E+02
F6                         -9.9739517751E+01
--------------------------------------------------------------------------------------------------------------------
Total                      -5.9919758231E+02
 
IQA Atomic Energy Components:
----------------------------
  E_IQA(A) = Contribution of Atom A to Total Energy E of Molecule, Using IQA Additive Atomic Energy Definition
           = T(A) + Vne(A,Mol)/2 + Ven(A,Mol)/2 + Vee(A) + Vnn(A,Mol)/2
  T(A) = Electronic Kinetic Energy of Atom A (Hamiltonian Form)
  Vne(A,Mol)/2 = Half of Attraction Energy Between Nucleus of Atom A and Electron Density Distribution of Molecule
  Ven(A,Mol)/2 = Half of Attraction Energy Between Electron Density Distribution of Atom A and Nuclei of Molecule
  Vee(A) = Vee(A,A) + Vee(A,A')/2
         = Two-Electron Interaction Energy of Atom A with Itself Plus Half of Two-Electron Interaction Energy
           Between Atom A and Other Atoms of Molecule
  Vnn(A,Mol)/2 = Vnn(A,A')/2 = Half of Repulsion Energy Between Nucleus of Atom A and Other Nuclei of Molecule
  VeeC(A) = Coulomb Part of Vee(A)
  VeeX(A) = Exchange-Correlation Part of Vee(A)
See "2EDM Note" and "DFT Note".
--------------------------------------------------------------------------------------------------------------------------------------------------------
Atom A        E_IQA(A)            T(A)          Vne(A,Mol)/2      Ven(A,Mol)/2         Vee(A)         Vnn(A,Mol)/2        VeeC(A)           VeeX(A)
--------------------------------------------------------------------------------------------------------------------------------------------------------
C1                          3.7795912432E+01 -6.8517743770E+01 -6.7189139019E+01                    2.3910026302E+01
H2                          6.1511121923E-01 -5.2849989761E+00 -4.6450008651E+00                    4.6537997550E+00
H3                          6.1510560501E-01 -5.2849833011E+00 -4.6449918621E+00                    4.6537847562E+00
H4                          6.1649784883E-01 -5.2889995285E+00 -4.6556439060E+00                    4.6577479150E+00
Cl5                         4.5981543745E+02 -5.7698435735E+02 -5.7813560201E+02                    2.7556243674E+01
F6                          9.9739517751E+01 -1.4073805912E+02 -1.4282769985E+02                    1.9560583843E+01
--------------------------------------------------------------------------------------------------------------------------------------------------------
Total                       5.9919758231E+02 -8.0209914205E+02 -8.0209807751E+02                    8.4992186245E+01
 
More IQA Atomic Energy Components:
---------------------------------
  Vneen(A) = Vne(A,Mol)/2 + Ven(A,Mol)/2
  V_IQA(A) = Vne(A,Mol)/2 + Ven(A,Mol)/2 + Vee(A,A) + Vee(A,A')/2 + Vnn(A,A')/2
           = VC_IQA(A) + VX_IQA(A) = Potential Energy Contribution to E_IQA(A)
           = E_IQA(A) - T(A)
  VC_IQA(A) = Vne(A,Mol)/2 + Ven(A,Mol)/2 + VeeC(A,A) + VeeC(A,A')/2 + Vnn(A,A')/2
            = Coulomb Potential Energy Contribution to E_IQA(A)
            = E_IQA(A) - T(A) - VeeX(A)
  VX_IQA(A) = VeeX(A,A) + VeeX(A,A')/2
            = Exchange-Correlation Energy Contribution to E_IQA(A)
            = E_IQA(A) - T(A) - VC_IQA(A)
See "2EDM Note" and "DFT Note".
--------------------------------------------------------------------------------
Atom A        Vneen(A)          V_IQA(A)         VC_IQA(A)         VX_IQA(A)
--------------------------------------------------------------------------------
C1       -1.3570688279E+02
H2       -9.9299998412E+00
H3       -9.9299751632E+00
H4       -9.9446434345E+00
Cl5      -1.1551199594E+03
F6       -2.8356575897E+02
--------------------------------------------------------------------------------
Total    -1.6041972196E+03
 
IQA Intraatomic ("Self") Energy Components:
------------------------------------------
  E_IQA_Intra(A) = T(A) + Vne(A,A) + Vee(A,A)
                 = Intraatomic ("Self") Contribution to E_IQA(A)
  T(A) = Electronic Kinetic Energy of Atom A (Hamiltonian Form)
  Vne(A,A) = Attraction Energy Between Electron Density Distribution of Atom A and Nucleus of Atom A
  Vee(A,A) = Two-electron Interaction Energy of Atom A With Itself
  VeeC(A,A) = Coulomb Part of Vee(A,A)
