AIMSum (Version 17.11.14, Professional)
Copyright (c) 1997-2017 by Todd A. Keith
AIMSum is a component of the AIMAll package ( http://aim.tkgristmill.com )

TP:  64-bit Linux

Much of the Quantum Theory of Atoms in Molecules (QTAIM) is described in the book:
  "Atoms in Molecules - A Quantum Theory"
  R.F.W. Bader, Oxford University Press, Oxford, 1990

For additional references see:  http://aim.tkgristmill.com/references.html

Wfn File:  /home/bruns/metodo_ts/QCISD/clch3f_ts/RUN/GAUSSIAN.wfn
Sum File:  /home/bruns/metodo_ts/QCISD/clch3f_ts/RUN/GAUSSIAN.sum

SumViz File:  /home/bruns/metodo_ts/QCISD/clch3f_ts/RUN/GAUSSIAN.sumviz

Wfn Title:   clch3f_ts-wavefunction                                                        
 
Total memory allocated for AIMSum =        1.289 Megabytes

Atomic units (a.u.) used throughout, except where stated otherwise

Model:  Unknown
 
Restricted, natural orbital wavefunction.
  Number of electrons (from MO Occs)                   =          36.0000002000
  Number of Alpha electrons (from MO Occs)             =          18.0000001000
  Number of Beta electrons (from MO Occs)              =          18.0000001000
  Number of electron pairs (N*(N-1)/2)                 =         630.0000071000
  Number of electron pairs (from Muller 2EDM)          =         630.0000071000
  Number of electron pairs (from Muller 2EDM, no SOSI) =         630.4341807616
 
Nuclear Charges and Cartesian Coordinates:
-------------------------------------------------------------------------------
Atom      Charge                X                  Y                  Z
-------------------------------------------------------------------------------
C1         6.0           3.3070000000E-04   5.4800000000E-05  -9.4053370000E-01
H2         1.0           3.5900000000E-05  -1.9890690400E+00  -1.1730021400E+00
H3         1.0          -1.7032328400E+00   9.9468570000E-01  -1.1739829100E+00
H4         1.0           1.7229578000E+00   9.9424539000E-01  -1.1745970700E+00
Cl5       17.0           1.0488000000E-03   1.8179200000E-03   3.1080665900E+00
F6         9.0          -3.5149000000E-04  -1.7404400000E-03  -4.9009442500E+00
 
Some Atomic Properties:
----------------------
  q(A) = Net Charge of Atom A
  L(A) = Lagrangian of Atom A = -(1/4) Times Atomic Integral of the Laplacian of the Electron Density
  K(A) = Electronic Kinetic Energy of Atom A (Hamiltonian Form)
  K_Scaled(A) = K(A) * E(Mol)/K(Mol) = Approximation to Virial-Based Total Energy of Atom A.
  |Mu_Intra(A)| = Magnitude of Intraatomic Dipole Moment of Atom A
--------------------------------------------------------------------------------------------------
Atom A          q(A)              L(A)              K(A)          K_Scaled(A)      |Mu_Intra(A)|
--------------------------------------------------------------------------------------------------
C1        2.3161748970E-01  4.5137174144E-05  3.7800586327E+01 -3.7807560535E+01  2.7875567576E-02
H2        9.1633416040E-02  3.0604148423E-05  6.1515377113E-01 -6.1526726700E-01  1.4473433545E-01
H3        8.6712735920E-02  2.1546742160E-05  6.2274091819E-01 -6.2285581389E-01  1.4507156277E-01
H4        9.0736954600E-02  2.9644339462E-05  6.1567195140E-01 -6.1578554288E-01  1.4489395360E-01
Cl5      -6.4155685000E-01  8.1779508060E-06  4.5981426837E+02 -4.5989910410E+02  1.6732148138E-01
F6       -8.5899818240E-01  1.1403694169E-05  9.9740023496E+01 -9.9758425531E+01  1.0479501743E-01
--------------------------------------------------------------------------------------------------
Total    -9.9985443614E-01  1.4651404916E-04  5.9920844483E+02 -5.9931899879E+02
 
1st Largest |L(A)| = 4.5137174144E-05, atom C1      
2nd Largest |L(A)| = 3.0604148423E-05, atom H2      
 
Molecular charge q(Mol) from the wfn file:  -1.0000002000E+00
Molecular energy E(Mol) from the wfn file:  -5.9931897350E+02
Molecular virial ratio (-V(Mol)/T(Mol)) from the wfn file:   2.0001845000E+00
Note.  K_Scaled(A) = (1+V(Mol)/T(Mol))*K(A) = (E(Mol)/T(Mol))*K(A)
       Only use K_Scaled(A) data with caution.
 
N_AIMInt(SumA)     =         35.999854
N_Analytic(Mol)    =         36.000000
 
G_AIMInt(SumA)     =        599.208298
G_Analytic(Mol)    =        599.208421
 
K_AIMInt(SumA)     =        599.208445
K_Analytic(Mol)    =        599.208421
 
L_AIMInt(SumA)     =          0.000147
L_Analytic(Mol)    =          0.000000
 
VenT_AIMInt(SumA)  =      -1604.258321
VenT_Analytic(Mol) =      -1604.259635
 
Some Information About the Atomic Calculations:
----------------------------------------------
  Time(sec) = "Elapsed User Time", in Seconds, for Atom A by AIMInt and, if used, by TWOe
  NProc = Number of Processors Used for AIMInt Job
  BIM = Basin Integration Method
  OAQ = Angular Quadrature Outside of Beta Sphere
  ORQ = Multiple of Default for Radial Quadrature Outside of Beta Sphere
  IAQ = Multiple of Default for Angular Quadrature Inside of Beta Sphere
  IRQ = Multiple of Default for Radial Quadrature Inside of Beta Sphere
  MIR = Maximum Integration Radius
------------------------------------------------------------------------------------------------------
Atom A     Time(sec)   NProc      BIM          OAQ                     ORQ      IAQ      IRQ      MIR
------------------------------------------------------------------------------------------------------
C1             78        8     Proaim(5)    4500(GS4)                  1.00     1.00     1.00    13.00
H2             17        8     Proaim(5)    1800(GS4)                  1.00     1.00     1.00    13.00
H3             17        8     Proaim(5)    1800(GS4)                  1.00     1.00     1.00    13.00
H4             14        8     Proaim(5)    1800(GS4)                  1.00     1.00     1.00    13.00
Cl5            32        8     Proaim(5)    3150(GS4)                  1.00     1.00     1.00    13.00
F6             29        8     Proaim(5)    2700(GS4)                  1.00     1.00     1.00    13.00
------------------------------------------------------------------------------------------------------
Total         187
Note:  Total wall clock time is less than total of atomic times if more than one atom
       was calculated at a time
 
Electron Density Critical Point Analysis of Molecular Structure:               
---------------------------------------------------------------                
  NACP = Nuclear Attractor Critical Point                                      
  NNACP = Non-Nuclear Attractor Critical Point                                 
  BCP = Bond Critical Point                                                    
  RCP = Ring Critical Point                                                    
  CCP = Cage Critical Point                                                    
  Rho = Electron Density                                                       
  GradRho = Gradient of Electron Density                                       
  HessRho_EigVals = Eigenvalues of the Hessian of Rho, Ascending Order         
  HessRho_EigVecs = Eigenvectors of the Hessian of Rho                         
  DelSqRho = Laplacian of Rho = Trace of Hessian of Rho                        
  Bond Ellipticity = (HessRho_EigVal(1) / HessRho_EigVal(2)) - 1               
  V = Virial Field = Potential Energy Density = Trace of Stress Tensor         
  G = Lagrangian Form of Kinetic Energy Density                                
  K = Hamiltonian Form of Kinetic Energy Density                               
  L = K - G = Lagrangian Density = (-1/4)DelSqRho                              
  Vnuc = Electrostatic Potential from Nuclei                                   
  Ven = Electron-nuclear attractive contribution to Virial Field V             
  Vrep = V - Ven = Repulsive contribution to Virial Field V                    
  DelSqV = Laplacian of V                                                      
  DelSqVen = Laplacian of Ven                                                  
  DelSqVrep = Laplacian of Vrep                                                
  DelSqG = Laplacian of G                                                      
  DelSqK = Laplacian of K                                                      
  Stress_EigVals = Eigenvalues of Stress Tensor, Ascending Order               
  Stress_EigVecs = Eigenvectors of Stress Tensor                               
  -DivStress = Ehrenfest Force Density = Minus Divergence of Stress Tensor     
  ESP = Total Electrostatic Potential                                          
  ESPe = Electrostatic Potential from Electrons                                
  ESPn = Electrostatic Potential from Nuclei                                   
  BP = Bond Path                                                               
  BPL = Bond Path Length                                                       
  GBL = Geometric Bond Length                                                  
  GBL_I = Distance Between Nuclear Attractors                                  
  GBL_II = Distance Between Nuclei                                             
  GBL_III = Sum of Distances Between BCP and Nuclear Attractors                
  GBL_IV = Sum of Distances Between BCP and Nuclei                             

CP# 1      Coords =  3.30811492061337E-04  5.47419881319832E-05 -9.40530814414299E-01
           Type = (3,-3) NACP C1
           Rho =  1.2141159885E+02     Rho at Nucleus =  1.2141159781E+02
           GradRho = -4.2789021745E-15 -2.9459497322E-16 -2.9987598859E-12
           HessRho_EigVals = -2.4893904458E+05 -2.4893193951E+05 -2.4893187622E+05
           HessRho_EigVec1 = -1.0703815650E-03  1.2048010964E-03  9.9999870137E-01
           HessRho_EigVec2 =  4.5642282329E-01  8.8976281445E-01 -5.8344139617E-04
           HessRho_EigVec3 =  8.8976236190E-01 -4.5642160606E-01  1.5022844317E-03
           DelSqRho = -7.4680286031E+05
           Bond Ellipticity = NA
           V = -1.8671426806E+05
           G =  6.7764897354E+00
           K =  1.8670749157E+05
           L =  1.8670071508E+05
           Vnuc =  2.0773390952E+06
           Ven = -2.5221306091E+08
           Vrep =  2.5202634664E+08
           DelSqV =  1.1231843099E+10
           DelSqVen =  1.5513627443E+12
           DelSqVrep = -1.5401309094E+12
           DelSqG =  3.8282752400E+08
           DelSqK = -1.1614670623E+10
           Stress_EigVals = -6.2238822896E+04 -6.2238802306E+04 -6.2236642855E+04
           Stress_EigVec1 =  8.5307512297E-01 -5.2178621920E-01  1.4057112080E-03
           Stress_EigVec2 =  5.2178727670E-01  8.5307548300E-01 -5.0811521910E-04
           Stress_EigVec3 = -9.3405024864E-04  1.1669426761E-03  9.9999888290E-01
           -DivStress = -4.1014234635E+02  2.1343752496E+02 -1.0607415165E+04
           ESP =  -1.4870355040E+01     ESP at Nucleus =  -1.4870355063E+01
           ESPe = -2.2843915327E+01     ESPe at Nucleus = -2.2843914268E+01
           ESPn =  7.9735602878E+00     ESPn at Nucleus =  7.9735592048E+00

CP# 2      Coords =  3.03087349259303E-05 -1.95532294929037E+00 -1.16801486280136E+00
           Type = (3,-3) NACP H2
           Rho =  4.4807771374E-01     Rho at Nucleus =  4.4319878403E-01
           GradRho =  2.0416605507E-17  6.2394462669E-16  9.8169247391E-16
           HessRho_EigVals = -8.9771673822E+00 -8.9638068694E+00 -8.0204396927E+00
           HessRho_EigVec1 =  4.1259271147E-04 -1.3690522208E-01  9.9058406505E-01
           HessRho_EigVec2 =  9.9999991292E-01  1.1861701685E-04 -4.0012089886E-04
           HessRho_EigVec3 = -6.2721486223E-05  9.9058414388E-01  1.3690525910E-01
           DelSqRho = -2.5961413944E+01
           Bond Ellipticity = NA
           V = -6.5181592768E+00
           G =  1.3902895384E-02
           K =  6.5042563815E+00
           L =  6.4903534861E+00
           Vnuc =  3.8699955944E+01
           Ven = -1.7340587781E+01
           Vrep =  1.0822428504E+01
           DelSqV =  1.6592249109E+03
           DelSqVen =  1.0047055759E+03
           DelSqVrep =  6.5451933502E+02
           DelSqG =  1.2674302587E+02
           DelSqK = -1.7859679368E+03
           Stress_EigVals = -2.2529022821E+00 -2.2505907228E+00 -2.0146662719E+00
           Stress_EigVec1 = -4.6446927753E-04 -1.3626960210E-01  9.9067168114E-01
           Stress_EigVec2 =  9.9999988498E-01  5.5192962455E-05  4.7643468177E-04
           Stress_EigVec3 = -1.1960166941E-04  9.9067178848E-01  1.3626956079E-01
           -DivStress =  3.1492288929E-03 -1.8238643471E+01 -2.6955966005E+00
           ESP =  -1.2606184371E+00     ESP at Nucleus =  -1.2625000928E+00
           ESPe = -1.0645919763E+01     ESPe at Nucleus = -1.0570898043E+01
           ESPn =  9.3853013259E+00     ESPn at Nucleus =  9.3083979499E+00

CP# 3      Coords = -1.67376149063630E+00  9.77445634010670E-01 -1.16889003394031E+00
           Type = (3,-3) NACP H3
           Rho =  4.5386095904E-01     Rho at Nucleus =  4.4880954912E-01
           GradRho =  6.2105796172E-13 -3.6314176383E-13  1.0589737423E-13
           HessRho_EigVals = -9.0879977369E+00 -9.0743694126E+00 -8.0992756465E+00
           HessRho_EigVec1 = -1.1882586381E-01  7.0792602847E-02  9.9038821755E-01
           HessRho_EigVec2 =  5.0495062381E-01  8.6314751149E-01 -1.1139721813E-03
           HessRho_EigVec3 =  8.5492998638E-01 -4.9996477956E-01  1.3831101762E-01
           DelSqRho = -2.6261642796E+01
           Bond Ellipticity = NA
           V = -6.5941332991E+00
           G =  1.4361300050E-02
           K =  6.5797719991E+00
           L =  6.5654106990E+00
           Vnuc =  3.8389875204E+01
           Ven = -1.7423665577E+01
           Vrep =  1.0829532278E+01
           DelSqV =  1.6767698186E+03
           DelSqVen =  1.0081811896E+03
           DelSqVrep =  6.6858862904E+02
           DelSqG =  1.2806567906E+02
           DelSqK = -1.8048354977E+03
           Stress_EigVals = -2.2808910720E+00 -2.2786351129E+00 -2.0346071142E+00
           Stress_EigVec1 = -1.1917523417E-01  6.8973790465E-02  9.9047457302E-01
           Stress_EigVec2 =  5.0482969447E-01  8.6321873417E-01  6.2972737858E-04
           Stress_EigVec3 =  8.5495277247E-01 -5.0009602398E-01  1.3769431235E-01
           -DivStress = -1.6109453532E+01  9.4238778774E+00 -2.7840753250E+00
           ESP =  -1.2614725281E+00     ESP at Nucleus =  -1.2636651919E+00
           ESPe = -1.0683694964E+01     ESPe at Nucleus = -1.0607228513E+01
           ESPn =  9.4222224364E+00     ESPn at Nucleus =  9.3435633212E+00

CP# 4      Coords =  1.69376184655269E+00  9.77374773665645E-01 -1.16958092628899E+00
           Type = (3,-3) NACP H4
           Rho =  4.4825478654E-01     Rho at Nucleus =  4.4337975683E-01
           GradRho = -4.4461750360E-13 -2.5634153472E-13  7.4408408844E-14
           HessRho_EigVals = -8.9810676092E+00 -8.9677284078E+00 -8.0247641483E+00
           HessRho_EigVec1 =  1.1895351943E-01  6.9563142125E-02  9.9046000902E-01
           HessRho_EigVec2 = -5.0037951503E-01  8.6580588613E-01 -7.1307628533E-04
           HessRho_EigVec3 =  8.5759570962E-01  4.9552107604E-01 -1.3779862862E-01
           DelSqRho = -2.5973560165E+01
           Bond Ellipticity = NA
           V = -6.5212291873E+00
           G =  1.3919573015E-02
           K =  6.5073096143E+00
           L =  6.4933900413E+00
           Vnuc =  3.8719473525E+01
           Ven = -1.7356189340E+01
           Vrep =  1.0834960153E+01
           DelSqV =  1.6600874618E+03
           DelSqVen =  1.0056825752E+03
           DelSqVrep =  6.5440488667E+02
           DelSqG =  1.2681146769E+02
           DelSqK = -1.7868989295E+03
           Stress_EigVals = -2.2538806527E+00 -2.2515792634E+00 -2.0157692713E+00
           Stress_EigVec1 =  1.1882062397E-01  6.8572774183E-02  9.9054501864E-01
           Stress_EigVec2 = -5.0032518372E-01  8.6583757405E-01  7.6792140429E-05
           Stress_EigVec3 =  8.5764583008E-01  4.9560374292E-01 -1.3718804665E-01
           -DivStress =  1.5786744329E+01  9.1222880803E+00 -2.7124910560E+00
           ESP =  -1.2609734450E+00     ESP at Nucleus =  -1.2628584544E+00
           ESPe = -1.0647025402E+01     ESPe at Nucleus = -1.0572049083E+01
           ESPn =  9.3860519569E+00     ESPn at Nucleus =  9.3091906291E+00

CP# 5      Coords =  1.04879989698741E-03  1.81792003962736E-03  3.10806651425914E+00
           Type = (3,-3) NACP Cl5
           Rho =  3.1725875219E+03     Rho at Nucleus =  3.1725875215E+03
           GradRho = -4.1305987268E-12  1.4067987934E-11  3.0745599824E-08
           HessRho_EigVals = -1.3891679803E+08 -1.3891657451E+08 -1.3891657441E+08
           HessRho_EigVec1 =  6.1489358266E-04  7.5033074299E-05  9.9999980814E-01
           HessRho_EigVec2 =  7.1351086497E-01 -7.0064405831E-01 -3.8616184843E-04
           HessRho_EigVec3 =  7.0064389491E-01  7.1351096552E-01 -4.8435844893E-04
           DelSqRho = -4.1674994695E+08
           Bond Ellipticity = NA
           V = -1.0421593277E+08
           G =  1.4223017965E+04
           K =  1.0420170975E+08
           L =  1.0418748674E+08
           Vnuc =  2.2444928590E+08
           Ven = -7.1208500373E+11
           Vrep =  7.1198078780E+11
           DelSqV =  3.3656978878E+14
           DelSqVen =  9.3539199386E+16
           DelSqVrep = -9.3202629598E+16
           DelSqG =  4.5632222840E+12
           DelSqK = -3.4113301106E+14
           Stress_EigVals = -3.4738662992E+07 -3.4738662968E+07 -3.4738606812E+07
           Stress_EigVec1 =  7.0075668935E-01  7.1340018720E-01 -4.8501851232E-04
           Stress_EigVec2 =  7.1340008304E-01 -7.0075685357E-01 -3.9202671467E-04
           Stress_EigVec3 =  6.1955197825E-04  7.1296904261E-05  9.9999980554E-01
           -DivStress =  1.1472334022E+04 -4.4152138877E+03  8.4379827986E+06
           ESP =  -6.4638329983E+01     ESP at Nucleus =  -6.4638329984E+01
           ESPe = -6.7879777956E+01     ESPe at Nucleus = -6.7879777909E+01
           ESPn =  3.2414479729E+00     ESPn at Nucleus =  3.2414479253E+00

CP# 6      Coords = -3.51490914974090E-04 -1.74043847884240E-03 -4.90094353707710E+00
           Type = (3,-3) NACP F6
           Rho =  4.3109858389E+02     Rho at Nucleus =  4.3109858337E+02
           GradRho = -1.1000735648E-11  1.8376339447E-11  8.6571178945E-09
           HessRho_EigVals = -2.0428396512E+06 -2.0428270345E+06 -2.0428270218E+06
           HessRho_EigVec1 = -3.3833915282E-04  1.0041032709E-03  9.9999943865E-01
           HessRho_EigVec2 = -6.4289071307E-01  7.6595728186E-01 -9.8661586513E-04
           HessRho_EigVec3 =  7.6595784255E-01  6.4289068600E-01 -3.8637532998E-04
           DelSqRho = -6.1284937075E+06
           Bond Ellipticity = NA
           V = -1.5324323433E+06
           G =  1.5445823064E+02
           K =  1.5322778851E+06
           L =  1.5321234269E+06
           Vnuc =  1.2624051177E+07
           Ven = -5.4422105856E+09
           Vrep =  5.4406781532E+09
           DelSqV =  2.1792659997E+11
           DelSqVen =  7.7366407725E+13
           DelSqVrep = -7.7148485319E+13
           DelSqG =  7.2617634355E+09
           DelSqK = -2.2518836341E+11
           Stress_EigVals = -5.1081182066E+05 -5.1081181760E+05 -5.1080870508E+05
           Stress_EigVec1 =  7.6653436883E-01  6.4220317202E-01 -3.8373149819E-04
           Stress_EigVec2 = -6.4220319779E-01  7.6653381157E-01 -9.8410833840E-04
           Stress_EigVec3 = -3.3785432860E-04  1.0007864593E-03  9.9999944214E-01
           -DivStress =  6.5220541314E+01 -1.0855628671E+02 -5.0821343191E+04
           ESP =  -2.6928481331E+01     ESP at Nucleus =  -2.6928481334E+01
           ESPe = -3.1276639422E+01     ESPe at Nucleus = -3.1276638858E+01
           ESPn =  4.3481580913E+00     ESPn at Nucleus =  4.3481575237E+00

CP# 7      Coords =  4.15018457555935E-05 -1.31289578237329E+00 -1.08197471935706E+00
           Type = (3,-1) BCP C1 H2
           Rho =  3.1734315992E-01
           GradRho = -5.1521340220E-17 -3.9311137276E-14  2.6469045448E-14
           HessRho_EigVals = -9.6989681527E-01 -9.2849197573E-01  5.1074013967E-01
           HessRho_EigVec1 =  7.7005112667E-05 -1.2935120501E-01  9.9159884017E-01
           HessRho_EigVec2 =  9.9999999122E-01 -9.6951330792E-05 -9.0304546384E-05
           HessRho_EigVec3 =  1.0781782906E-04  9.9159883842E-01  1.2935119641E-01
           DelSqRho = -1.3876486513E+00
           Bond Ellipticity =  4.4593642826E-02
           V = -4.3543604768E-01
           G =  4.4261942423E-02
           K =  3.9117410526E-01
           L =  3.4691216283E-01
           Vnuc =  1.2804947394E+01
           Ven = -4.0635624685E+00
           Vrep =  3.6281264208E+00
           DelSqV = -2.5075978638E+00
           DelSqVen =  1.7768767981E+01
           DelSqVrep = -2.0276365845E+01
           DelSqG =  1.9007483370E+00
           DelSqK =  6.0684952687E-01
           Stress_EigVals = -2.7406468846E-01 -2.6812477505E-01  1.0675341583E-01
           Stress_EigVec1 =  9.9999949922E-01 -1.3296602057E-04  9.9190396397E-04
           Stress_EigVec2 = -1.0007571526E-03 -1.2671056637E-01  9.9193922740E-01
           Stress_EigVec3 =  6.2094986552E-06  9.9193972332E-01  1.2671063598E-01
           -DivStress =  4.8014931464E-05 -1.9664180304E-02 -1.2125823623E-02
           ESP =   7.5108349378E-01
           ESPe = -1.2053863900E+01
           ESPn =  1.2804947394E+01
           BPL =  1.9689669512E+00 =  1.3208010209E+00 +  6.4816593033E-01                
           GBL_I =  1.9685657211E+00                                                      
           GBL_II =  2.0026620567E+00                                                     
           GBL_III =  1.9687106689E+00 =  1.3205474400E+00 +  6.4816322884E-01            
           GBL_IV =  2.0028200561E+00 =  1.3205471886E+00 +  6.8227286746E-01             

CP# 8      Coords = -1.12184175906630E+00  6.54767361526760E-01 -1.08227390363471E+00
           Type = (3,-1) BCP C1 H3
           Rho =  3.2349485787E-01
           GradRho = -1.5395879803E-17  8.4433917414E-18 -7.0282191214E-17
           HessRho_EigVals = -9.9560686900E-01 -9.5227795412E-01  5.0812300048E-01
           HessRho_EigVec1 = -1.1229300257E-01  6.7436741249E-02  9.9138416747E-01
           HessRho_EigVec2 =  5.0482706500E-01  8.6321913260E-01 -1.5373842222E-03
           HessRho_EigVec3 =  8.5588545730E-01 -5.0030492206E-01  1.3097736044E-01
           DelSqRho = -1.4397618226E+00
           Bond Ellipticity =  4.5500281393E-02
           V = -4.5159994907E-01
           G =  4.5829746705E-02
           K =  4.0577020236E-01
           L =  3.5994045566E-01
           Vnuc =  1.2865362475E+01
           Ven = -4.1618786054E+00
           Vrep =  3.7102786563E+00
           DelSqV = -2.5138904809E+00
           DelSqVen =  1.8523057727E+01
           DelSqVrep = -2.1036948207E+01
           DelSqG =  1.9691387436E+00
           DelSqK =  5.4475173722E-01
           Stress_EigVals = -2.8192068220E-01 -2.7553433048E-01  1.0585506360E-01
           Stress_EigVec1 =  5.0497977987E-01  8.6312974851E-01 -1.5681701852E-03
           Stress_EigVec2 = -1.0995690035E-01  6.6132836697E-02  9.9173379895E-01
           Stress_EigVec3 =  8.5609865202E-01 -5.0063308435E-01  1.2830281706E-01
           -DivStress = -1.4019095694E-02  8.7534957545E-03 -1.2216124043E-02
           ESP =   7.6997891762E-01
           ESPe = -1.2095383558E+01
           ESPn =  1.2865362475E+01
           BPL =  1.9523279799E+00 =  1.3071595115E+00 +  6.4516846836E-01                
           GBL_I =  1.9519287705E+00                                                      
           GBL_II =  1.9864334612E+00                                                     
           GBL_III =  1.9520748261E+00 =  1.3069089470E+00 +  6.4516587919E-01            
           GBL_IV =  1.9865927062E+00 =  1.3069085092E+00 +  6.7968419701E-01             

CP# 9      Coords = -9.69260400883951E-04 -2.36090263745848E-04 -2.75728945423555E+00
           Type = (3,-1) BCP C1 F6
           Rho =  4.6119750530E-02
           GradRho = -2.1020377725E-19  6.2723743422E-19 -7.1791621332E-18
           HessRho_EigVals = -3.8375108106E-02 -3.8231455146E-02  2.3487934383E-01
           HessRho_EigVec1 =  6.7322000799E-01  7.3944220540E-01 -2.1382574250E-04
           HessRho_EigVec2 =  7.3944198479E-01 -6.7321951233E-01  1.0194813562E-03
           HessRho_EigVec3 = -6.0989588032E-04  8.4444697821E-04  9.9999945747E-01
           DelSqRho =  1.5827278058E-01
           Bond Ellipticity =  3.7574546689E-03
           V = -4.4922153085E-02
           G =  4.2245174115E-02
           K =  2.6769789696E-03
           L = -3.9568195146E-02
           Vnuc =  1.1581403570E+01
           Ven = -5.3413144345E-01
           Vrep =  4.8920929036E-01
           DelSqV = -3.9608113655E-01
           DelSqVen = -1.8330209461E+00
           DelSqVrep =  1.4369398096E+00
           DelSqG =  2.8783636827E-01
           DelSqK =  1.0824476828E-01
           Stress_EigVals = -2.4699586475E-02 -2.4685577055E-02  4.4630104445E-03
           Stress_EigVec1 =  9.9995242197E-01  9.7531436930E-03 -1.7314689646E-04
           Stress_EigVec2 = -9.7532192604E-03  9.9995233894E-01 -4.4109163172E-04
           Stress_EigVec3 =  1.6883661402E-04  4.4275938510E-04  9.9999988773E-01
           -DivStress =  1.2833770000E-05  9.6828072000E-06  2.0413068668E-02
           ESP =  -1.7922564568E-02
           ESPe = -1.1599326135E+01
           ESPn =  1.1581403570E+01
           BPL =  3.9604503714E+00 =  1.8167956624E+00 +  2.1436547090E+00                
           GBL_I =  3.9604131883E+00                                                      
           GBL_II =  3.9604110156E+00                                                     
           GBL_III =  3.9604138280E+00 =  1.8167591283E+00 +  2.1436546997E+00            
           GBL_IV =  3.9604116552E+00 =  1.8167562426E+00 +  2.1436554126E+00             

CP# 10     Coords =  4.87680366888088E-04  7.16892640464180E-04  7.24339921763523E-01
           Type = (3,-1) BCP Cl5 C1
           Rho =  8.0641529253E-02
           GradRho =  2.0241285730E-18 -1.1482430272E-18 -6.9142431395E-17
           HessRho_EigVals = -8.4432716990E-02 -8.4371169462E-02  2.0946258089E-01
           HessRho_EigVec1 =  5.4115325825E-01  8.4092378013E-01 -5.8914622742E-04
           HessRho_EigVec2 =  8.4092393636E-01 -5.4115333513E-01  3.3775170923E-05
           HessRho_EigVec3 =  2.9041610144E-04  5.1370470845E-04  9.9999982588E-01
           DelSqRho =  4.0658694439E-02
           Bond Ellipticity =  7.2948530758E-04
           V = -6.9118397235E-02
           G =  3.9641535423E-02
           K =  2.9476861813E-02
           L = -1.0164673610E-02
           Vnuc =  1.3428187208E+01
           Ven = -1.0828695516E+00
           Vrep =  1.0137511543E+00
           DelSqV = -4.4031434689E-01
           DelSqVen = -5.4597256056E-01
           DelSqVrep =  1.0565821367E-01
           DelSqG =  2.9813711687E-01
           DelSqK =  1.4217723003E-01
           Stress_EigVals = -4.1848356014E-02 -4.1832089578E-02  1.4562048356E-02
           Stress_EigVec1 =  9.9543257422E-01 -9.5467161801E-02 -1.0583597040E-04
           Stress_EigVec2 =  9.5467104764E-02  9.9543248208E-01 -4.5334263835E-04
           Stress_EigVec3 =  1.4863189772E-04  4.4116817583E-04  9.9999989164E-01
           -DivStress = -1.3501785322E-05 -7.6960028307E-06 -4.1283970087E-02
           ESP =   1.7994056364E-01
           ESPe = -1.3248246644E+01
           ESPn =  1.3428187208E+01
           BPL =  4.0485989627E+00 =  2.3837269148E+00 +  1.6648720478E+00                
           GBL_I =  4.0485977763E+00                                                      
           GBL_II =  4.0486007376E+00                                                     
           GBL_III =  4.0485977881E+00 =  2.3837269128E+00 +  1.6648708752E+00            
           GBL_IV =  4.0486007494E+00 =  2.3837269886E+00 +  1.6648737608E+00             

CP# 11     Coords =  1.13731287324539E+00  6.55887452371838E-01 -1.08294385276281E+00
           Type = (3,-1) BCP H4 C1
           Rho =  3.1736884964E-01
           GradRho =  1.9991817312E-16  1.8267497589E-16 -6.6191466028E-17
           HessRho_EigVals = -9.6984517176E-01 -9.2829009642E-01  5.1056720723E-01
           HessRho_EigVec1 =  1.1197842840E-01  6.6412182700E-02  9.9148890743E-01
           HessRho_EigVec2 = -5.0043394112E-01  8.6577347033E-01 -1.4726333622E-03
           HessRho_EigVec3 =  8.5850259298E-01  4.9600979835E-01 -1.3018286289E-01
           DelSqRho = -1.3875680610E+00
           Bond Ellipticity =  4.4765182236E-02
           V = -4.3555848581E-01
           G =  4.4333235285E-02
           K =  3.9122525052E-01
           L =  3.4689201524E-01
           Vnuc =  1.2806395569E+01
           Ven = -4.0643510297E+00
           Vrep =  3.6287925439E+00
           DelSqV = -2.5028408923E+00
           DelSqVen =  1.7769745467E+01
           DelSqVrep = -2.0272586360E+01
           DelSqG =  1.9012467259E+00
           DelSqK =  6.0159416642E-01
           Stress_EigVals = -2.7409937443E-01 -2.6813180489E-01  1.0667269352E-01
           Stress_EigVec1 = -5.0062420971E-01  8.6566081911E-01 -2.5974795660E-03
           Stress_EigVec2 =  1.0916241352E-01  6.6106246911E-02  9.9182333689E-01
           Stress_EigVec3 =  8.5875431185E-01  4.9624722707E-01 -1.2759201192E-01
           -DivStress =  1.5724216561E-02  9.5636980323E-03 -1.2048467498E-02
           ESP =   7.5081024665E-01
           ESPe = -1.2055585322E+01
           ESPn =  1.2806395569E+01
           BPL =  1.9689884811E+00 =  6.4845901350E-01 +  1.3205294676E+00                
           GBL_I =  1.9685850423E+00                                                      
           GBL_II =  2.0026594109E+00                                                     
           GBL_III =  1.9687313317E+00 =  6.4845627467E-01 +  1.3202750570E+00            
           GBL_IV =  2.0028188675E+00 =  6.8254405456E-01 +  1.3202748130E+00             

Number of NACPs  =      6
Number of NNACPs =      0
Number of BCPs   =      5
Number of RCPs   =      0
Number of CCPs   =      0
NumNACP + NumNNACP - NumBCP + NumRCP - NumCCP =      1
Poincare-Hopf Relationship is Satisfied

Bond Path Angles and Corresponding Geometric Bond Angles:
--------------------------------------------------------
  BPA     = A-B-C Bond Path Angle
  GBA_I   = A-B-C Geometric Bond Angle in Terms of Nuclear Attractors
  GBA_II  = A-B-C Geometric Bond Angle in Terms of Nuclei
  GBA_III = A-B-C Geometric Bond Angle in Terms of A|B and C|B BCPs and Nuclear Attractor B
  GBA_IV  = A-B-C Geometric Bond Angle in Terms of A|B and C|B BCPs and Nucleus B
-------------------------------------------------------------------------------------------------
Atom A    Atom B    Atom C        BPA          GBA_I         GBA_II       GBA_III       GBA_IV
-------------------------------------------------------------------------------------------------
H3        C1        H2        119.58249603  118.92903723  118.91809908  119.09609329  119.09614439
F6        C1        H2         85.62275281   83.33820126   83.30812142   83.84207111   83.84219402
F6        C1        H3         84.73734714   83.28606139   83.25547366   83.74284753   83.74297660
Cl5       C1        H2         94.63854812   96.66078019   96.69085831   96.17153813   96.17141135
Cl5       C1        H3         94.63009609   96.71470268   96.74529404   96.21954028   96.21941944
Cl5       C1        F6        179.36395829  179.99894093  179.99893840  179.96188302  179.96189121
H4        C1        H2        119.25031328  118.67351578  118.66181947  118.84991410  118.84995049
H4        C1        H3        119.20745844  118.39705844  118.38372376  118.61320708  118.61325715
H4        C1        F6         85.65740588   83.33988066   83.30967306   83.84777370   83.84789645
H4        C1        Cl5        94.71537603   96.66037733   96.69058303   96.17626266   96.17613556

Total time for electron density critical point search, analysis and connectivity = 263 sec (NProc = 8)             
 
Virial-Based Atomic Energy Components:
-------------------------------------
  Ee(A) = E(A) - W(A) = -T(A)
        = Contribution of Atom A to Electronic Energy of Molecule.
          Not additive to give molecular Ee unless molecular electronic virial theorem is satisfied.
  T(A) = Electronic Kinetic Energy of Atom A (Hamiltonian Form)
  Ven(A) = Ven(A,Mol) = VenT(A)
         = Attraction Energy Between Electron Density Distribution of Atom A and Nuclei of Molecule
  VenO(A) = Ven(A,A)
          = Attraction Energy Between Electron Density Distribution of Atom A and Nucleus of Atom A
  Vee(A) = Vee(A,A) + Vee(A,A')/2
         = Two-Electron Interaction Energy of Atom A with Itself Plus Half of Two-Electron Interaction Energy
           Between Atom A and Other Atoms of Molecule
  Vnn(A) - W(A) = Contribution of Atom A to the Nuclear Repulsion Energy of Molecule Minus
                  the Nuclear Virial of Energy-Gradient-Based Forces on Nuclei of Molecule.
                  Calculation of Vnn(A) - W(A) assumes satisfaction of the atomic virial theorem:
                       2T(A) + Ven(A) + Vee(A) + Vnn(A) - W(A) = 0
See "2EDM Note" and "DFT Note".
--------------------------------------------------------------------------------------------------------------------
Atom A         Ee(A)              T(A)             Ven(A)           VenO(A)            Vee(A)        Vnn(A) - W(A)
--------------------------------------------------------------------------------------------------------------------
C1       -3.7800586327E+01  3.7800586327E+01 -1.3436119058E+02 -8.8868707926E+01
H2       -6.1515377113E-01  6.1515377113E-01 -9.2926732096E+00 -1.2223906079E+00
H3       -6.2274091819E-01  6.2274091819E-01 -9.3762919789E+00 -1.2330056587E+00
H4       -6.1567195140E-01  6.1567195140E-01 -9.3022863524E+00 -1.2232993549E+00
Cl5      -4.5981426837E+02  4.5981426837E+02 -1.1562544783E+03 -1.0993383782E+03
F6       -9.9740023496E+01  9.9740023496E+01 -2.8567140104E+02 -2.4295993344E+02
--------------------------------------------------------------------------------------------------------------------
Total    -5.9920844483E+02  5.9920844483E+02 -1.6042583215E+03 -1.4348457152E+03
 
More Virial-Based Atomic Energy Components:
------------------------------------------
  E(A) = Ee(A) + W(A)
       = T(A) + Ven(A) + Vee(A) + Vnn(A) = Contribution of Atom A to Total Energy E of Molecule
         Not additive to give molecular E unless molecular virial theorem is satisfied.
  Ee(A) = E(A) - W(A) = Contribution of Atom A to Electronic Energy of Molecule
          Not additive to give molecular Ee unless molecular virial theorem is satisfied.
  W(A) = Contribution of Atom A to Nuclear Virial of Energy-Gradient-Based Forces on Nuclei of Molecule
  Vnn(A) = Contribution of Atom A to Nuclear Repulsion Energy of Molecule
           Calculation of Vnn(A) assumes satisfaction of the atomic virial theorem:
                2T(A) + Ven(A) + Vee(A) + Vnn(A) - W(A) = 0
  VeeC(A) = Coulomb Part of Vee(A)
  VeeX(A) = Exchange-Correlation Part of Vee(A)
See "2EDM Note" and "DFT Note".
--------------------------------------------------------------------------------------------------------------------
Atom A          E(A)             Ee(A)              W(A)             Vnn(A)           VeeC(A)           VeeX(A)
--------------------------------------------------------------------------------------------------------------------
C1                         -3.7800586327E+01
H2                         -6.1515377113E-01
H3                         -6.2274091819E-01
H4                         -6.1567195140E-01
Cl5                        -4.5981426837E+02
F6                         -9.9740023496E+01
--------------------------------------------------------------------------------------------------------------------
Total                      -5.9920844483E+02
 
IQA Atomic Energy Components:
----------------------------
  E_IQA(A) = Contribution of Atom A to Total Energy E of Molecule, Using IQA Additive Atomic Energy Definition
           = T(A) + Vne(A,Mol)/2 + Ven(A,Mol)/2 + Vee(A) + Vnn(A,Mol)/2
  T(A) = Electronic Kinetic Energy of Atom A (Hamiltonian Form)
  Vne(A,Mol)/2 = Half of Attraction Energy Between Nucleus of Atom A and Electron Density Distribution of Molecule
  Ven(A,Mol)/2 = Half of Attraction Energy Between Electron Density Distribution of Atom A and Nuclei of Molecule
  Vee(A) = Vee(A,A) + Vee(A,A')/2
         = Two-Electron Interaction Energy of Atom A with Itself Plus Half of Two-Electron Interaction Energy
           Between Atom A and Other Atoms of Molecule
  Vnn(A,Mol)/2 = Vnn(A,A')/2 = Half of Repulsion Energy Between Nucleus of Atom A and Other Nuclei of Molecule
  VeeC(A) = Coulomb Part of Vee(A)
  VeeX(A) = Exchange-Correlation Part of Vee(A)
See "2EDM Note" and "DFT Note".
--------------------------------------------------------------------------------------------------------------------------------------------------------
Atom A        E_IQA(A)            T(A)          Vne(A,Mol)/2      Ven(A,Mol)/2         Vee(A)         Vnn(A,Mol)/2        VeeC(A)           VeeX(A)
--------------------------------------------------------------------------------------------------------------------------------------------------------
C1                          3.7800586327E+01 -6.8531742803E+01 -6.7180595292E+01                    2.3920677614E+01
H2                          6.1515377113E-01 -5.2854490208E+00 -4.6463366048E+00                    4.6541989750E+00
H3                          6.2274091819E-01 -5.3036142562E+00 -4.6881459894E+00                    4.6717816606E+00
H4                          6.1567195140E-01 -5.2860245426E+00 -4.6511431762E+00                    4.6545953146E+00
Cl5                         4.5981426837E+02 -5.7697811223E+02 -5.7812723917E+02                    2.7552307365E+01
F6                          9.9740023496E+01 -1.4074487486E+02 -1.4283570052E+02                    1.9566708857E+01
--------------------------------------------------------------------------------------------------------------------------------------------------------
Total                       5.9920844483E+02 -8.0212981771E+02 -8.0212916075E+02                    8.5020269786E+01
 
More IQA Atomic Energy Components:
---------------------------------
  Vneen(A) = Vne(A,Mol)/2 + Ven(A,Mol)/2
  V_IQA(A) = Vne(A,Mol)/2 + Ven(A,Mol)/2 + Vee(A,A) + Vee(A,A')/2 + Vnn(A,A')/2
           = VC_IQA(A) + VX_IQA(A) = Potential Energy Contribution to E_IQA(A)
           = E_IQA(A) - T(A)
  VC_IQA(A) = Vne(A,Mol)/2 + Ven(A,Mol)/2 + VeeC(A,A) + VeeC(A,A')/2 + Vnn(A,A')/2
            = Coulomb Potential Energy Contribution to E_IQA(A)
            = E_IQA(A) - T(A) - VeeX(A)
  VX_IQA(A) = VeeX(A,A) + VeeX(A,A')/2
            = Exchange-Correlation Energy Contribution to E_IQA(A)
            = E_IQA(A) - T(A) - VC_IQA(A)
See "2EDM Note" and "DFT Note".
--------------------------------------------------------------------------------
Atom A        Vneen(A)          V_IQA(A)         VC_IQA(A)         VX_IQA(A)
--------------------------------------------------------------------------------
C1       -1.3571233810E+02
H2       -9.9317856256E+00
H3       -9.9917602456E+00
H4       -9.9371677188E+00
Cl5      -1.1551053514E+03
F6       -2.8358057538E+02
--------------------------------------------------------------------------------
Total    -1.6042589785E+03
 
IQA Intraatomic ("Self") Energy Components:
------------------------------------------
  E_IQA_Intra(A) = T(A) + Vne(A,A) + Vee(A,A)
                 = Intraatomic ("Self") Contribution to E_IQA(A)
  T(A) = Electronic Kinetic Energy of Atom A (Hamiltonian Form)
  Vne(A,A) = Attraction Energy Between Electron Density Distribution of Atom A and Nucleus of Atom A
  Vee(A,A) = Two-electron Interaction Energy of Atom A With Itself
  VeeC(A,A) = Coulomb Part of Vee(A,A)
