AIMSum (Version 17.11.14, Professional)
Copyright (c) 1997-2017 by Todd A. Keith
AIMSum is a component of the AIMAll package ( http://aim.tkgristmill.com )

TP:  64-bit Linux

Much of the Quantum Theory of Atoms in Molecules (QTAIM) is described in the book:
  "Atoms in Molecules - A Quantum Theory"
  R.F.W. Bader, Oxford University Press, Oxford, 1990

For additional references see:  http://aim.tkgristmill.com/references.html

Wfn File:  /home/bruns/metodo_ts/QCISD/clch3f_ts/RUN/GAUSSIAN.wfn
Sum File:  /home/bruns/metodo_ts/QCISD/clch3f_ts/RUN/GAUSSIAN.sum

SumViz File:  /home/bruns/metodo_ts/QCISD/clch3f_ts/RUN/GAUSSIAN.sumviz

Wfn Title:   clch3f_ts-wavefunction                                                        
 
Total memory allocated for AIMSum =        1.289 Megabytes

Atomic units (a.u.) used throughout, except where stated otherwise

Model:  Unknown
 
Restricted, natural orbital wavefunction.
  Number of electrons (from MO Occs)                   =          35.9999996000
  Number of Alpha electrons (from MO Occs)             =          17.9999998000
  Number of Beta electrons (from MO Occs)              =          17.9999998000
  Number of electron pairs (N*(N-1)/2)                 =         629.9999858000
  Number of electron pairs (from Muller 2EDM)          =         629.9999858000
  Number of electron pairs (from Muller 2EDM, no SOSI) =         630.4346001431
 
Nuclear Charges and Cartesian Coordinates:
-------------------------------------------------------------------------------
Atom      Charge                X                  Y                  Z
-------------------------------------------------------------------------------
C1         6.0           3.3070000000E-04   5.4800000000E-05  -9.4053370000E-01
H2         1.0           3.5900000000E-05  -1.9890690400E+00  -1.1730021400E+00
H3         1.0          -1.7221301000E+00   9.9468570000E-01  -1.1739829100E+00
H4         1.0           1.7229578000E+00   9.9424539000E-01  -1.1745970700E+00
Cl5       17.0           1.0488000000E-03   1.8179200000E-03   3.1080665900E+00
F6         9.0           1.8545770000E-02  -1.7404400000E-03  -4.9009442500E+00
 
Some Atomic Properties:
----------------------
  q(A) = Net Charge of Atom A
  L(A) = Lagrangian of Atom A = -(1/4) Times Atomic Integral of the Laplacian of the Electron Density
  K(A) = Electronic Kinetic Energy of Atom A (Hamiltonian Form)
  K_Scaled(A) = K(A) * E(Mol)/K(Mol) = Approximation to Virial-Based Total Energy of Atom A.
  |Mu_Intra(A)| = Magnitude of Intraatomic Dipole Moment of Atom A
--------------------------------------------------------------------------------------------------
Atom A          q(A)              L(A)              K(A)          K_Scaled(A)      |Mu_Intra(A)|
--------------------------------------------------------------------------------------------------
C1        2.2585648870E-01  9.5188109600E-05  3.7795361034E+01 -3.7803164642E+01  2.4020981284E-02
H2        9.1622480860E-02  3.0438987172E-05  6.1521721647E-01 -6.1534424037E-01  1.4487636451E-01
H3        9.1024373490E-02  2.1083541213E-05  6.1542145519E-01 -6.1554852126E-01  1.4487023016E-01
H4        9.2213335820E-02  2.9707621635E-05  6.1500992314E-01 -6.1513690424E-01  1.4489276750E-01
Cl5      -6.4153769000E-01  7.9598627170E-06  4.5981441189E+02 -4.5990934978E+02  1.6788588873E-01
F6       -8.5897962400E-01  1.1596574400E-05  9.9740051793E+01 -9.9760645122E+01  1.0491627027E-01
--------------------------------------------------------------------------------------------------
Total    -9.9980063513E-01  1.9597469674E-04  5.9919547331E+02 -5.9931918921E+02
 
1st Largest |L(A)| = 9.5188109600E-05, atom C1      
2nd Largest |L(A)| = 3.0438987172E-05, atom H2      
 
Molecular charge q(Mol) from the wfn file:  -9.9999960000E-01
Molecular energy E(Mol) from the wfn file:  -5.9931916650E+02
Molecular virial ratio (-V(Mol)/T(Mol)) from the wfn file:   2.0002064700E+00
Note.  K_Scaled(A) = (1+V(Mol)/T(Mol))*K(A) = (E(Mol)/T(Mol))*K(A)
       Only use K_Scaled(A) data with caution.
 
N_AIMInt(SumA)     =         35.999801
N_Analytic(Mol)    =         36.000000
 
G_AIMInt(SumA)     =        599.195277
G_Analytic(Mol)    =        599.195447
 
K_AIMInt(SumA)     =        599.195473
K_Analytic(Mol)    =        599.195447
 
L_AIMInt(SumA)     =          0.000196
L_Analytic(Mol)    =          0.000000
 
VenT_AIMInt(SumA)  =      -1604.178218
VenT_Analytic(Mol) =      -1604.180081
 
Some Information About the Atomic Calculations:
----------------------------------------------
  Time(sec) = "Elapsed User Time", in Seconds, for Atom A by AIMInt and, if used, by TWOe
  NProc = Number of Processors Used for AIMInt Job
  BIM = Basin Integration Method
  OAQ = Angular Quadrature Outside of Beta Sphere
  ORQ = Multiple of Default for Radial Quadrature Outside of Beta Sphere
  IAQ = Multiple of Default for Angular Quadrature Inside of Beta Sphere
  IRQ = Multiple of Default for Radial Quadrature Inside of Beta Sphere
  MIR = Maximum Integration Radius
------------------------------------------------------------------------------------------------------
Atom A     Time(sec)   NProc      BIM          OAQ                     ORQ      IAQ      IRQ      MIR
------------------------------------------------------------------------------------------------------
C1             85        8     Proaim(5)    4500(GS4)                  1.00     1.00     1.00    13.00
H2             16        8     Proaim(5)    1800(GS4)                  1.00     1.00     1.00    13.00
H3             17        8     Proaim(5)    1800(GS4)                  1.00     1.00     1.00    13.00
H4             17        8     Proaim(5)    1800(GS4)                  1.00     1.00     1.00    13.00
Cl5            31        8     Proaim(5)    3150(GS4)                  1.00     1.00     1.00    13.00
F6             36        8     Proaim(5)    2700(GS4)                  1.00     1.00     1.00    13.00
------------------------------------------------------------------------------------------------------
Total         202
Note:  Total wall clock time is less than total of atomic times if more than one atom
       was calculated at a time
 
Electron Density Critical Point Analysis of Molecular Structure:               
---------------------------------------------------------------                
  NACP = Nuclear Attractor Critical Point                                      
  NNACP = Non-Nuclear Attractor Critical Point                                 
  BCP = Bond Critical Point                                                    
  RCP = Ring Critical Point                                                    
  CCP = Cage Critical Point                                                    
  Rho = Electron Density                                                       
  GradRho = Gradient of Electron Density                                       
  HessRho_EigVals = Eigenvalues of the Hessian of Rho, Ascending Order         
  HessRho_EigVecs = Eigenvectors of the Hessian of Rho                         
  DelSqRho = Laplacian of Rho = Trace of Hessian of Rho                        
  Bond Ellipticity = (HessRho_EigVal(1) / HessRho_EigVal(2)) - 1               
  V = Virial Field = Potential Energy Density = Trace of Stress Tensor         
  G = Lagrangian Form of Kinetic Energy Density                                
  K = Hamiltonian Form of Kinetic Energy Density                               
  L = K - G = Lagrangian Density = (-1/4)DelSqRho                              
  Vnuc = Electrostatic Potential from Nuclei                                   
  Ven = Electron-nuclear attractive contribution to Virial Field V             
  Vrep = V - Ven = Repulsive contribution to Virial Field V                    
  DelSqV = Laplacian of V                                                      
  DelSqVen = Laplacian of Ven                                                  
  DelSqVrep = Laplacian of Vrep                                                
  DelSqG = Laplacian of G                                                      
  DelSqK = Laplacian of K                                                      
  Stress_EigVals = Eigenvalues of Stress Tensor, Ascending Order               
  Stress_EigVecs = Eigenvectors of Stress Tensor                               
  -DivStress = Ehrenfest Force Density = Minus Divergence of Stress Tensor     
  ESP = Total Electrostatic Potential                                          
  ESPe = Electrostatic Potential from Electrons                                
  ESPn = Electrostatic Potential from Nuclei                                   
  BP = Bond Path                                                               
  BPL = Bond Path Length                                                       
  GBL = Geometric Bond Length                                                  
  GBL_I = Distance Between Nuclear Attractors                                  
  GBL_II = Distance Between Nuclei                                             
  GBL_III = Sum of Distances Between BCP and Nuclear Attractors                
  GBL_IV = Sum of Distances Between BCP and Nuclei                             

CP# 1      Coords =  3.30681924144054E-04  5.48012748038397E-05 -9.40530832402027E-01
           Type = (3,-3) NACP C1
           Rho =  1.2140875475E+02     Rho at Nucleus =  1.2140875372E+02
           GradRho =  1.7212086517E-15 -5.8516802681E-17  1.1696328773E-11
           HessRho_EigVals = -2.4893321003E+05 -2.4892610522E+05 -2.4892609960E+05
           HessRho_EigVec1 = -4.2613666682E-04  4.3482023788E-04  9.9999981467E-01
           HessRho_EigVec2 = -7.0677815789E-01  7.0743498988E-01 -6.0879125179E-04
           HessRho_EigVec3 =  7.0743512348E-01  7.0677828633E-01 -5.8574581638E-06
           DelSqRho = -7.4678541485E+05
           Bond Ellipticity = NA
           V = -1.8670987510E+05
           G =  6.7606922605E+00
           K =  1.8670311440E+05
           L =  1.8669635371E+05
           Vnuc =  2.0923097029E+06
           Ven = -2.5402471557E+08
           Vrep =  2.5383800570E+08
           DelSqV =  1.1231580993E+10
           DelSqVen =  1.5625063711E+12
           DelSqVrep = -1.5512747819E+12
           DelSqG =  3.8281854007E+08
           DelSqK = -1.1614399533E+10
           Stress_EigVals = -6.2237346006E+04 -6.2237344323E+04 -6.2235184767E+04
           Stress_EigVec1 =  7.0682499077E-01  7.0738845929E-01  9.5391662107E-06
           Stress_EigVec2 =  7.0738831705E-01 -7.0682485707E-01  6.2476426956E-04
           Stress_EigVec3 = -4.4869355385E-04  4.3485110433E-04  9.9999980479E-01
           -DivStress =  6.6442335753E+01 -4.6859909603E+00 -1.0540977390E+04
           ESP =  -1.4869247541E+01     ESP at Nucleus =  -1.4869247564E+01
           ESPe = -2.2838704080E+01     ESPe at Nucleus = -2.2838703025E+01
           ESPn =  7.9694565397E+00     ESPn at Nucleus =  7.9694554610E+00

CP# 2      Coords =  3.22912812221955E-05 -1.95532502484916E+00 -1.16801480929037E+00
           Type = (3,-3) NACP H2
           Rho =  4.4813725043E-01     Rho at Nucleus =  4.4325815388E-01
           GradRho = -9.7255976557E-18  6.3054040627E-16 -7.1899289986E-16
           HessRho_EigVals = -8.9785701537E+00 -8.9652428877E+00 -8.0217118279E+00
           HessRho_EigVec1 = -3.2889240303E-03 -1.3689423251E-01  9.9058020982E-01
           HessRho_EigVec2 =  9.9999459140E-01 -4.3800415351E-04  3.2596512300E-03
           HessRho_EigVec3 = -1.2349207112E-05  9.9058557291E-01  1.3689493267E-01
           DelSqRho = -2.5965524869E+01
           Bond Ellipticity = NA
           V = -6.5192133579E+00
           G =  1.3916070291E-02
           K =  6.5052972876E+00
           L =  6.4913812173E+00
           Vnuc =  3.8700873367E+01
           Ven = -1.7343302980E+01
           Vrep =  1.0824089622E+01
           DelSqV =  1.6595028721E+03
           DelSqVen =  1.0048884899E+03
           DelSqVrep =  6.5461438217E+02
           DelSqG =  1.2676668626E+02
           DelSqK = -1.7862695583E+03
           Stress_EigVals = -2.2532574986E+00 -2.2509559562E+00 -2.0149999031E+00
           Stress_EigVec1 = -4.3779077607E-03 -1.3627261256E-01  9.9066170260E-01
           Stress_EigVec2 =  9.9999041682E-01 -5.8312864037E-04  4.3389194635E-03
           Stress_EigVec3 = -1.3592679267E-05  9.9067120430E-01  1.3627385952E-01
           -DivStress =  1.9497999545E-03 -1.8240431857E+01 -2.6960795225E+00
           ESP =  -1.2606432334E+00     ESP at Nucleus =  -1.2625275054E+00
           ESPe = -1.0645103908E+01     ESPe at Nucleus = -1.0570110205E+01
           ESPn =  9.3844606741E+00     ESPn at Nucleus =  9.3075826999E+00

CP# 3      Coords = -1.69292106967803E+00  9.77814549546201E-01 -1.16899670429274E+00
           Type = (3,-3) NACP H3
           Rho =  4.4819400184E-01     Rho at Nucleus =  4.4331772769E-01
           GradRho =  4.4879589106E-13 -2.5912648491E-13  7.4811545417E-14
           HessRho_EigVals = -8.9797572317E+00 -8.9664980474E+00 -8.0233279304E+00
           HessRho_EigVec1 = -1.1932646622E-01  6.7472844274E-02  9.9055974567E-01
           HessRho_EigVec2 =  4.9997645337E-01  8.6603811307E-01  1.2380561985E-03
           HessRho_EigVec3 =  8.5777895785E-01 -4.9540428137E-01  1.3707610102E-01
           DelSqRho = -2.5969583210E+01
           Bond Ellipticity = NA
           V = -6.5202252272E+00
           G =  1.3914712421E-02
           K =  6.5063105148E+00
           L =  6.4923958024E+00
           Vnuc =  3.8707898157E+01
           Ven = -1.7348647778E+01
           Vrep =  1.0828422551E+01
           DelSqV =  1.6598106551E+03
           DelSqVen =  1.0052279821E+03
           DelSqVrep =  6.5458267305E+02
           DelSqG =  1.2678977052E+02
           DelSqK = -1.7866004256E+03
           Stress_EigVals = -2.2535428047E+00 -2.2512761005E+00 -2.0154063221E+00
           Stress_EigVec1 = -1.1907064860E-01  6.6689812038E-02  9.9064355326E-01
           Stress_EigVec2 =  4.9991246756E-01  8.6607409887E-01  1.7832679440E-03
           Stress_EigVec3 =  8.5785179689E-01 -4.9544739805E-01  1.3646307319E-01
           -DivStress = -1.5791503857E+01  9.1211799285E+00 -2.6958585209E+00
           ESP =  -1.2604943315E+00     ESP at Nucleus =  -1.2623792319E+00
           ESPe = -1.0641055969E+01     ESPe at Nucleus = -1.0566058499E+01
           ESPn =  9.3805616378E+00     ESPn at Nucleus =  9.3036792669E+00

CP# 4      Coords =  1.69372417206716E+00  9.77379093709919E-01 -1.16956508518793E+00
           Type = (3,-3) NACP H4
           Rho =  4.4808116292E-01     Rho at Nucleus =  4.4319924205E-01
           GradRho = -4.5885008517E-13 -2.6460669462E-13  7.7228188868E-14
           HessRho_EigVals = -8.9773943470E+00 -8.9639998759E+00 -8.0201069765E+00
           HessRho_EigVec1 =  1.1850214899E-01  7.0734055449E-02  9.9043118594E-01
           HessRho_EigVec2 = -5.0002647799E-01  8.6600775710E-01 -2.0213706372E-03
           HessRho_EigVec3 =  8.5786406965E-01  4.9500228084E-01 -1.3799268088E-01
           DelSqRho = -2.5961501199E+01
           Bond Ellipticity = NA
           V = -6.5182104853E+00
           G =  1.3917592740E-02
           K =  6.5042928926E+00
           L =  6.4903752998E+00
           Vnuc =  3.8693851244E+01
           Ven = -1.7337985863E+01
           Vrep =  1.0819775378E+01
           DelSqV =  1.6591973577E+03
           DelSqVen =  1.0045504655E+03
           DelSqVrep =  6.5464689220E+02
           DelSqG =  1.2674376106E+02
           DelSqK = -1.7859411187E+03
           Stress_EigVals = -2.2529751076E+00 -2.2506389721E+00 -2.0145964056E+00
           Stress_EigVec1 =  1.1768759946E-01  7.0886334411E-02  9.9051741859E-01
           Stress_EigVec2 = -5.0008859071E-01  8.6597047927E-01 -2.5554797694E-03
           Stress_EigVec3 =  8.5793999229E-01  4.9504571165E-01 -1.3736343399E-01
           -DivStress =  1.5799874451E+01  9.1157135082E+00 -2.7198299228E+00
           ESP =  -1.2607907422E+00     ESP at Nucleus =  -1.2626744209E+00
           ESPe = -1.0649130387E+01     ESPe at Nucleus = -1.0574140540E+01
           ESPn =  9.3883396453E+00     ESPn at Nucleus =  9.3114661191E+00

CP# 5      Coords =  1.04879988660448E-03  1.81791996720389E-03  3.10806651434179E+00
           Type = (3,-3) NACP Cl5
           Rho =  3.1725878018E+03     Rho at Nucleus =  3.1725878014E+03
           GradRho = -3.5221577989E-12  1.0758925995E-12 -2.5495628989E-08
           HessRho_EigVals = -1.3891681091E+08 -1.3891658734E+08 -1.3891658732E+08
           HessRho_EigVec1 =  8.2372109497E-04  4.3538542418E-04  9.9999956596E-01
           HessRho_EigVec2 =  7.1514533053E-01 -6.9897573287E-01 -2.8475657237E-04
           HessRho_EigVec3 =  6.9897530551E-01  7.1514525469E-01 -8.8712490912E-04
           DelSqRho = -4.1674998557E+08
           Bond Ellipticity = NA
           V = -1.0421594243E+08
           G =  1.4223020758E+04
           K =  1.0420171941E+08
           L =  1.0418749639E+08
           Vnuc =  2.2469445643E+08
           Ven = -7.1286289161E+11
           Vrep =  7.1275867567E+11
           DelSqV =  3.3656981925E+14
           DelSqVen =  9.3641419608E+16
           DelSqVrep = -9.3304815429E+16
           DelSqG =  4.5632227272E+12
           DelSqK = -3.4113304198E+14
           Stress_EigVals = -3.4738666203E+07 -3.4738666199E+07 -3.4738610032E+07
           Stress_EigVec1 =  6.9899605967E-01  7.1512496605E-01 -8.8966097840E-04
           Stress_EigVec2 =  7.1512504086E-01 -6.9899649025E-01 -2.8733126750E-04
           Stress_EigVec3 =  8.2734766433E-04  4.3537541973E-04  9.9999956297E-01
           -DivStress =  1.2626745441E+04  3.6536845753E+03  8.4287772771E+06
           ESP =  -6.4638378908E+01     ESP at Nucleus =  -6.4638378909E+01
           ESPe = -6.7879515832E+01     ESPe at Nucleus = -6.7879515786E+01
           ESPn =  3.2411369240E+00     ESPn at Nucleus =  3.2411368765E+00

CP# 6      Coords =  1.85457637272222E-02 -1.74043966607415E-03 -4.90094353795161E+00
           Type = (3,-3) NACP F6
           Rho =  4.3109894380E+02     Rho at Nucleus =  4.3109894329E+02
           GradRho = -7.2530508972E-11  3.8374688211E-12  8.9638161193E-09
           HessRho_EigVals = -2.0428416721E+06 -2.0428290413E+06 -2.0428290338E+06
           HessRho_EigVec1 = -8.8928409786E-03  4.7069028922E-04  9.9996034713E-01
           HessRho_EigVec2 =  7.0293630366E-01 -7.1122231118E-01  6.5861273607E-03
           HessRho_EigVec3 =  7.1119720920E-01  7.0296699960E-01  5.9939216217E-03
           DelSqRho = -6.1284997472E+06
           Bond Ellipticity = NA
           V = -1.5324338526E+06
           G =  1.5445789032E+02
           K =  1.5322793947E+06
           L =  1.5321249368E+06
           Vnuc =  1.2639102870E+07
           Ven = -5.4487038980E+09
           Vrep =  5.4471714642E+09
           DelSqV =  2.1792681577E+11
           DelSqVen =  7.7458732745E+13
           DelSqVrep = -7.7240805929E+13
           DelSqG =  7.2617716968E+09
           DelSqK = -2.2518858746E+11
           Stress_EigVals = -5.1081232416E+05 -5.1081232217E+05 -5.1080920624E+05
           Stress_EigVec1 =  7.1089438344E-01  7.0327295841E-01  6.0267377037E-03
           Stress_EigVec2 =  7.0324191661E-01 -7.1091977335E-01  6.6243932569E-03
           Stress_EigVec3 = -8.9432836458E-03  4.7098938635E-04  9.9995989712E-01
           -DivStress =  4.4727098093E+02 -2.3802591307E+01 -5.0758829050E+04
           ESP =  -2.6928496423E+01     ESP at Nucleus =  -2.6928496426E+01
           ESPe = -3.1276198898E+01     ESPe at Nucleus = -3.1276198334E+01
           ESPn =  4.3477024747E+00     ESPn at Nucleus =  4.3477019080E+00

CP# 7      Coords =  6.19742862724880E-05 -1.31302154781586E+00 -1.08200756123182E+00
           Type = (3,-1) BCP C1 H2
           Rho =  3.1739778828E-01
           GradRho = -7.8563667953E-17 -4.0313251408E-14  2.7382641139E-14
           HessRho_EigVals = -9.7021946838E-01 -9.2894846587E-01  5.1110782700E-01
           HessRho_EigVec1 = -1.5740323267E-03 -1.2930699508E-01  9.9160335994E-01
           HessRho_EigVec2 =  9.9999875644E-01 -3.0037783237E-04  1.5481890001E-03
           HessRho_EigVec3 =  9.7664000414E-05  9.9160456372E-01  1.2930730708E-01
           DelSqRho = -1.3880601072E+00
           Bond Ellipticity =  4.4427655603E-02
           V = -4.3552301920E-01
           G =  4.4253996196E-02
           K =  3.9126902301E-01
           L =  3.4701502681E-01
           Vnuc =  1.2803307093E+01
           Ven = -4.0637413539E+00
           Vrep =  3.6282183347E+00
           DelSqV = -2.5104422984E+00
           DelSqVen =  1.7771759816E+01
           DelSqVrep = -2.0282202115E+01
           DelSqG =  1.9009534523E+00
           DelSqK =  6.0948884610E-01
           Stress_EigVals = -2.7412946989E-01 -2.6821101336E-01  1.0681746404E-01
           Stress_EigVec1 =  9.9999968622E-01 -1.4194371951E-05 -7.9205907600E-04
           Stress_EigVec2 =  7.8387813260E-04 -1.2669460741E-01  9.9194146097E-01
           Stress_EigVec3 =  1.1442959973E-04  9.9194177060E-01  1.2669455653E-01
           -DivStress =  3.3117043649E-05 -2.0072197315E-02 -1.2164850694E-02
           ESP =   7.5122671626E-01
           ESPe = -1.2052080376E+01
           ESPn =  1.2803307093E+01
           BPL =  1.9689662034E+00 =  1.3209272167E+00 +  6.4803898679E-01                
           GBL_I =  1.9685678330E+00                                                      
           GBL_II =  2.0026620567E+00                                                     
           GBL_III =  1.9687123201E+00 =  1.3206760525E+00 +  6.4803626768E-01            
           GBL_IV =  2.0028195893E+00 =  1.3206757440E+00 +  6.8214384534E-01             

CP# 8      Coords = -1.13650846377658E+00  6.56482640632744E-01 -1.08278493502489E+00
           Type = (3,-1) BCP C1 H3
           Rho =  3.1736990041E-01
           GradRho = -4.3506194063E-16  2.5379369113E-16 -2.1609303671E-17
           HessRho_EigVals = -9.6989423994E-01 -9.2860612973E-01  5.1072476736E-01
           HessRho_EigVec1 = -1.1246114811E-01  6.4490241203E-02  9.9156114232E-01
           HessRho_EigVec2 =  5.0003616936E-01  8.6600443298E-01  3.8909041576E-04
           HessRho_EigVec3 =  8.5867125228E-01 -4.9586019285E-01  1.2963930597E-01
           DelSqRho = -1.3877756023E+00
           Bond Ellipticity =  4.4462457104E-02
           V = -4.3549886084E-01
           G =  4.4277480132E-02
           K =  3.9122138071E-01
           L =  3.4694390058E-01
           Vnuc =  1.2800805721E+01
           Ven = -4.0625904368E+00
           Vrep =  3.6270915760E+00
           DelSqV = -2.5055335783E+00
           DelSqVen =  1.7764645869E+01
           DelSqVrep = -2.0270179448E+01
           DelSqG =  1.9004227858E+00
           DelSqK =  6.0511079253E-01
           Stress_EigVals = -2.7409716215E-01 -2.6812416334E-01  1.0672246465E-01
           Stress_EigVec1 =  5.0015743539E-01  8.6593416076E-01 -7.5436401867E-04
           Stress_EigVec2 = -1.0963772733E-01  6.4190071575E-02  9.9189677056E-01
           Stress_EigVec3 =  8.5896572026E-01 -4.9602183818E-01  1.2704419498E-01
           -DivStress = -1.6477910010E-02  9.5314840097E-03 -1.1881037122E-02
           ESP =   7.5134856960E-01
           ESPe = -1.2049457151E+01
           ESPn =  1.2800805721E+01
           BPL =  1.9689703649E+00 =  1.3206764134E+00 +  6.4829395146E-01                
           GBL_I =  1.9685812847E+00                                                      
           GBL_II =  2.0026633188E+00                                                     
           GBL_III =  1.9687219378E+00 =  1.3204306045E+00 +  6.4829133332E-01            
           GBL_IV =  2.0028166252E+00 =  1.3204303117E+00 +  6.8238631347E-01             

CP# 9      Coords =  1.18436431195416E-02 -7.52705909455943E-04 -2.75724686853423E+00
           Type = (3,-1) BCP C1 F6
           Rho =  4.6123137624E-02
           GradRho =  3.1828499610E-18  7.2355625680E-19 -7.6438308858E-17
           HessRho_EigVals = -3.8550026560E-02 -3.8132810552E-02  2.3478388304E-01
           HessRho_EigVec1 =  7.0866587574E-01 -7.0554182238E-01  1.8475500778E-03
           HessRho_EigVec2 =  7.0554097812E-01  7.0866813268E-01  1.1857128029E-03
           HessRho_EigVec3 = -2.1458698354E-03  4.6324808714E-04  9.9999759032E-01
           DelSqRho =  1.5810104593E-01
           Bond Ellipticity =  1.0941129206E-02
           V = -4.4888547703E-02
           G =  4.2206904593E-02
           K =  2.6816431106E-03
           L = -3.9525261482E-02
           Vnuc =  1.1579354755E+01
           Ven = -5.3407617294E-01
           Vrep =  4.8918762524E-01
           DelSqV = -3.9586886187E-01
           DelSqVen = -1.8307080979E+00
           DelSqVrep =  1.4348392360E+00
           DelSqG =  2.8749279642E-01
           DelSqK =  1.0837606546E-01
           Stress_EigVals = -2.4687269082E-02 -2.4681851955E-02  4.4805733332E-03
           Stress_EigVec1 =  6.9881964876E-01  7.1529071582E-01  3.2078610022E-03
           Stress_EigVec2 =  7.1528004439E-01 -6.9882686373E-01  3.9335250862E-03
           Stress_EigVec3 = -5.0553534181E-03  4.5430565911E-04  9.9998711842E-01
           -DivStress = -1.1630782268E-04  9.0231692531E-06  2.0421669368E-02
           ESP =  -1.7926773254E-02
           ESPe = -1.1597281528E+01
           ESPn =  1.1579354755E+01
           BPL =  3.9605966507E+00 =  1.8168891320E+00 +  2.1437075187E+00                
           GBL_I =  3.9604550004E+00                                                      
           GBL_II =  3.9604528448E+00                                                     
           GBL_III =  3.9604600692E+00 =  1.8167526954E+00 +  2.1437073738E+00            
           GBL_IV =  3.9604579136E+00 =  1.8167498278E+00 +  2.1437080859E+00             

CP# 10     Coords =  6.40832673684495E-04  7.80009172944401E-04  7.24585728734716E-01
           Type = (3,-1) BCP Cl5 C1
           Rho =  8.0662320428E-02
           GradRho =  1.3319877588E-18 -1.4350788670E-18 -5.6665236047E-17
           HessRho_EigVals = -8.4490956582E-02 -8.4467538704E-02  2.0957150333E-01
           HessRho_EigVec1 = -7.0435314597E-01  7.0984962040E-01 -4.0272337652E-04
           HessRho_EigVec2 =  7.0984972218E-01  7.0435312654E-01 -2.1226395521E-04
           HessRho_EigVec3 = -1.3298398135E-04  4.3538186157E-04  9.9999989638E-01
           DelSqRho =  4.0613008043E-02
           Bond Ellipticity =  2.7724115728E-04
           V = -6.9105312763E-02
           G =  3.9629282387E-02
           K =  2.9476030376E-02
           L = -1.0153252011E-02
           Vnuc =  1.3426677556E+01
           Ven = -1.0830269673E+00
           Vrep =  1.0139216545E+00
           DelSqV = -4.4008888904E-01
           DelSqVen = -5.4529776355E-01
           DelSqVrep =  1.0520887451E-01
           DelSqG =  2.9777384971E-01
           DelSqK =  1.4231503933E-01
           Stress_EigVals = -4.1840114291E-02 -4.1836620542E-02  1.4571422070E-02
           Stress_EigVec1 =  7.0932803216E-01  7.0487831975E-01 -5.4511493153E-04
           Stress_EigVec2 = -7.0487845063E-01  7.0932810785E-01 -7.2433241313E-05
           Stress_EigVec3 =  3.3560872151E-04  4.3561869687E-04  9.9999984880E-01
           -DivStress = -1.8118215883E-05 -1.7928352714E-05 -4.1253047983E-02
           ESP =   1.7981326963E-01
           ESPe = -1.3246864286E+01
           ESPn =  1.3426677556E+01
           BPL =  4.0485993813E+00 =  2.3834810608E+00 +  1.6651183205E+00                
           GBL_I =  4.0485977943E+00                                                      
           GBL_II =  4.0486007376E+00                                                     
           GBL_III =  4.0485977945E+00 =  2.3834810465E+00 +  1.6651167479E+00            
           GBL_IV =  4.0486007377E+00 =  2.3834811222E+00 +  1.6651196155E+00             

CP# 11     Coords =  1.13769749574806E+00  6.56518926144879E-01 -1.08293259805843E+00
           Type = (3,-1) BCP H4 C1
           Rho =  3.1742597334E-01
           GradRho =  7.1928722319E-16  3.4606763165E-16 -2.4441315058E-17
           HessRho_EigVals = -9.7054451300E-01 -9.2929070108E-01  5.1148777844E-01
           HessRho_EigVec1 =  1.1223390354E-01  6.6119387303E-02  9.9147959007E-01
           HessRho_EigVec2 = -4.9996639120E-01  8.6604403144E-01 -1.1589961365E-03
           HessRho_EigVec3 =  8.5874161339E-01  4.9557639393E-01 -1.3025697374E-01
           DelSqRho = -1.3883474356E+00
           Bond Ellipticity =  4.4392795357E-02
           V = -4.3554887379E-01
           G =  4.4231007443E-02
           K =  3.9131786635E-01
           L =  3.4708685891E-01
           Vnuc =  1.2805796291E+01
           Ven = -4.0648923519E+00
           Vrep =  3.6293434781E+00
           DelSqV = -2.5153153894E+00
           DelSqVen =  1.7778894442E+01
           DelSqVrep = -2.0294209831E+01
           DelSqG =  1.9014874844E+00
           DelSqK =  6.1382790504E-01
           Stress_EigVals = -2.7416236495E-01 -2.6829811358E-01  1.0691160474E-01
           Stress_EigVec1 = -4.9983888938E-01  8.6611840023E-01  3.8002213558E-05
           Stress_EigVec2 =  1.1055886557E-01  6.3760253934E-02  9.9182224580E-01
           Stress_EigVec3 =  8.5903307382E-01  4.9575553128E-01 -1.2762692229E-01
           -DivStress =  1.8275468126E-02  1.0521963931E-02 -1.2472536428E-02
           ESP =   7.5110830160E-01
           ESPe = -1.2054687989E+01
           ESPn =  1.2805796291E+01
           BPL =  1.9689606386E+00 =  6.4778526814E-01 +  1.3211753705E+00                
           GBL_I =  1.9685530153E+00                                                      
           GBL_II =  2.0026594109E+00                                                     
           GBL_III =  1.9687013247E+00 =  6.4778244784E-01 +  1.3209188769E+00            
           GBL_IV =  2.0028211584E+00 =  6.8190260561E-01 +  1.3209185528E+00             

Number of NACPs  =      6
Number of NNACPs =      0
Number of BCPs   =      5
Number of RCPs   =      0
Number of CCPs   =      0
NumNACP + NumNNACP - NumBCP + NumRCP - NumCCP =      1
Poincare-Hopf Relationship is Satisfied

Bond Path Angles and Corresponding Geometric Bond Angles:
--------------------------------------------------------
  BPA     = A-B-C Bond Path Angle
  GBA_I   = A-B-C Geometric Bond Angle in Terms of Nuclear Attractors
  GBA_II  = A-B-C Geometric Bond Angle in Terms of Nuclei
  GBA_III = A-B-C Geometric Bond Angle in Terms of A|B and C|B BCPs and Nuclear Attractor B
  GBA_IV  = A-B-C Geometric Bond Angle in Terms of A|B and C|B BCPs and Nucleus B
-------------------------------------------------------------------------------------------------
Atom A    Atom B    Atom C        BPA          GBA_I         GBA_II       GBA_III       GBA_IV
-------------------------------------------------------------------------------------------------
H3        C1        H2        119.33200850  118.67321657  118.66180707  118.85240144  118.85244559
F6        C1        H2         85.35653649   83.33832204   83.30823294   83.82515102   83.82527471
F6        C1        H3         86.55719857   83.57666023   83.54705078   84.14254029   84.14266407
Cl5       C1        H2         94.65396659   96.66077009   96.69085831   96.17453661   96.17441292
Cl5       C1        H3         94.76307053   96.66086597   96.69047495   96.18141935   96.18129502
Cl5       C1        F6        178.47083154  179.72631734  179.72631763  179.62623545  179.62623609
H4        C1        H2        119.36701034  118.67416811  118.66181947  118.86465198  118.86469843
H4        C1        H3        119.34994632  118.67366337  118.66178955  118.85844310  118.85848840
H4        C1        F6         84.13612181   83.10347767   83.07291509   83.50949671   83.50962030
H4        C1        Cl5        94.53564047   96.66002043   96.69058303   96.16708597   96.16696294

Total time for electron density critical point search, analysis and connectivity = 260 sec (NProc = 8)             
 
Virial-Based Atomic Energy Components:
-------------------------------------
  Ee(A) = E(A) - W(A) = -T(A)
        = Contribution of Atom A to Electronic Energy of Molecule.
          Not additive to give molecular Ee unless molecular electronic virial theorem is satisfied.
  T(A) = Electronic Kinetic Energy of Atom A (Hamiltonian Form)
  Ven(A) = Ven(A,Mol) = VenT(A)
         = Attraction Energy Between Electron Density Distribution of Atom A and Nuclei of Molecule
  VenO(A) = Ven(A,A)
          = Attraction Energy Between Electron Density Distribution of Atom A and Nucleus of Atom A
  Vee(A) = Vee(A,A) + Vee(A,A')/2
         = Two-Electron Interaction Energy of Atom A with Itself Plus Half of Two-Electron Interaction Energy
           Between Atom A and Other Atoms of Molecule
  Vnn(A) - W(A) = Contribution of Atom A to the Nuclear Repulsion Energy of Molecule Minus
                  the Nuclear Virial of Energy-Gradient-Based Forces on Nuclei of Molecule.
                  Calculation of Vnn(A) - W(A) assumes satisfaction of the atomic virial theorem:
                       2T(A) + Ven(A) + Vee(A) + Vnn(A) - W(A) = 0
See "2EDM Note" and "DFT Note".
--------------------------------------------------------------------------------------------------------------------
Atom A         Ee(A)              T(A)             Ven(A)           VenO(A)            Vee(A)        Vnn(A) - W(A)
--------------------------------------------------------------------------------------------------------------------
C1       -3.7795361034E+01  3.7795361034E+01 -1.3438652327E+02 -8.8872348252E+01
H2       -6.1521721647E-01  6.1521721647E-01 -9.2919689258E+00 -1.2224336480E+00
H3       -6.1542145519E-01  6.1542145519E-01 -9.2941314943E+00 -1.2229477636E+00
H4       -6.1500992314E-01  6.1500992314E-01 -9.2898310512E+00 -1.2219222779E+00
Cl5      -4.5981441189E+02  4.5981441189E+02 -1.1562489529E+03 -1.0993385777E+03
F6       -9.9740051793E+01  9.9740051793E+01 -2.8566681011E+02 -2.4295984768E+02
--------------------------------------------------------------------------------------------------------------------
Total    -5.9919547331E+02  5.9919547331E+02 -1.6041782178E+03 -1.4348380773E+03
 
More Virial-Based Atomic Energy Components:
------------------------------------------
  E(A) = Ee(A) + W(A)
       = T(A) + Ven(A) + Vee(A) + Vnn(A) = Contribution of Atom A to Total Energy E of Molecule
         Not additive to give molecular E unless molecular virial theorem is satisfied.
  Ee(A) = E(A) - W(A) = Contribution of Atom A to Electronic Energy of Molecule
          Not additive to give molecular Ee unless molecular virial theorem is satisfied.
  W(A) = Contribution of Atom A to Nuclear Virial of Energy-Gradient-Based Forces on Nuclei of Molecule
  Vnn(A) = Contribution of Atom A to Nuclear Repulsion Energy of Molecule
           Calculation of Vnn(A) assumes satisfaction of the atomic virial theorem:
                2T(A) + Ven(A) + Vee(A) + Vnn(A) - W(A) = 0
  VeeC(A) = Coulomb Part of Vee(A)
  VeeX(A) = Exchange-Correlation Part of Vee(A)
See "2EDM Note" and "DFT Note".
--------------------------------------------------------------------------------------------------------------------
Atom A          E(A)             Ee(A)              W(A)             Vnn(A)           VeeC(A)           VeeX(A)
--------------------------------------------------------------------------------------------------------------------
C1                         -3.7795361034E+01
H2                         -6.1521721647E-01
H3                         -6.1542145519E-01
H4                         -6.1500992314E-01
Cl5                        -4.5981441189E+02
F6                         -9.9740051793E+01
--------------------------------------------------------------------------------------------------------------------
Total                      -5.9919547331E+02
 
IQA Atomic Energy Components:
----------------------------
  E_IQA(A) = Contribution of Atom A to Total Energy E of Molecule, Using IQA Additive Atomic Energy Definition
           = T(A) + Vne(A,Mol)/2 + Ven(A,Mol)/2 + Vee(A) + Vnn(A,Mol)/2
  T(A) = Electronic Kinetic Energy of Atom A (Hamiltonian Form)
  Vne(A,Mol)/2 = Half of Attraction Energy Between Nucleus of Atom A and Electron Density Distribution of Molecule
  Ven(A,Mol)/2 = Half of Attraction Energy Between Electron Density Distribution of Atom A and Nuclei of Molecule
  Vee(A) = Vee(A,A) + Vee(A,A')/2
         = Two-Electron Interaction Energy of Atom A with Itself Plus Half of Two-Electron Interaction Energy
           Between Atom A and Other Atoms of Molecule
  Vnn(A,Mol)/2 = Vnn(A,A')/2 = Half of Repulsion Energy Between Nucleus of Atom A and Other Nuclei of Molecule
  VeeC(A) = Coulomb Part of Vee(A)
  VeeX(A) = Exchange-Correlation Part of Vee(A)
See "2EDM Note" and "DFT Note".
--------------------------------------------------------------------------------------------------------------------------------------------------------
Atom A        E_IQA(A)            T(A)          Vne(A,Mol)/2      Ven(A,Mol)/2         Vee(A)         Vnn(A,Mol)/2        VeeC(A)           VeeX(A)
--------------------------------------------------------------------------------------------------------------------------------------------------------
C1                          3.7795361034E+01 -6.8516109075E+01 -6.7193261633E+01                    2.3908366383E+01
H2                          6.1521721647E-01 -5.2850551023E+00 -4.6459844629E+00                    4.6537913499E+00
H3                          6.1542145519E-01 -5.2830292503E+00 -4.6470657472E+00                    4.6518396334E+00
H4                          6.1500992314E-01 -5.2870702694E+00 -4.6449155256E+00                    4.6557330595E+00
Cl5                         4.5981441189E+02 -5.7697588418E+02 -5.7812447646E+02                    2.7549663450E+01
F6                          9.9740051793E+01 -1.4074289250E+02 -1.4283340506E+02                    1.9564658586E+01
--------------------------------------------------------------------------------------------------------------------------------------------------------
Total                       5.9919547331E+02 -8.0209004038E+02 -8.0208910889E+02                    8.4984052462E+01
 
More IQA Atomic Energy Components:
---------------------------------
  Vneen(A) = Vne(A,Mol)/2 + Ven(A,Mol)/2
  V_IQA(A) = Vne(A,Mol)/2 + Ven(A,Mol)/2 + Vee(A,A) + Vee(A,A')/2 + Vnn(A,A')/2
           = VC_IQA(A) + VX_IQA(A) = Potential Energy Contribution to E_IQA(A)
           = E_IQA(A) - T(A)
  VC_IQA(A) = Vne(A,Mol)/2 + Ven(A,Mol)/2 + VeeC(A,A) + VeeC(A,A')/2 + Vnn(A,A')/2
            = Coulomb Potential Energy Contribution to E_IQA(A)
            = E_IQA(A) - T(A) - VeeX(A)
  VX_IQA(A) = VeeX(A,A) + VeeX(A,A')/2
            = Exchange-Correlation Energy Contribution to E_IQA(A)
            = E_IQA(A) - T(A) - VC_IQA(A)
See "2EDM Note" and "DFT Note".
--------------------------------------------------------------------------------
Atom A        Vneen(A)          V_IQA(A)         VC_IQA(A)         VX_IQA(A)
--------------------------------------------------------------------------------
C1       -1.3570937071E+02
H2       -9.9310395652E+00
H3       -9.9300949975E+00
H4       -9.9319857950E+00
Cl5      -1.1551003606E+03
F6       -2.8357629756E+02
--------------------------------------------------------------------------------
Total    -1.6041791493E+03
 
IQA Intraatomic ("Self") Energy Components:
------------------------------------------
  E_IQA_Intra(A) = T(A) + Vne(A,A) + Vee(A,A)
                 = Intraatomic ("Self") Contribution to E_IQA(A)
  T(A) = Electronic Kinetic Energy of Atom A (Hamiltonian Form)
  Vne(A,A) = Attraction Energy Between Electron Density Distribution of Atom A and Nucleus of Atom A
  Vee(A,A) = Two-electron Interaction Energy of Atom A With Itself
  VeeC(A,A) = Coulomb Part of Vee(A,A)
