AIMSum (Version 17.11.14, Professional)
Copyright (c) 1997-2017 by Todd A. Keith
AIMSum is a component of the AIMAll package ( http://aim.tkgristmill.com )

TP:  64-bit Linux

Much of the Quantum Theory of Atoms in Molecules (QTAIM) is described in the book:
  "Atoms in Molecules - A Quantum Theory"
  R.F.W. Bader, Oxford University Press, Oxford, 1990

For additional references see:  http://aim.tkgristmill.com/references.html

Wfn File:  /home/bruns/metodo_ts/QCISD/clch3f_ts/RUN/GAUSSIAN.wfn
Sum File:  /home/bruns/metodo_ts/QCISD/clch3f_ts/RUN/GAUSSIAN.sum

SumViz File:  /home/bruns/metodo_ts/QCISD/clch3f_ts/RUN/GAUSSIAN.sumviz

Wfn Title:   clch3f_ts-wavefunction                                                        
 
Total memory allocated for AIMSum =        1.289 Megabytes

Atomic units (a.u.) used throughout, except where stated otherwise

Model:  Unknown
 
Restricted, natural orbital wavefunction.
  Number of electrons (from MO Occs)                   =          35.9999996000
  Number of Alpha electrons (from MO Occs)             =          17.9999998000
  Number of Beta electrons (from MO Occs)              =          17.9999998000
  Number of electron pairs (N*(N-1)/2)                 =         629.9999858000
  Number of electron pairs (from Muller 2EDM)          =         629.9999858000
  Number of electron pairs (from Muller 2EDM, no SOSI) =         630.4350498790
 
Nuclear Charges and Cartesian Coordinates:
-------------------------------------------------------------------------------
Atom      Charge                X                  Y                  Z
-------------------------------------------------------------------------------
C1         6.0           3.3070000000E-04   5.4800000000E-05  -9.4053370000E-01
H2         1.0           3.5900000000E-05  -1.9890690400E+00  -1.1730021400E+00
H3         1.0          -1.7221301000E+00   9.9468570000E-01  -1.1739829100E+00
H4         1.0           1.7418550600E+00   9.9424539000E-01  -1.1745970700E+00
Cl5       17.0           1.0488000000E-03   1.8179200000E-03   3.1080665900E+00
F6         9.0          -3.5149000000E-04  -1.7404400000E-03  -4.9009442500E+00
 
Some Atomic Properties:
----------------------
  q(A) = Net Charge of Atom A
  L(A) = Lagrangian of Atom A = -(1/4) Times Atomic Integral of the Laplacian of the Electron Density
  K(A) = Electronic Kinetic Energy of Atom A (Hamiltonian Form)
  K_Scaled(A) = K(A) * E(Mol)/K(Mol) = Approximation to Virial-Based Total Energy of Atom A.
  |Mu_Intra(A)| = Magnitude of Intraatomic Dipole Moment of Atom A
--------------------------------------------------------------------------------------------------
Atom A          q(A)              L(A)              K(A)          K_Scaled(A)      |Mu_Intra(A)|
--------------------------------------------------------------------------------------------------
C1        2.2053829260E-01  8.0698685177E-05  3.7789991529E+01 -3.7798599712E+01  2.5447265200E-02
H2        9.1628751450E-02  3.0519368550E-05  6.1527161936E-01 -6.1541177208E-01  1.4501841294E-01
H3        9.2491764960E-02  2.0721032511E-05  6.1476479692E-01 -6.1490483419E-01  1.4487176784E-01
H4        9.5999265290E-02  2.9817256354E-05  6.0810663181E-01 -6.0824515242E-01  1.4452992844E-01
Cl5      -6.4152290000E-01  7.9314270299E-06  4.5981456625E+02 -4.5991930741E+02  1.6845189848E-01
F6       -8.5895142150E-01  1.1254404159E-05  9.9740082544E+01 -9.9762802338E+01  1.0503219794E-01
--------------------------------------------------------------------------------------------------
Total    -9.9981624720E-01  1.8094217378E-04  5.9918278337E+02 -5.9931927122E+02
 
1st Largest |L(A)| = 8.0698685177E-05, atom C1      
2nd Largest |L(A)| = 3.0519368550E-05, atom H2      
 
Molecular charge q(Mol) from the wfn file:  -9.9999960000E-01
Molecular energy E(Mol) from the wfn file:  -5.9931924811E+02
Molecular virial ratio (-V(Mol)/T(Mol)) from the wfn file:   2.0002277900E+00
Note.  K_Scaled(A) = (1+V(Mol)/T(Mol))*K(A) = (E(Mol)/T(Mol))*K(A)
       Only use K_Scaled(A) data with caution.
 
N_AIMInt(SumA)     =         35.999816
N_Analytic(Mol)    =         36.000000
 
G_AIMInt(SumA)     =        599.182602
G_Analytic(Mol)    =        599.182760
 
K_AIMInt(SumA)     =        599.182783
K_Analytic(Mol)    =        599.182760
 
L_AIMInt(SumA)     =          0.000181
L_Analytic(Mol)    =          0.000000
 
VenT_AIMInt(SumA)  =      -1604.100311
VenT_Analytic(Mol) =      -1604.102030
 
Some Information About the Atomic Calculations:
----------------------------------------------
  Time(sec) = "Elapsed User Time", in Seconds, for Atom A by AIMInt and, if used, by TWOe
  NProc = Number of Processors Used for AIMInt Job
  BIM = Basin Integration Method
  OAQ = Angular Quadrature Outside of Beta Sphere
  ORQ = Multiple of Default for Radial Quadrature Outside of Beta Sphere
  IAQ = Multiple of Default for Angular Quadrature Inside of Beta Sphere
  IRQ = Multiple of Default for Radial Quadrature Inside of Beta Sphere
  MIR = Maximum Integration Radius
------------------------------------------------------------------------------------------------------
Atom A     Time(sec)   NProc      BIM          OAQ                     ORQ      IAQ      IRQ      MIR
------------------------------------------------------------------------------------------------------
C1             78        8     Proaim(5)    4500(GS4)                  1.00     1.00     1.00    13.00
H2             17        8     Proaim(5)    1800(GS4)                  1.00     1.00     1.00    13.00
H3             17        8     Proaim(5)    1800(GS4)                  1.00     1.00     1.00    13.00
H4             17        8     Proaim(5)    1800(GS4)                  1.00     1.00     1.00    13.00
Cl5            31        8     Proaim(5)    3150(GS4)                  1.00     1.00     1.00    13.00
F6             35        8     Proaim(5)    2700(GS4)                  1.00     1.00     1.00    13.00
------------------------------------------------------------------------------------------------------
Total         195
Note:  Total wall clock time is less than total of atomic times if more than one atom
       was calculated at a time
 
Electron Density Critical Point Analysis of Molecular Structure:               
---------------------------------------------------------------                
  NACP = Nuclear Attractor Critical Point                                      
  NNACP = Non-Nuclear Attractor Critical Point                                 
  BCP = Bond Critical Point                                                    
  RCP = Ring Critical Point                                                    
  CCP = Cage Critical Point                                                    
  Rho = Electron Density                                                       
  GradRho = Gradient of Electron Density                                       
  HessRho_EigVals = Eigenvalues of the Hessian of Rho, Ascending Order         
  HessRho_EigVecs = Eigenvectors of the Hessian of Rho                         
  DelSqRho = Laplacian of Rho = Trace of Hessian of Rho                        
  Bond Ellipticity = (HessRho_EigVal(1) / HessRho_EigVal(2)) - 1               
  V = Virial Field = Potential Energy Density = Trace of Stress Tensor         
  G = Lagrangian Form of Kinetic Energy Density                                
  K = Hamiltonian Form of Kinetic Energy Density                               
  L = K - G = Lagrangian Density = (-1/4)DelSqRho                              
  Vnuc = Electrostatic Potential from Nuclei                                   
  Ven = Electron-nuclear attractive contribution to Virial Field V             
  Vrep = V - Ven = Repulsive contribution to Virial Field V                    
  DelSqV = Laplacian of V                                                      
  DelSqVen = Laplacian of Ven                                                  
  DelSqVrep = Laplacian of Vrep                                                
  DelSqG = Laplacian of G                                                      
  DelSqK = Laplacian of K                                                      
  Stress_EigVals = Eigenvalues of Stress Tensor, Ascending Order               
  Stress_EigVecs = Eigenvectors of Stress Tensor                               
  -DivStress = Ehrenfest Force Density = Minus Divergence of Stress Tensor     
  ESP = Total Electrostatic Potential                                          
  ESPe = Electrostatic Potential from Electrons                                
  ESPn = Electrostatic Potential from Nuclei                                   
  BP = Bond Path                                                               
  BPL = Bond Path Length                                                       
  GBL = Geometric Bond Length                                                  
  GBL_I = Distance Between Nuclear Attractors                                  
  GBL_II = Distance Between Nuclei                                             
  GBL_III = Sum of Distances Between BCP and Nuclear Attractors                
  GBL_IV = Sum of Distances Between BCP and Nuclei                             

CP# 1      Coords =  3.30809551105172E-04  5.48589093639158E-05 -9.40530850150593E-01
           Type = (3,-3) NACP C1
           Rho =  1.2140604602E+02     Rho at Nucleus =  1.2140604500E+02
           GradRho = -9.8795105180E-16 -8.1323885460E-16  9.0271831293E-12
           HessRho_EigVals = -2.4892764287E+05 -2.4892059521E+05 -2.4892053264E+05
           HessRho_EigVec1 = -1.0704981011E-03 -3.2453335217E-04  9.9999937436E-01
           HessRho_EigVec2 =  8.9196217354E-01  4.5210868994E-01  1.1015688509E-03
           HessRho_EigVec3 = -4.5210876458E-01  8.9196279471E-01 -1.9451001989E-04
           DelSqRho = -7.4676877072E+05
           Bond Ellipticity = NA
           V = -1.8670568320E+05
           G =  6.7452573953E+00
           K =  1.8669893794E+05
           L =  1.8669219268E+05
           Vnuc =  2.1033798582E+06
           Ven = -2.5536303185E+08
           Vrep =  2.5517632617E+08
           DelSqV =  1.1231330852E+10
           DelSqVen =  1.5707384054E+12
           DelSqVrep = -1.5595070745E+12
           DelSqG =  3.8280996145E+08
           DelSqK = -1.1614140813E+10
           Stress_EigVals = -6.2235954942E+04 -6.2235934671E+04 -6.2233793583E+04
           Stress_EigVec1 = -5.1618519411E-01  8.5647696375E-01 -2.3652396489E-04
           Stress_EigVec2 =  8.5647648932E-01  5.1618516932E-01  9.4562451508E-04
           Stress_EigVec3 = -9.3199577639E-04 -2.8554015878E-04  9.9999952493E-01
           -DivStress = -4.0297974508E+02 -2.1671766156E+02 -1.0475435684E+04
           ESP =  -1.4868151884E+01     ESP at Nucleus =  -1.4868151908E+01
           ESPe = -2.2833606481E+01     ESPe at Nucleus = -2.2833605430E+01
           ESPn =  7.9654545962E+00     ESPn at Nucleus =  7.9654535226E+00

CP# 2      Coords =  3.05880075494561E-05 -1.95532673815321E+00 -1.16801461210138E+00
           Type = (3,-3) NACP H2
           Rho =  4.4819383556E-01     Rho at Nucleus =  4.4331450199E-01
           GradRho =  5.6378250449E-17  2.5488368348E-16 -2.4033522625E-16
           HessRho_EigVals = -8.9799106676E+00 -8.9666156923E+00 -8.0229126536E+00
           HessRho_EigVec1 =  4.2171501537E-04 -1.3688680418E-01  9.9058660651E-01
           HessRho_EigVec2 =  9.9999990953E-01  1.1276076976E-04 -4.1014032811E-04
           HessRho_EigVec3 = -5.5556509481E-05  9.9058668986E-01  1.3688683935E-01
           DelSqRho = -2.5969439013E+01
           Bond Ellipticity = NA
           V = -6.5202177870E+00
           G =  1.3929016825E-02
           K =  6.5062887702E+00
           L =  6.4923597534E+00
           Vnuc =  3.8701504110E+01
           Ven = -1.7345775569E+01
           Vrep =  1.0825557782E+01
           DelSqV =  1.6597668027E+03
           DelSqVen =  1.0050563507E+03
           DelSqVrep =  6.5471045200E+02
           DelSqG =  1.2678928727E+02
           DelSqK = -1.7865560900E+03
           Stress_EigVals = -2.2535971819E+00 -2.2513053378E+00 -2.0153152674E+00
           Stress_EigVec1 = -4.5920560415E-04 -1.3627994480E-01  9.9067026087E-01
           Stress_EigVec2 =  9.9999988840E-01  4.7413381369E-05  4.7005251322E-04
           Stress_EigVec3 = -1.1102975744E-04  9.9067036617E-01  1.3627990781E-01
           -DivStress =  2.9950644860E-03 -1.8242277273E+01 -2.6966187278E+00
           ESP =  -1.2606655220E+00     ESP at Nucleus =  -1.2625523043E+00
           ESPe = -1.0644325163E+01     ESPe at Nucleus = -1.0569358098E+01
           ESPn =  9.3836596408E+00     ESPn at Nucleus =  9.3068057941E+00

CP# 3      Coords = -1.69288399427987E+00  9.77818774445384E-01 -1.16898084877910E+00
           Type = (3,-3) NACP H3
           Rho =  4.4802156977E-01     Rho at Nucleus =  4.4313851422E-01
           GradRho =  4.6387002699E-13 -2.6752124673E-13  7.8183626209E-14
           HessRho_EigVals = -8.9761221772E+00 -8.9628069316E+00 -8.0187227076E+00
           HessRho_EigVec1 = -1.1886751685E-01  6.8661190401E-02  9.9053326768E-01
           HessRho_EigVec2 =  4.9963344245E-01  8.6623692806E-01 -8.7500355209E-05
           HessRho_EigVec3 =  8.5804250281E-01 -4.9489314544E-01  1.3727285956E-01
           DelSqRho = -2.5957651816E+01
           Bond Ellipticity = NA
           V = -6.5172386018E+00
           G =  1.3912823843E-02
           K =  6.5033257779E+00
           L =  6.4894129541E+00
           Vnuc =  3.8682726874E+01
           Ven = -1.7330696017E+01
           Vrep =  1.0813457415E+01
           DelSqV =  1.6589306659E+03
           DelSqVen =  1.0041127555E+03
           DelSqVrep =  6.5481791043E+02
           DelSqG =  1.2672298506E+02
           DelSqK = -1.7856536510E+03
           Stress_EigVals = -2.2526467756E+00 -2.2503451743E+00 -2.0142466518E+00
           Stress_EigVec1 = -1.1793778861E-01  6.9010074143E-02  9.9062015308E-01
           Stress_EigVec2 =  4.9968614106E-01  8.6620611444E-01 -8.5307138373E-04
           Stress_EigVec3 =  8.5814010421E-01 -4.9489855220E-01  1.3664181126E-01
           -DivStress = -1.5804379461E+01  9.1147035310E+00 -2.7032241059E+00
           ESP =  -1.2603122678E+00     ESP at Nucleus =  -1.2621958907E+00
           ESPe = -1.0643197120E+01     ESPe at Nucleus = -1.0568185970E+01
           ESPn =  9.3828848518E+00     ESPn at Nucleus =  9.3059900792E+00

CP# 4      Coords =  1.71288600262744E+00  9.77740475544161E-01 -1.16967034412217E+00
           Type = (3,-3) NACP H4
           Rho =  4.4255113141E-01     Rho at Nucleus =  4.3783842571E-01
           GradRho = -3.3029474813E-13 -1.8772530206E-13  5.5635670788E-14
           HessRho_EigVals = -8.8716849387E+00 -8.8586466782E+00 -7.9456281616E+00
           HessRho_EigVec1 =  1.1898671474E-01  6.7442880563E-02  9.9060265474E-01
           HessRho_EigVec2 = -4.9511480382E-01  8.6882750265E-01  3.1885078448E-04
           HessRho_EigVec3 =  8.6064132643E-01  4.9049997808E-01 -1.3677089879E-01
           DelSqRho = -2.5675959778E+01
           Bond Ellipticity = NA
           V = -6.4459624279E+00
           G =  1.3486241646E-02
           K =  6.4324761863E+00
           L =  6.4189899446E+00
           Vnuc =  3.9017987985E+01
           Ven = -1.7267454728E+01
           Vrep =  1.0821492300E+01
           DelSqV =  1.6425757974E+03
           DelSqVen =  1.0018242901E+03
           DelSqVrep =  6.4075150729E+02
           DelSqG =  1.2549411949E+02
           DelSqK = -1.7680699169E+03
           Stress_EigVals = -2.2262687310E+00 -2.2239267533E+00 -1.9957669436E+00
           Stress_EigVec1 =  1.1766240389E-01  6.8502433402E-02  9.9068813222E-01
           Stress_EigVec2 = -4.9521408129E-01  8.6877007024E-01 -1.2564848561E-03
           Stress_EigVec3 =  8.6076627049E-01  4.9045487221E-01 -1.3614494451E-01
           -DivStress =  1.5487311429E+01  8.8235916063E+00 -2.6340035469E+00
           ESP =  -1.2597357522E+00     ESP at Nucleus =  -1.2613305289E+00
           ESPe = -1.0606760264E+01     ESPe at Nucleus = -1.0533212550E+01
           ESPn =  9.3470245115E+00     ESPn at Nucleus =  9.2718820208E+00

CP# 5      Coords =  1.04879989622958E-03  1.81791989572419E-03  3.10806651442569E+00
           Type = (3,-3) NACP Cl5
           Rho =  3.1725881393E+03     Rho at Nucleus =  3.1725881389E+03
           GradRho =  1.0101276044E-11  1.3933800183E-11 -2.8459314818E-08
           HessRho_EigVals = -1.3891682684E+08 -1.3891660330E+08 -1.3891660321E+08
           HessRho_EigVec1 =  6.1155573007E-04  7.8168166460E-04  9.9999950749E-01
           HessRho_EigVec2 = -6.9115266745E-01  7.2270877263E-01 -1.4224989234E-04
           HessRho_EigVec3 =  7.2270852788E-01  6.9115224006E-01 -9.8223805866E-04
           DelSqRho = -4.1675003335E+08
           Bond Ellipticity = NA
           V = -1.0421595439E+08
           G =  1.4223023554E+04
           K =  1.0420173136E+08
           L =  1.0418750834E+08
           Vnuc =  2.2494374682E+08
           Ven = -7.1365386316E+11
           Vrep =  7.1354964720E+11
           DelSqV =  3.3656985783E+14
           DelSqVen =  9.3745323457E+16
           DelSqVrep = -9.3408719239E+16
           DelSqG =  4.5632232874E+12
           DelSqK = -3.4113308111E+14
           Stress_EigVals = -3.4738670197E+07 -3.4738670173E+07 -3.4738614015E+07
           Stress_EigVec1 =  7.2259789042E-01  6.9126790185E-01 -9.8824588553E-04
           Stress_EigVec2 = -6.9126833354E-01  7.2259813937E-01 -1.4150532574E-04
           Stress_EigVec3 =  6.1628654850E-04  7.8539453628E-04  9.9999950167E-01
           -DivStress =  1.1557021026E+04  1.1617638302E+04  8.4194328061E+06
           ESP =  -6.4638431083E+01     ESP at Nucleus =  -6.4638431083E+01
           ESPe = -6.7879260477E+01     ESPe at Nucleus = -6.7879260430E+01
           ESPn =  3.2408293942E+00     ESPn at Nucleus =  3.2408293467E+00

CP# 6      Coords = -3.51490948771429E-04 -1.74044084626460E-03 -4.90094353867150E+00
           Type = (3,-3) NACP F6
           Rho =  4.3109929589E+02     Rho at Nucleus =  4.3109929537E+02
           GradRho = -1.1379803759E-11 -1.0142836696E-11  8.7138365108E-09
           HessRho_EigVals = -2.0428436174E+06 -2.0428309759E+06 -2.0428309633E+06
           HessRho_EigVec1 = -3.4982205946E-04 -4.6138293149E-05  9.9999993775E-01
           HessRho_EigVec2 =  7.6060937123E-01 -6.4920977245E-01  2.3612452059E-04
           HessRho_EigVec3 =  6.4920972114E-01  7.6060940648E-01  2.6220111776E-04
           DelSqRho = -6.1285055566E+06
           Bond Ellipticity = NA
           V = -1.5324353042E+06
           G =  1.5445752956E+02
           K =  1.5322808467E+06
           L =  1.5321263892E+06
           Vnuc =  1.2652366296E+07
           Ven = -5.4544262015E+09
           Vrep =  5.4528937662E+09
           DelSqV =  2.1792702522E+11
           DelSqVen =  7.7540110631E+13
           DelSqVrep = -7.7322183606E+13
           DelSqG =  7.2617795644E+09
           DelSqK = -2.2518880479E+11
           Stress_EigVals = -5.1081280968E+05 -5.1081280664E+05 -5.1080968790E+05
           Stress_EigVec1 =  6.4829001474E-01  7.6139345266E-01  2.5892289247E-04
           Stress_EigVec2 =  7.6139341653E-01 -6.4829006504E-01  2.3838037381E-04
           Stress_EigVec3 = -3.4935839466E-04 -4.2602569665E-05  9.9999993807E-01
           -DivStress =  6.7633258601E+01  6.0444467451E+01 -5.0707355724E+04
           ESP =  -2.6928507349E+01     ESP at Nucleus =  -2.6928507352E+01
           ESPe = -3.1275802020E+01     ESPe at Nucleus = -3.1275801457E+01
           ESPn =  4.3472946714E+00     ESPn at Nucleus =  4.3472941054E+00

CP# 7      Coords =  4.65021274908644E-05 -1.31315341598505E+00 -1.08203986510487E+00
           Type = (3,-1) BCP C1 H2
           Rho =  3.1745218675E-01
           GradRho =  3.1459091882E-18 -4.1924702526E-14  2.8700969020E-14
           HessRho_EigVals = -9.7054626495E-01 -9.2940977246E-01  5.1148335839E-01
           HessRho_EigVec1 =  6.6493323025E-05 -1.2926536010E-01  9.9161003538E-01
           HessRho_EigVec2 =  9.9999999121E-01 -1.0512112596E-04 -8.0759411245E-05
           HessRho_EigVec3 =  1.1467855781E-04  9.9161003203E-01  1.2926535197E-01
           DelSqRho = -1.3884726790E+00
           Bond Ellipticity =  4.4260877937E-02
           V = -4.3560871279E-01
           G =  4.4245271520E-02
           K =  3.9136344127E-01
           L =  3.4711816975E-01
           Vnuc =  1.2801703038E+01
           Ven = -4.0639286235E+00
           Vrep =  3.6283199107E+00
           DelSqV = -2.5133962540E+00
           DelSqVen =  1.7774814913E+01
           DelSqVrep = -2.0288211167E+01
           DelSqG =  1.9011637386E+00
           DelSqK =  6.1223251537E-01
           Stress_EigVals = -2.7419445300E-01 -2.6829835023E-01  1.0688409043E-01
           Stress_EigVec1 =  9.9999949798E-01 -1.4284299548E-04  9.9178326891E-04
           Stress_EigVec2 = -1.0018884399E-03 -1.2667912958E-01  9.9194324150E-01
           Stress_EigVec3 =  1.6053902727E-05  9.9194373718E-01  1.2667920909E-01
           -DivStress =  4.2816984199E-05 -2.0510162230E-02 -1.2208963219E-02
           ESP =   7.5137033688E-01
           ESPe = -1.2050332701E+01
           ESPn =  1.2801703038E+01
           BPL =  1.9689653313E+00 =  1.3210596431E+00 +  6.4790568825E-01                
           GBL_I =  1.9685695675E+00                                                      
           GBL_II =  2.0026620567E+00                                                     
           GBL_III =  1.9687136315E+00 =  1.3208106811E+00 +  6.4790295036E-01            
           GBL_IV =  2.0028191635E+00 =  1.3208103172E+00 +  6.8200884624E-01             

CP# 8      Coords = -1.13689040550212E+00  6.57109485915171E-01 -1.08277145936886E+00
           Type = (3,-1) BCP C1 H3
           Rho =  3.1742570200E-01
           GradRho = -9.4902760402E-16  4.9216522431E-16 -1.2051551512E-17
           HessRho_EigVals = -9.7058821819E-01 -9.2959222723E-01  5.1164157463E-01
           HessRho_EigVec1 = -1.1270614826E-01  6.4215410548E-02  9.9155116116E-01
           HessRho_EigVec2 =  4.9956929883E-01  8.6627365786E-01  6.8217647468E-04
           HessRho_EigVec3 =  8.5891084509E-01 -4.9542540382E-01  1.2971441494E-01
           DelSqRho = -1.3885388708E+00
           Bond Ellipticity =  4.4101047491E-02
           V = -4.3549058714E-01
           G =  4.4177934723E-02
           K =  3.9131265242E-01
           L =  3.4713471770E-01
           Vnuc =  1.2800279286E+01
           Ven = -4.0631376384E+00
           Vrep =  3.6276470512E+00
           DelSqV = -2.5179336763E+00
           DelSqVen =  1.7773685346E+01
           DelSqVrep = -2.0291619022E+01
           DelSqG =  1.9006861290E+00
           DelSqK =  6.1724754725E-01
           Stress_EigVals = -2.7416049889E-01 -2.6828984197E-01  1.0695975372E-01
           Stress_EigVec1 =  4.9938064021E-01  8.6638074941E-01  1.8366366422E-03
           Stress_EigVec2 = -1.1101110807E-01  6.1883941533E-02  9.9189057444E-01
           Stress_EigVec3 =  8.5924124090E-01 -4.9553483715E-01  1.2708152934E-01
           -DivStress = -1.9010041669E-02  1.0484417410E-02 -1.2303004057E-02
           ESP =   7.5164639331E-01
           ESPe = -1.2048632893E+01
           ESPn =  1.2800279286E+01
           BPL =  1.9689440841E+00 =  1.3213185189E+00 +  6.4762556525E-01                
           GBL_I =  1.9685497322E+00                                                      
           GBL_II =  2.0026633188E+00                                                     
           GBL_III =  1.9686926095E+00 =  1.3210697430E+00 +  6.4762286659E-01            
           GBL_IV =  2.0028191266E+00 =  1.3210693711E+00 +  6.8174975545E-01             

CP# 9      Coords = -9.73197037068061E-04 -1.32285748130348E-03 -2.75720094853417E+00
           Type = (3,-1) BCP C1 F6
           Rho =  4.6130246051E-02
           GradRho = -3.1437452038E-18 -5.2017706578E-19 -4.1594022111E-17
           HessRho_EigVals = -3.8457692355E-02 -3.8310888723E-02  2.3469913890E-01
           HessRho_EigVec1 =  7.5738189206E-01  6.5297204047E-01  4.2888521291E-04
           HessRho_EigVec2 = -6.5297189906E-01  7.5738201201E-01 -4.3233451318E-04
           HessRho_EigVec3 = -6.0713229471E-04  4.7392339640E-05  9.9999981457E-01
           DelSqRho =  1.5793055782E-01
           Bond Ellipticity =  3.8319035872E-03
           V = -4.4858605265E-02
           G =  4.2170622360E-02
           K =  2.6879829050E-03
           L = -3.9482639456E-02
           Vnuc =  1.1577498298E+01
           Ven = -5.3407284517E-01
           Vrep =  4.8921423990E-01
           DelSqV = -3.9573405041E-01
           DelSqVen = -1.8284407645E+00
           DelSqVrep =  1.4327067141E+00
           DelSqG =  2.8720656311E-01
           DelSqK =  1.0852748730E-01
           Stress_EigVals = -2.4686785635E-02 -2.4672903209E-02  4.5010835790E-03
           Stress_EigVec1 =  1.8092587548E-04  9.9999987158E-01 -4.7338796834E-04
           Stress_EigVec2 =  9.9999996787E-01 -1.8100989308E-04 -1.7744466975E-04
           Stress_EigVec3 =  1.7753033487E-04  4.7335584880E-04  9.9999987221E-01
           -DivStress =  1.1639033530E-05  8.5217609630E-06  2.0436373157E-02
           ESP =  -1.7889753007E-02
           ESPe = -1.1595388051E+01
           ESPn =  1.1577498298E+01
           BPL =  3.9604486593E+00 =  1.8167059290E+00 +  2.1437427303E+00                
           GBL_I =  3.9604131542E+00                                                      
           GBL_II =  3.9604110156E+00                                                     
           GBL_III =  3.9604138098E+00 =  1.8166710888E+00 +  2.1437427210E+00            
           GBL_IV =  3.9604116711E+00 =  1.8166682388E+00 +  2.1437434323E+00             

CP# 10     Coords =  4.94925443279979E-04  8.44743651047271E-04  7.24835189417244E-01
           Type = (3,-1) BCP Cl5 C1
           Rho =  8.0683340627E-02
           GradRho =  1.7145174782E-18  1.4987218921E-18 -3.7341572079E-17
           HessRho_EigVals = -8.4589528820E-02 -8.4526548219E-02  2.0968312312E-01
           HessRho_EigVec1 =  8.4409769756E-01  5.3618922625E-01 -4.3660640998E-04
           HessRho_EigVec2 = -5.3618932653E-01  8.4409773349E-01 -1.4974971632E-04
           HessRho_EigVec3 =  2.8824429657E-04  3.6050708768E-04  9.9999989347E-01
           DelSqRho =  4.0567046079E-02
           Bond Ellipticity =  7.4509846407E-04
           V = -6.9092056871E-02
           G =  3.9616909196E-02
           K =  2.9475147676E-02
           L = -1.0141761520E-02
           Vnuc =  1.3425189278E+01
           Ven = -1.0831891195E+00
           Vrep =  1.0140970626E+00
           DelSqV = -4.3986455620E-01
           DelSqVen = -5.4462027205E-01
           DelSqVrep =  1.0475571585E-01
           DelSqG =  2.9741223408E-01
           DelSqK =  1.4245232212E-01
           Stress_EigVals = -4.1844526993E-02 -4.1828443799E-02  1.4580913921E-02
           Stress_EigVec1 = -1.0093208539E-01  9.9489323361E-01 -4.0970233005E-04
           Stress_EigVec2 =  9.9489330762E-01  1.0093201640E-01 -1.8577416904E-04
           Stress_EigVec3 =  1.4347338146E-04  4.2636068058E-04  9.9999989882E-01
           -DivStress = -1.3977053388E-05 -2.8126958694E-05 -4.1221389063E-02
           ESP =   1.7968178818E-01
           ESPe = -1.3245507490E+01
           ESPn =  1.3425189278E+01
           BPL =  4.0485989328E+00 =  2.3832315899E+00 +  1.6653673428E+00                
           GBL_I =  4.0485978121E+00                                                      
           GBL_II =  4.0486007376E+00                                                     
           GBL_III =  4.0485978230E+00 =  2.3832315881E+00 +  1.6653662350E+00            
           GBL_IV =  4.0486007485E+00 =  2.3832316636E+00 +  1.6653690849E+00             

CP# 11     Coords =  1.15209539223848E+00  6.58038940402620E-01 -1.08339000510352E+00
           Type = (3,-1) BCP H4 C1
           Rho =  3.1140096100E-01
           GradRho =  1.1192965312E-13  6.3995325295E-14  1.2291149694E-13
           HessRho_EigVals = -9.4513737643E-01 -9.0577946508E-01  5.1309463200E-01
           HessRho_EigVec1 =  1.1240200653E-01  6.3180919984E-02  9.9165213673E-01
           HessRho_EigVec2 = -4.9524800910E-01  8.6875128396E-01  7.8491697242E-04
           HessRho_EigVec3 =  8.6144947525E-01  4.9120197268E-01 -1.2893961233E-01
           DelSqRho = -1.3378222095E+00
           Bond Ellipticity =  4.3451980163E-02
           V = -4.2002133184E-01
           G =  4.2782889731E-02
           K =  3.7723844211E-01
           L =  3.3445555238E-01
           Vnuc =  1.2742759708E+01
           Ven = -3.9681076189E+00
           Vrep =  3.5480862871E+00
           DelSqV = -2.4972620488E+00
           DelSqVen =  1.7047546948E+01
           DelSqVrep = -1.9544808997E+01
           DelSqG =  1.8361341758E+00
           DelSqK =  6.6112787302E-01
           Stress_EigVals = -2.6650577653E-01 -2.6101794394E-01  1.0750238863E-01
           Stress_EigVec1 = -4.9508625988E-01  8.6884337919E-01  8.8188440159E-04
           Stress_EigVec2 =  1.1023838732E-01  6.1809411495E-02  9.9198139832E-01
           Stress_EigVec3 =  8.6182196145E-01  4.9121357788E-01 -1.2638088331E-01
           -DivStress =  1.9675794777E-02  1.0707126159E-02 -1.1989626093E-02
           ESP =   7.3287503785E-01
           ESPe = -1.2009884670E+01
           ESPn =  1.2742759708E+01
           BPL =  1.9856487998E+00 =  6.5126276567E-01 +  1.3343860341E+00                
           GBL_I =  1.9852504532E+00                                                      
           GBL_II =  2.0189372667E+00                                                     
           GBL_III =  1.9853938829E+00 =  6.5125991523E-01 +  1.3341339676E+00            
           GBL_IV =  2.0190936179E+00 =  6.8495983178E-01 +  1.3341337861E+00             

Number of NACPs  =      6
Number of NNACPs =      0
Number of BCPs   =      5
Number of RCPs   =      0
Number of CCPs   =      0
NumNACP + NumNNACP - NumBCP + NumRCP - NumCCP =      1
Poincare-Hopf Relationship is Satisfied

Bond Path Angles and Corresponding Geometric Bond Angles:
--------------------------------------------------------
  BPA     = A-B-C Bond Path Angle
  GBA_I   = A-B-C Geometric Bond Angle in Terms of Nuclear Attractors
  GBA_II  = A-B-C Geometric Bond Angle in Terms of Nuclei
  GBA_III = A-B-C Geometric Bond Angle in Terms of A|B and C|B BCPs and Nuclear Attractor B
  GBA_IV  = A-B-C Geometric Bond Angle in Terms of A|B and C|B BCPs and Nucleus B
-------------------------------------------------------------------------------------------------
Atom A    Atom B    Atom C        BPA          GBA_I         GBA_II       GBA_III       GBA_IV
-------------------------------------------------------------------------------------------------
H3        C1        H2        119.45198656  118.67386730  118.66180707  118.86724976  118.86730380
F6        C1        H2         85.09067646   83.33822096   83.30812142   83.80618111   83.80630555
F6        C1        H3         85.05436255   83.34025562   83.31028923   83.80506692   83.80519154
Cl5       C1        H2         94.64904682   96.66075711   96.69085831   96.17753657   96.17741591
Cl5       C1        H3         94.58790328   96.66050668   96.69047495   96.17235668   96.17223636
Cl5       C1        F6        179.37814133  179.99893766  179.99893840  179.96096425  179.96097232
H4        C1        H2        119.12260810  118.42247562  118.40970037  118.62446118  118.62450083
H4        C1        H3        119.48871435  118.94577087  118.93530199  119.10003439  119.10007500
H4        C1        F6         85.95534545   83.39354427   83.36395090   83.91024319   83.91036162
H4        C1        Cl5        94.66414382   96.60671053   96.63630033   96.12863813   96.12851163

Total time for electron density critical point search, analysis and connectivity = 261 sec (NProc = 8)             
 
Virial-Based Atomic Energy Components:
-------------------------------------
  Ee(A) = E(A) - W(A) = -T(A)
        = Contribution of Atom A to Electronic Energy of Molecule.
          Not additive to give molecular Ee unless molecular electronic virial theorem is satisfied.
  T(A) = Electronic Kinetic Energy of Atom A (Hamiltonian Form)
  Ven(A) = Ven(A,Mol) = VenT(A)
         = Attraction Energy Between Electron Density Distribution of Atom A and Nuclei of Molecule
  VenO(A) = Ven(A,A)
          = Attraction Energy Between Electron Density Distribution of Atom A and Nucleus of Atom A
  Vee(A) = Vee(A,A) + Vee(A,A')/2
         = Two-Electron Interaction Energy of Atom A with Itself Plus Half of Two-Electron Interaction Energy
           Between Atom A and Other Atoms of Molecule
  Vnn(A) - W(A) = Contribution of Atom A to the Nuclear Repulsion Energy of Molecule Minus
                  the Nuclear Virial of Energy-Gradient-Based Forces on Nuclei of Molecule.
                  Calculation of Vnn(A) - W(A) assumes satisfaction of the atomic virial theorem:
                       2T(A) + Ven(A) + Vee(A) + Vnn(A) - W(A) = 0
See "2EDM Note" and "DFT Note".
--------------------------------------------------------------------------------------------------------------------
Atom A         Ee(A)              T(A)             Ven(A)           VenO(A)            Vee(A)        Vnn(A) - W(A)
--------------------------------------------------------------------------------------------------------------------
C1       -3.7789991529E+01  3.7789991529E+01 -1.3440730387E+02 -8.8874453211E+01
H2       -6.1527161936E-01  6.1527161936E-01 -9.2911248657E+00 -1.2224596873E+00
H3       -6.1476479692E-01  6.1476479692E-01 -9.2817989891E+00 -1.2215786477E+00
H4       -6.0810663181E-01  6.0810663181E-01 -9.2139106500E+00 -1.2124640828E+00
Cl5      -4.5981456625E+02  4.5981456625E+02 -1.1562435496E+03 -1.0993388221E+03
F6       -9.9740082544E+01  9.9740082544E+01 -2.8566262330E+02 -2.4295973843E+02
--------------------------------------------------------------------------------------------------------------------
Total    -5.9918278337E+02  5.9918278337E+02 -1.6041003113E+03 -1.4348295162E+03
 
More Virial-Based Atomic Energy Components:
------------------------------------------
  E(A) = Ee(A) + W(A)
       = T(A) + Ven(A) + Vee(A) + Vnn(A) = Contribution of Atom A to Total Energy E of Molecule
         Not additive to give molecular E unless molecular virial theorem is satisfied.
  Ee(A) = E(A) - W(A) = Contribution of Atom A to Electronic Energy of Molecule
          Not additive to give molecular Ee unless molecular virial theorem is satisfied.
  W(A) = Contribution of Atom A to Nuclear Virial of Energy-Gradient-Based Forces on Nuclei of Molecule
  Vnn(A) = Contribution of Atom A to Nuclear Repulsion Energy of Molecule
           Calculation of Vnn(A) assumes satisfaction of the atomic virial theorem:
                2T(A) + Ven(A) + Vee(A) + Vnn(A) - W(A) = 0
  VeeC(A) = Coulomb Part of Vee(A)
  VeeX(A) = Exchange-Correlation Part of Vee(A)
See "2EDM Note" and "DFT Note".
--------------------------------------------------------------------------------------------------------------------
Atom A          E(A)             Ee(A)              W(A)             Vnn(A)           VeeC(A)           VeeX(A)
--------------------------------------------------------------------------------------------------------------------
C1                         -3.7789991529E+01
H2                         -6.1527161936E-01
H3                         -6.1476479692E-01
H4                         -6.0810663181E-01
Cl5                        -4.5981456625E+02
F6                         -9.9740082544E+01
--------------------------------------------------------------------------------------------------------------------
Total                      -5.9918278337E+02
 
IQA Atomic Energy Components:
----------------------------
  E_IQA(A) = Contribution of Atom A to Total Energy E of Molecule, Using IQA Additive Atomic Energy Definition
           = T(A) + Vne(A,Mol)/2 + Ven(A,Mol)/2 + Vee(A) + Vnn(A,Mol)/2
  T(A) = Electronic Kinetic Energy of Atom A (Hamiltonian Form)
  Vne(A,Mol)/2 = Half of Attraction Energy Between Nucleus of Atom A and Electron Density Distribution of Molecule
  Ven(A,Mol)/2 = Half of Attraction Energy Between Electron Density Distribution of Atom A and Nuclei of Molecule
  Vee(A) = Vee(A,A) + Vee(A,A')/2
         = Two-Electron Interaction Energy of Atom A with Itself Plus Half of Two-Electron Interaction Energy
           Between Atom A and Other Atoms of Molecule
  Vnn(A,Mol)/2 = Vnn(A,A')/2 = Half of Repulsion Energy Between Nucleus of Atom A and Other Nuclei of Molecule
  VeeC(A) = Coulomb Part of Vee(A)
  VeeX(A) = Exchange-Correlation Part of Vee(A)
See "2EDM Note" and "DFT Note".
--------------------------------------------------------------------------------------------------------------------------------------------------------
Atom A        E_IQA(A)            T(A)          Vne(A,Mol)/2      Ven(A,Mol)/2         Vee(A)         Vnn(A,Mol)/2        VeeC(A)           VeeX(A)
--------------------------------------------------------------------------------------------------------------------------------------------------------
C1                          3.7789991529E+01 -6.8500816291E+01 -6.7203651935E+01                    2.3896360568E+01
H2                          6.1527161936E-01 -5.2846790497E+00 -4.6455624328E+00                    4.6534028970E+00
H3                          6.1476479692E-01 -5.2840929839E+00 -4.6408994945E+00                    4.6529950396E+00
H4                          6.0810663181E-01 -5.2666062753E+00 -4.6069553250E+00                    4.6359410104E+00
Cl5                         4.5981456625E+02 -5.7697371366E+02 -5.7812177480E+02                    2.7547049447E+01
F6                          9.9740082544E+01 -1.4074110656E+02 -1.4283131165E+02                    1.9562823474E+01
--------------------------------------------------------------------------------------------------------------------------------------------------------
Total                       5.9918278337E+02 -8.0205101482E+02 -8.0205015564E+02                    8.4948572436E+01
 
More IQA Atomic Energy Components:
---------------------------------
  Vneen(A) = Vne(A,Mol)/2 + Ven(A,Mol)/2
  V_IQA(A) = Vne(A,Mol)/2 + Ven(A,Mol)/2 + Vee(A,A) + Vee(A,A')/2 + Vnn(A,A')/2
           = VC_IQA(A) + VX_IQA(A) = Potential Energy Contribution to E_IQA(A)
           = E_IQA(A) - T(A)
  VC_IQA(A) = Vne(A,Mol)/2 + Ven(A,Mol)/2 + VeeC(A,A) + VeeC(A,A')/2 + Vnn(A,A')/2
            = Coulomb Potential Energy Contribution to E_IQA(A)
            = E_IQA(A) - T(A) - VeeX(A)
  VX_IQA(A) = VeeX(A,A) + VeeX(A,A')/2
            = Exchange-Correlation Energy Contribution to E_IQA(A)
            = E_IQA(A) - T(A) - VC_IQA(A)
See "2EDM Note" and "DFT Note".
--------------------------------------------------------------------------------
Atom A        Vneen(A)          V_IQA(A)         VC_IQA(A)         VX_IQA(A)
--------------------------------------------------------------------------------
C1       -1.3570446823E+02
H2       -9.9302414825E+00
H3       -9.9249924784E+00
H4       -9.8735616003E+00
Cl5      -1.1550954885E+03
F6       -2.8357241821E+02
--------------------------------------------------------------------------------
Total    -1.6041011705E+03
 
IQA Intraatomic ("Self") Energy Components:
------------------------------------------
  E_IQA_Intra(A) = T(A) + Vne(A,A) + Vee(A,A)
                 = Intraatomic ("Self") Contribution to E_IQA(A)
  T(A) = Electronic Kinetic Energy of Atom A (Hamiltonian Form)
  Vne(A,A) = Attraction Energy Between Electron Density Distribution of Atom A and Nucleus of Atom A
  Vee(A,A) = Two-electron Interaction Energy of Atom A With Itself
  VeeC(A,A) = Coulomb Part of Vee(A,A)
