AIMSum (Version 17.11.14, Professional)
Copyright (c) 1997-2017 by Todd A. Keith
AIMSum is a component of the AIMAll package ( http://aim.tkgristmill.com )

TP:  64-bit Linux

Much of the Quantum Theory of Atoms in Molecules (QTAIM) is described in the book:
  "Atoms in Molecules - A Quantum Theory"
  R.F.W. Bader, Oxford University Press, Oxford, 1990

For additional references see:  http://aim.tkgristmill.com/references.html

Wfn File:  /home/bruns/metodo_ts/QCISD/clch3f_ts/RUN/GAUSSIAN.wfn
Sum File:  /home/bruns/metodo_ts/QCISD/clch3f_ts/RUN/GAUSSIAN.sum

SumViz File:  /home/bruns/metodo_ts/QCISD/clch3f_ts/RUN/GAUSSIAN.sumviz

Wfn Title:   clch3f_ts-wavefunction                                                        
 
Total memory allocated for AIMSum =        1.289 Megabytes

Atomic units (a.u.) used throughout, except where stated otherwise

Model:  Unknown
 
Restricted, natural orbital wavefunction.
  Number of electrons (from MO Occs)                   =          36.0000003000
  Number of Alpha electrons (from MO Occs)             =          18.0000001500
  Number of Beta electrons (from MO Occs)              =          18.0000001500
  Number of electron pairs (N*(N-1)/2)                 =         630.0000106500
  Number of electron pairs (from Muller 2EDM)          =         630.0000106500
  Number of electron pairs (from Muller 2EDM, no SOSI) =         630.4348103809
 
Nuclear Charges and Cartesian Coordinates:
-------------------------------------------------------------------------------
Atom      Charge                X                  Y                  Z
-------------------------------------------------------------------------------
C1         6.0           3.3070000000E-04   5.4800000000E-05  -9.4053370000E-01
H2         1.0           3.5900000000E-05  -1.9890690400E+00  -1.1730021400E+00
H3         1.0          -1.7221301000E+00   9.9468570000E-01  -1.1739829100E+00
H4         1.0           1.7229578000E+00   9.9424539000E-01  -1.1745970700E+00
Cl5       17.0           1.0488000000E-03   1.8179200000E-03   3.1080665900E+00
F6         9.0          -3.5149000000E-04  -1.7404400000E-03  -4.9198415200E+00
 
Some Atomic Properties:
----------------------
  q(A) = Net Charge of Atom A
  L(A) = Lagrangian of Atom A = -(1/4) Times Atomic Integral of the Laplacian of the Electron Density
  K(A) = Electronic Kinetic Energy of Atom A (Hamiltonian Form)
  K_Scaled(A) = K(A) * E(Mol)/K(Mol) = Approximation to Virial-Based Total Energy of Atom A.
  |Mu_Intra(A)| = Magnitude of Intraatomic Dipole Moment of Atom A
--------------------------------------------------------------------------------------------------
Atom A          q(A)              L(A)              K(A)          K_Scaled(A)      |Mu_Intra(A)|
--------------------------------------------------------------------------------------------------
C1        2.2421935440E-01  7.2521243587E-05  3.7795625337E+01 -3.7803685254E+01  2.0900662947E-02
H2        9.2019072580E-02  3.0487197599E-05  6.1487750497E-01 -6.1500862760E-01  1.4474591152E-01
H3        9.2014227770E-02  2.0805731572E-05  6.1487206074E-01 -6.1500318220E-01  1.4476182635E-01
H4        9.2011925370E-02  2.9490936717E-05  6.1488133876E-01 -6.1501246220E-01  1.4473951563E-01
Cl5      -6.3926440300E-01  8.3827710282E-06  4.5981300132E+02 -4.5991105644E+02  1.6562240145E-01
F6       -8.6082577150E-01  1.0531970615E-05  9.9738078114E+01 -9.9759347259E+01  1.0347780104E-01
--------------------------------------------------------------------------------------------------
Total    -9.9982559438E-01  1.7221985112E-04  5.9919133568E+02 -5.9931911323E+02
 
1st Largest |L(A)| = 7.2521243587E-05, atom C1      
2nd Largest |L(A)| = 3.0487197599E-05, atom H2      
 
Molecular charge q(Mol) from the wfn file:  -1.0000003000E+00
Molecular energy E(Mol) from the wfn file:  -5.9931908930E+02
Molecular virial ratio (-V(Mol)/T(Mol)) from the wfn file:   2.0002132500E+00
Note.  K_Scaled(A) = (1+V(Mol)/T(Mol))*K(A) = (E(Mol)/T(Mol))*K(A)
       Only use K_Scaled(A) data with caution.
 
N_AIMInt(SumA)     =         35.999826
N_Analytic(Mol)    =         36.000000
 
G_AIMInt(SumA)     =        599.191163
G_Analytic(Mol)    =        599.191311
 
K_AIMInt(SumA)     =        599.191336
K_Analytic(Mol)    =        599.191311
 
L_AIMInt(SumA)     =          0.000172
L_Analytic(Mol)    =          0.000000
 
VenT_AIMInt(SumA)  =      -1603.895211
VenT_Analytic(Mol) =      -1603.896837
 
Some Information About the Atomic Calculations:
----------------------------------------------
  Time(sec) = "Elapsed User Time", in Seconds, for Atom A by AIMInt and, if used, by TWOe
  NProc = Number of Processors Used for AIMInt Job
  BIM = Basin Integration Method
  OAQ = Angular Quadrature Outside of Beta Sphere
  ORQ = Multiple of Default for Radial Quadrature Outside of Beta Sphere
  IAQ = Multiple of Default for Angular Quadrature Inside of Beta Sphere
  IRQ = Multiple of Default for Radial Quadrature Inside of Beta Sphere
  MIR = Maximum Integration Radius
------------------------------------------------------------------------------------------------------
Atom A     Time(sec)   NProc      BIM          OAQ                     ORQ      IAQ      IRQ      MIR
------------------------------------------------------------------------------------------------------
C1             79        8     Proaim(5)    4500(GS4)                  1.00     1.00     1.00    13.00
H2             14        8     Proaim(5)    1800(GS4)                  1.00     1.00     1.00    13.00
H3             17        8     Proaim(5)    1800(GS4)                  1.00     1.00     1.00    13.00
H4             17        8     Proaim(5)    1800(GS4)                  1.00     1.00     1.00    13.00
Cl5            32        8     Proaim(5)    3150(GS4)                  1.00     1.00     1.00    13.00
F6             34        8     Proaim(5)    2700(GS4)                  1.00     1.00     1.00    13.00
------------------------------------------------------------------------------------------------------
Total         193
Note:  Total wall clock time is less than total of atomic times if more than one atom
       was calculated at a time
 
Electron Density Critical Point Analysis of Molecular Structure:               
---------------------------------------------------------------                
  NACP = Nuclear Attractor Critical Point                                      
  NNACP = Non-Nuclear Attractor Critical Point                                 
  BCP = Bond Critical Point                                                    
  RCP = Ring Critical Point                                                    
  CCP = Cage Critical Point                                                    
  Rho = Electron Density                                                       
  GradRho = Gradient of Electron Density                                       
  HessRho_EigVals = Eigenvalues of the Hessian of Rho, Ascending Order         
  HessRho_EigVecs = Eigenvectors of the Hessian of Rho                         
  DelSqRho = Laplacian of Rho = Trace of Hessian of Rho                        
  Bond Ellipticity = (HessRho_EigVal(1) / HessRho_EigVal(2)) - 1               
  V = Virial Field = Potential Energy Density = Trace of Stress Tensor         
  G = Lagrangian Form of Kinetic Energy Density                                
  K = Hamiltonian Form of Kinetic Energy Density                               
  L = K - G = Lagrangian Density = (-1/4)DelSqRho                              
  Vnuc = Electrostatic Potential from Nuclei                                   
  Ven = Electron-nuclear attractive contribution to Virial Field V             
  Vrep = V - Ven = Repulsive contribution to Virial Field V                    
  DelSqV = Laplacian of V                                                      
  DelSqVen = Laplacian of Ven                                                  
  DelSqVrep = Laplacian of Vrep                                                
  DelSqG = Laplacian of G                                                      
  DelSqK = Laplacian of K                                                      
  Stress_EigVals = Eigenvalues of Stress Tensor, Ascending Order               
  Stress_EigVecs = Eigenvectors of Stress Tensor                               
  -DivStress = Ehrenfest Force Density = Minus Divergence of Stress Tensor     
  ESP = Total Electrostatic Potential                                          
  ESPe = Electrostatic Potential from Electrons                                
  ESPn = Electrostatic Potential from Nuclei                                   
  BP = Bond Path                                                               
  BPL = Bond Path Length                                                       
  GBL = Geometric Bond Length                                                  
  GBL_I = Distance Between Nuclear Attractors                                  
  GBL_II = Distance Between Nuclei                                             
  GBL_III = Sum of Distances Between BCP and Nuclear Attractors                
  GBL_IV = Sum of Distances Between BCP and Nuclei                             

CP# 1      Coords =  3.30700467488780E-04  5.48013218207620E-05 -9.40530789653922E-01
           Type = (3,-3) NACP C1
           Rho =  1.2140821989E+02     Rho at Nucleus =  1.2140821884E+02
           GradRho = -5.1822498029E-15 -4.4450090325E-17 -1.5103468016E-12
           HessRho_EigVals = -2.4893204145E+05 -2.4892493476E+05 -2.4892493473E+05
           HessRho_EigVec1 =  1.7751387619E-04  4.3517604065E-04  9.9999988956E-01
           HessRho_EigVec2 =  9.0577731551E-01 -4.2375400193E-01  2.3619549136E-05
           HessRho_EigVec3 =  4.2375396540E-01  9.0577721128E-01 -4.6939480131E-04
           DelSqRho = -7.4678191095E+05
           Bond Ellipticity = NA
           V = -1.8670900217E+05
           G =  6.7622188632E+00
           K =  1.8670223996E+05
           L =  1.8669547774E+05
           Vnuc =  2.0616182082E+06
           Ven = -2.5029739676E+08
           Vrep =  2.5011068776E+08
           DelSqV =  1.1231528507E+10
           DelSqVen =  1.5395791995E+12
           DelSqVrep = -1.5283476628E+12
           DelSqG =  3.8281663930E+08
           DelSqK = -1.1614345146E+10
           Stress_EigVals = -6.2237053875E+04 -6.2237053867E+04 -6.2234894433E+04
           Stress_EigVec1 =  4.3439204059E-01  9.0072378401E-01 -4.6902342415E-04
           Stress_EigVec2 =  9.0072388864E-01 -4.3439207588E-01  2.9148600612E-05
           Stress_EigVec3 =  1.7748522101E-04  4.3512252257E-04  9.9999988958E-01
           -DivStress = -1.7183642967E+00 -4.8588099072E+00 -1.0698061277E+04
           ESP =  -1.4868658264E+01     ESP at Nucleus =  -1.4868658288E+01
           ESPe = -2.2827347043E+01     ESPe at Nucleus = -2.2827345956E+01
           ESPn =  7.9586887782E+00     ESPn at Nucleus =  7.9586876675E+00

CP# 2      Coords =  4.10743954626358E-05 -1.95531025667068E+00 -1.16802937959129E+00
           Type = (3,-3) NACP H2
           Rho =  4.4803427969E-01     Rho at Nucleus =  4.4315293678E-01
           GradRho =  1.4977548737E-17 -7.6585592045E-16  5.9783311953E-16
           HessRho_EigVals = -8.9762236375E+00 -8.9630333071E+00 -8.0192665218E+00
           HessRho_EigVec1 =  1.5380826665E-04 -1.3649507865E-01  9.9064073702E-01
           HessRho_EigVec2 =  9.9999997688E-01 -1.2787600171E-04 -1.7288074435E-04
           HessRho_EigVec3 =  1.5027654738E-04  9.9064074071E-01  1.3649505583E-01
           DelSqRho = -2.5958523466E+01
           Bond Ellipticity = NA
           V = -6.5174441446E+00
           G =  1.3906638980E-02
           K =  6.5035375056E+00
           L =  6.4896308666E+00
           Vnuc =  3.8681736030E+01
           Ven = -1.7330743739E+01
           Vrep =  1.0813299595E+01
           DelSqV =  1.6590072853E+03
           DelSqVen =  1.0041207525E+03
           DelSqVrep =  6.5488653281E+02
           DelSqG =  1.2672716394E+02
           DelSqK = -1.7857344492E+03
           Stress_EigVals = -2.2526555705E+00 -2.2504037594E+00 -2.0143848147E+00
           Stress_EigVec1 =  1.5241132409E-04 -1.3586387022E-01  9.9072750317E-01
           Stress_EigVec2 =  9.9999997711E-01 -1.2807813503E-04 -1.7140183469E-04
           Stress_EigVec3 =  1.5017784756E-04  9.9072750662E-01  1.3586384759E-01
           -DivStress = -2.7963076834E-03 -1.8243477016E+01 -2.6874182934E+00
           ESP =  -1.2599738064E+00     ESP at Nucleus =  -1.2618605131E+00
           ESPe = -1.0636022072E+01     ESPe at Nucleus = -1.0561082715E+01
           ESPn =  9.3760482653E+00     ESPn at Nucleus =  9.2992222024E+00

CP# 3      Coords = -1.69289734455398E+00  9.77805887730059E-01 -1.16899368458892E+00
           Type = (3,-3) NACP H3
           Rho =  4.4803438612E-01     Rho at Nucleus =  4.4315307915E-01
           GradRho =  4.5931318925E-13 -2.6505914348E-13  7.7375164296E-14
           HessRho_EigVals = -8.9762266041E+00 -8.9630368275E+00 -8.0192752636E+00
           HessRho_EigVec1 = -1.1838480517E-01  6.8912049046E-02  9.9057365572E-01
           HessRho_EigVec2 =  5.0011123996E-01  8.6596104008E-01 -4.7404648344E-04
           HessRho_EigVec3 =  8.5783086070E-01 -4.9534089933E-01  1.3698031931E-01
           DelSqRho = -2.5958538695E+01
           Bond Ellipticity = NA
           V = -6.5174478906E+00
           G =  1.3906608393E-02
           K =  6.5035412822E+00
           L =  6.4896346738E+00
           Vnuc =  3.8681827263E+01
           Ven = -1.7330788732E+01
           Vrep =  1.0813340841E+01
           DelSqV =  1.6590087887E+03
           DelSqVen =  1.0041237098E+03
           DelSqVrep =  6.5488507886E+02
           DelSqG =  1.2672727688E+02
           DelSqK = -1.7857360655E+03
           Stress_EigVals = -2.2526562234E+00 -2.2504046568E+00 -2.0143870104E+00
           Stress_EigVec1 = -1.1783691256E-01  6.8598778178E-02  9.9066072379E-01
           Stress_EigVec2 =  5.0011155044E-01  8.6596085932E-01 -4.7670796556E-04
           Stress_EigVec3 =  8.5790611325E-01 -4.9538469674E-01  1.3634919538E-01
           -DivStress = -1.5797590179E+01  9.1219712573E+00 -2.6963173112E+00
           ESP =  -1.2599727876E+00     ESP at Nucleus =  -1.2618594749E+00
           ESPe = -1.0635993978E+01     ESPe at Nucleus = -1.0561054740E+01
           ESPn =  9.3760211900E+00     ESPn at Nucleus =  9.2991952653E+00

CP# 4      Coords =  1.69372241498284E+00  9.77372964231315E-01 -1.16959734392103E+00
           Type = (3,-3) NACP H4
           Rho =  4.4803555688E-01     Rho at Nucleus =  4.4315420084E-01
           GradRho = -4.6029281901E-13 -2.6551328690E-13  7.6752889435E-14
           HessRho_EigVals = -8.9762487230E+00 -8.9630586949E+00 -8.0192886102E+00
           HessRho_EigVec1 =  1.1875385908E-01  6.8887165924E-02  9.9053121068E-01
           HessRho_EigVec2 = -4.9989143374E-01  8.6608802311E-01 -3.0116413687E-04
           HessRho_EigVec3 =  8.5790796443E-01  4.9512230267E-01 -1.3728739918E-01
           DelSqRho = -2.5958596028E+01
           Bond Ellipticity = NA
           V = -6.5174624353E+00
           G =  1.3906714153E-02
           K =  6.5035557212E+00
           L =  6.4896490070E+00
           Vnuc =  3.8681727615E+01
           Ven = -1.7330789373E+01
           Vrep =  1.0813326938E+01
           DelSqV =  1.6590119216E+03
           DelSqVen =  1.0041233408E+03
           DelSqVrep =  6.5488858079E+02
           DelSqG =  1.2672751314E+02
           DelSqK = -1.7857394348E+03
           Stress_EigVals = -2.2526618443E+00 -2.2504102015E+00 -2.0143903896E+00
           Stress_EigVec1 =  1.1820515617E-01  6.8575322988E-02  9.9061847657E-01
           Stress_EigVec2 = -4.9989192109E-01  8.6608774037E-01 -3.0530818540E-04
           Stress_EigVec3 =  8.5798345455E-01  4.9516608432E-01 -1.3665628656E-01
           -DivStress =  1.5799045423E+01  9.1179993095E+00 -2.7019979457E+00
           ESP =  -1.2599733002E+00     ESP at Nucleus =  -1.2618600583E+00
           ESPe = -1.0636012201E+01     ESPe at Nucleus = -1.0561072615E+01
           ESPn =  9.3760389008E+00     ESPn at Nucleus =  9.2992125570E+00

CP# 5      Coords =  1.04879998638677E-03  1.81791996694833E-03  3.10806651363562E+00
           Type = (3,-3) NACP Cl5
           Rho =  3.1725895091E+03     Rho at Nucleus =  3.1725895087E+03
           GradRho = -7.1484103760E-12  6.4885563753E-12  2.5694134821E-08
           HessRho_EigVals = -1.3891688520E+08 -1.3891665960E+08 -1.3891665960E+08
           HessRho_EigVec1 =  1.7766960172E-04  4.3489176858E-04  9.9999988965E-01
           HessRho_EigVec2 =  9.9464063717E-01 -1.0339238625E-01 -1.3175292268E-04
           HessRho_EigVec3 =  1.0339231755E-01  9.9464055082E-01 -4.5093070989E-04
           DelSqRho = -4.1675020439E+08
           Bond Ellipticity = NA
           V = -1.0421599693E+08
           G =  1.4222916203E+04
           K =  1.0420177401E+08
           L =  1.0418755110E+08
           Vnuc =  2.2261685169E+08
           Ven = -7.0627188821E+11
           Vrep =  7.0616767221E+11
           DelSqV =  3.3656999602E+14
           DelSqVen =  9.2775485482E+16
           DelSqVrep = -9.2438915486E+16
           DelSqG =  4.5632250535E+12
           DelSqK = -3.4113322107E+14
           Stress_EigVals = -3.4738684536E+07 -3.4738684535E+07 -3.4738627859E+07
           Stress_EigVec1 =  1.0341288877E-01  9.9463841224E-01 -4.5092253559E-04
           Stress_EigVec2 =  9.9463849859E-01 -1.0341295748E-01 -1.3174781075E-04
           Stress_EigVec3 =  1.7767266630E-04  4.3488049208E-04  9.9999988966E-01
           -DivStress =  1.5165860494E+03  3.6821500105E+03  8.5074191869E+06
           ESP =  -6.4637413393E+01     ESP at Nucleus =  -6.4637413394E+01
           ESPe = -6.7875907772E+01     ESPe at Nucleus = -6.7875907725E+01
           ESPn =  3.2384943789E+00     ESPn at Nucleus =  3.2384943310E+00

CP# 6      Coords = -3.51489882758994E-04 -1.74043967160213E-03 -4.91984081541212E+00
           Type = (3,-3) NACP F6
           Rho =  4.3109932357E+02     Rho at Nucleus =  4.3109932307E+02
           GradRho =  1.3455793502E-12  3.8930030249E-12  9.0210106035E-09
           HessRho_EigVals = -2.0428464413E+06 -2.0428340363E+06 -2.0428340363E+06
           HessRho_EigVec1 =  1.6571266850E-04  4.6740013432E-04  9.9999987704E-01
           HessRho_EigVec2 =  9.9755626573E-01 -6.9867582637E-02 -1.3265160958E-04
           HessRho_EigVec3 =  6.9867512045E-02  9.9755616505E-01 -4.7783587616E-04
           DelSqRho = -6.1285145139E+06
           Bond Ellipticity = NA
           V = -1.5324375358E+06
           G =  1.5445368363E+02
           K =  1.5322830822E+06
           L =  1.5321286285E+06
           Vnuc =  1.2773427053E+07
           Ven = -5.5066157623E+09
           Vrep =  5.5050833248E+09
           DelSqV =  2.1792735915E+11
           DelSqVen =  7.8282141729E+13
           DelSqVrep = -7.8064214370E+13
           DelSqG =  7.2618005757E+09
           DelSqK = -2.2518915972E+11
           Stress_EigVals = -5.1081353203E+05 -5.1081353203E+05 -5.1081047178E+05
           Stress_EigVec1 =  8.4550208467E-02  9.9641910455E-01 -4.7992805781E-04
           Stress_EigVec2 =  9.9641920636E-01 -8.4550277559E-02 -1.2551271871E-04
           Stress_EigVec3 =  1.6564132129E-04  4.6759740794E-04  9.9999987696E-01
           -DivStress = -8.3572421770E+00 -2.3409765710E+01 -5.0225610783E+04
           ESP =  -2.6929381234E+01     ESP at Nucleus =  -2.6929381237E+01
           ESPe = -3.1262125021E+01     ESPe at Nucleus = -3.1262124467E+01
           ESPn =  4.3327437873E+00     ESPn at Nucleus =  4.3327432307E+00

CP# 7      Coords =  1.38053218974840E-04 -1.31313530645139E+00 -1.08226489667138E+00
           Type = (3,-1) BCP C1 H2
           Rho =  3.1737829677E-01
           GradRho =  1.4987671218E-17 -3.7469240830E-14  2.4705917455E-14
           HessRho_EigVals = -9.7018721507E-01 -9.2907094868E-01  5.1121790388E-01
           HessRho_EigVec1 =  1.5762901400E-04 -1.2899557212E-01  9.9164515706E-01
           HessRho_EigVec2 =  9.9999997645E-01 -1.2761941014E-04 -1.7555810954E-04
           HessRho_EigVec3 =  1.4919938880E-04  9.9164516138E-01  1.2899554897E-01
           DelSqRho = -1.3880402599E+00
           Bond Ellipticity =  4.4255249240E-02
           V = -4.3547418274E-01
           G =  4.4232058886E-02
           K =  3.9124212385E-01
           L =  3.4701006497E-01
           Vnuc =  1.2793183953E+01
           Ven = -4.0602789332E+00
           Vrep =  3.6248047504E+00
           DelSqV = -2.5128357336E+00
           DelSqVen =  1.7757454378E+01
           DelSqVrep = -2.0270290112E+01
           DelSqG =  1.9008376539E+00
           DelSqK =  6.1199807966E-01
           Stress_EigVals = -2.7415025241E-01 -2.6817533307E-01  1.0685140275E-01
           Stress_EigVec1 =  9.9999997585E-01 -1.2717062204E-04 -1.7923179117E-04
           Stress_EigVec2 =  1.6172216865E-04 -1.2638468608E-01  9.9198129265E-01
           Stress_EigVec3 =  1.4880303170E-04  9.9198129768E-01  1.2638466246E-01
           -DivStress = -4.6969225895E-06 -2.0755283439E-02 -1.1991562230E-02
           ESP =   7.5192557871E-01
           ESPe = -1.2041258374E+01
           ESPn =  1.2793183953E+01
           BPL =  1.9689379619E+00 =  1.3210585990E+00 +  6.4787936287E-01                
           GBL_I =  1.9685548512E+00                                                      
           GBL_II =  2.0026620567E+00                                                     
           GBL_III =  1.9686934405E+00 =  1.3208167372E+00 +  6.4787670326E-01            
           GBL_IV =  2.0028132491E+00 =  1.3208164236E+00 +  6.8199682544E-01             

CP# 8      Coords = -1.13681295765185E+00  6.56702167232964E-01 -1.08291382899289E+00
           Type = (3,-1) BCP C1 H3
           Rho =  3.1737765900E-01
           GradRho = -4.6668889496E-16  2.1910098991E-16 -1.2724291430E-16
           HessRho_EigVals = -9.7018277803E-01 -9.2906658982E-01  5.1121514985E-01
           HessRho_EigVec1 = -1.1189442532E-01  6.5158478872E-02  9.9158157013E-01
           HessRho_EigVec2 =  5.0011085149E-01  8.6596126716E-01 -4.6905128136E-04
           HessRho_EigVec3 =  8.5870179562E-01 -4.9584821913E-01  1.2948270069E-01
           DelSqRho = -1.3880342180E+00
           Bond Ellipticity =  4.4255372721E-02
           V = -4.3547288484E-01
           G =  4.4232165173E-02
           K =  3.9124071967E-01
           L =  3.4700855450E-01
           Vnuc =  1.2793165177E+01
           Ven = -4.0602648150E+00
           Vrep =  3.6247919302E+00
           DelSqV = -2.5127962417E+00
           DelSqVen =  1.7757351022E+01
           DelSqVrep = -2.0270147264E+01
           DelSqG =  1.9008286779E+00
           DelSqK =  6.1196756383E-01
           Stress_EigVals = -2.7414943730E-01 -2.6817416711E-01  1.0685071957E-01
           Stress_EigVec1 =  5.0011015460E-01  8.6596167313E-01 -4.6253464607E-04
           Stress_EigVec2 = -1.0963697195E-01  6.3847352137E-02  9.9191897351E-01
           Stress_EigVec3 =  8.5899334552E-01 -4.9601804030E-01  1.2687212481E-01
           -DivStress = -1.7963995934E-02  1.0368089370E-02 -1.1999014220E-02
           ESP =   7.5192490452E-01
           ESPe = -1.2041240272E+01
           ESPn =  1.2793165177E+01
           BPL =  1.9689392589E+00 =  1.3210576099E+00 +  6.4788164908E-01                
           GBL_I =  1.9685562460E+00                                                      
           GBL_II =  2.0026633188E+00                                                     
           GBL_III =  1.9686947960E+00 =  1.3208158056E+00 +  6.4787899041E-01            
           GBL_IV =  2.0028144679E+00 =  1.3208154921E+00 +  6.8199897585E-01             

CP# 9      Coords =  2.21278715715912E-05 -7.82318815300297E-04 -2.76814143124429E+00
           Type = (3,-1) BCP C1 F6
           Rho =  4.5115512767E-02
           GradRho =  1.0613527281E-18 -8.8978099807E-19 -1.3897621876E-17
           HessRho_EigVals = -3.7205601249E-02 -3.7203860853E-02  2.2973888132E-01
           HessRho_EigVec1 =  9.8409531028E-01 -1.7764124373E-01 -9.3827061243E-05
           HessRho_EigVec2 =  1.7764118226E-01  9.8409521569E-01 -4.6564008043E-04
           HessRho_EigVec3 =  1.7505164509E-04  4.4156666934E-04  9.9999988719E-01
           DelSqRho =  1.5532941922E-01
           Bond Ellipticity =  4.6779981032E-05
           V = -4.3577536389E-02
           G =  4.1204945597E-02
           K =  2.3725907924E-03
           L = -3.8832354804E-02
           Vnuc =  1.1535623210E+01
           Ven = -5.2043555620E-01
           Vrep =  4.7685801981E-01
           DelSqV = -3.8084112595E-01
           DelSqVen = -1.7918216535E+00
           DelSqVrep =  1.4109805275E+00
           DelSqG =  2.7945910161E-01
           DelSqK =  1.0138202434E-01
           Stress_EigVals = -2.3943537683E-02 -2.3943514877E-02  4.3095161712E-03
           Stress_EigVec1 =  1.9249719274E-01  9.8129740803E-01 -4.7725599377E-04
           Stress_EigVec2 =  9.8129750922E-01 -1.9249725172E-01 -8.0456183278E-05
           Stress_EigVec3 =  1.7082191128E-04  4.5284252853E-04  9.9999988288E-01
           -DivStress =  3.3599694049E-06  8.9897564792E-06  1.9764192978E-02
           ESP =  -2.3442968952E-02
           ESPe = -1.1559066179E+01
           ESPn =  1.1535623210E+01
           BPL =  3.9793104917E+00 =  1.8276108618E+00 +  2.1516996299E+00                
           GBL_I =  3.9793104892E+00                                                      
           GBL_II =  3.9793082834E+00                                                     
           GBL_III =  3.9793104893E+00 =  1.8276108594E+00 +  2.1516996299E+00            
           GBL_IV =  3.9793082835E+00 =  1.8276079490E+00 +  2.1517003345E+00             

CP# 10     Coords =  6.26105954677998E-04  7.79980794759842E-04  7.24753081545254E-01
           Type = (3,-1) BCP Cl5 C1
           Rho =  8.0747011685E-02
           GradRho =  1.5843058563E-18  1.3776324281E-18 -4.5082816655E-17
           HessRho_EigVals = -8.4643014974E-02 -8.4642911812E-02  2.0923288162E-01
           HessRho_EigVec1 =  1.2972836784E-02  9.9991575326E-01 -4.3804071270E-04
           HessRho_EigVec2 =  9.9991583352E-01 -1.2972912949E-02 -1.7148381811E-04
           HessRho_EigVec3 =  1.7715203520E-04  4.3577921278E-04  9.9999988936E-01
           DelSqRho =  3.9946954836E-02
           Bond Ellipticity =  1.2187937515E-06
           V = -6.9058355639E-02
           G =  3.9522547174E-02
           K =  2.9535808465E-02
           L = -9.9867387090E-03
           Vnuc =  1.3421375005E+01
           Ven = -1.0837359243E+00
           Vrep =  1.0146775687E+00
           DelSqV = -4.4024781401E-01
           DelSqVen = -5.3614306115E-01
           DelSqVrep =  9.5895247134E-02
           DelSqG =  2.9813820916E-01
           DelSqK =  1.4210960485E-01
           Stress_EigVals = -4.1879492817E-02 -4.1879489346E-02  1.4700626524E-02
           Stress_EigVec1 =  7.1418429635E-01  6.9995757345E-01 -4.3153015771E-04
           Stress_EigVec2 =  6.9995768397E-01 -7.1418429397E-01  1.8677941349E-04
           Stress_EigVec3 =  1.7745439598E-04  4.3544777375E-04  9.9999988945E-01
           -DivStress = -7.3336999743E-06 -1.7933861527E-05 -4.1276009534E-02
           ESP =   1.8041149127E-01
           ESPe = -1.3240963513E+01
           ESPn =  1.3421375005E+01
           BPL =  4.0485977509E+00 =  2.3833136956E+00 +  1.6652840553E+00                
           GBL_I =  4.0485977509E+00                                                      
           GBL_II =  4.0486007376E+00                                                     
           GBL_III =  4.0485977509E+00 =  2.3833136956E+00 +  1.6652840553E+00            
           GBL_IV =  4.0486007376E+00 =  2.3833137720E+00 +  1.6652869656E+00             

CP# 11     Coords =  1.13758836785835E+00  6.56411637793815E-01 -1.08331877236808E+00
           Type = (3,-1) BCP H4 C1
           Rho =  3.1737918345E-01
           GradRho =  5.3050587743E-16  2.5296617277E-16 -1.1871452837E-17
           HessRho_EigVals = -9.7018978265E-01 -9.2907319318E-01  5.1121567325E-01
           HessRho_EigVec1 =  1.1226387660E-01  6.5132717673E-02  9.9154150246E-01
           HessRho_EigVec2 = -4.9989082016E-01  8.6608837989E-01 -2.9349107286E-04
           HessRho_EigVec3 =  8.5878168933E-01  4.9562954644E-01 -1.2978968666E-01
           DelSqRho = -1.3880473026E+00
           Bond Ellipticity =  4.4255490065E-02
           V = -4.3547671752E-01
           G =  4.4232445939E-02
           K =  3.9124427158E-01
           L =  3.4701182565E-01
           Vnuc =  1.2793184743E+01
           Ven = -4.0602905275E+00
           Vrep =  3.6248138100E+00
           DelSqV = -2.5128128276E+00
           DelSqVen =  1.7757545574E+01
           DelSqVrep = -2.0270358402E+01
           DelSqG =  1.9008459808E+00
           DelSqK =  6.1196684671E-01
           Stress_EigVals = -2.7415137852E-01 -2.6817614430E-01  1.0685080530E-01
           Stress_EigVec1 = -4.9988972912E-01  8.6608901301E-01 -2.8330005118E-04
           Stress_EigVec2 =  1.1000800652E-01  6.3818927760E-02  9.9187972202E-01
           Stress_EigVec3 =  8.5907420938E-01  4.9579932029E-01 -1.2717915230E-01
           -DivStress =  1.7964463245E-02  1.0364634978E-02 -1.2006377733E-02
           ESP =   7.5192915607E-01
           ESPe = -1.2041255587E+01
           ESPn =  1.2793184743E+01
           BPL =  1.9689352466E+00 =  6.4788014995E-01 +  1.3210550966E+00                
           GBL_I =  1.9685522032E+00                                                      
           GBL_II =  2.0026594109E+00                                                     
           GBL_III =  1.9686907658E+00 =  6.4787749100E-01 +  1.3208132748E+00            
           GBL_IV =  2.0028105740E+00 =  6.8199761278E-01 +  1.3208129612E+00             

Number of NACPs  =      6
Number of NNACPs =      0
Number of BCPs   =      5
Number of RCPs   =      0
Number of CCPs   =      0
NumNACP + NumNNACP - NumBCP + NumRCP - NumCCP =      1
Poincare-Hopf Relationship is Satisfied

Bond Path Angles and Corresponding Geometric Bond Angles:
--------------------------------------------------------
  BPA     = A-B-C Bond Path Angle
  GBA_I   = A-B-C Geometric Bond Angle in Terms of Nuclear Attractors
  GBA_II  = A-B-C Geometric Bond Angle in Terms of Nuclei
  GBA_III = A-B-C Geometric Bond Angle in Terms of A|B and C|B BCPs and Nuclear Attractor B
  GBA_IV  = A-B-C Geometric Bond Angle in Terms of A|B and C|B BCPs and Nucleus B
-------------------------------------------------------------------------------------------------
Atom A    Atom B    Atom C        BPA          GBA_I         GBA_II       GBA_III       GBA_IV
-------------------------------------------------------------------------------------------------
H3        C1        H2        119.34681407  118.67349835  118.66180707  118.85462582  118.85467187
F6        C1        H2         85.33324116   83.33786089   83.30824477   83.81360235   83.81372786
F6        C1        H3         85.34367877   83.33987948   83.31026813   83.81627579   83.81640131
Cl5       C1        H2         94.66125520   96.66124219   96.69085831   96.18510445   96.18497894
Cl5       C1        H3         94.66094707   96.66086361   96.69047495   96.18479526   96.18466974
Cl5       C1        F6        179.99408623  179.99904073  179.99904073  179.99861704  179.99861704
H4        C1        H2        119.34703202  118.67351212  118.66181947  118.85465791  118.85470396
H4        C1        H3        119.34690419  118.67347846  118.66178955  118.85457901  118.85462506
H4        C1        F6         85.34092129   83.33918380   83.30957081   83.81534464   83.81547015
H4        C1        Cl5        94.65995657   96.66097004   96.69058303   96.18487752   96.18475201

Total time for electron density critical point search, analysis and connectivity = 258 sec (NProc = 8)             
 
Virial-Based Atomic Energy Components:
-------------------------------------
  Ee(A) = E(A) - W(A) = -T(A)
        = Contribution of Atom A to Electronic Energy of Molecule.
          Not additive to give molecular Ee unless molecular electronic virial theorem is satisfied.
  T(A) = Electronic Kinetic Energy of Atom A (Hamiltonian Form)
  Ven(A) = Ven(A,Mol) = VenT(A)
         = Attraction Energy Between Electron Density Distribution of Atom A and Nuclei of Molecule
  VenO(A) = Ven(A,A)
          = Attraction Energy Between Electron Density Distribution of Atom A and Nucleus of Atom A
  Vee(A) = Vee(A,A) + Vee(A,A')/2
         = Two-Electron Interaction Energy of Atom A with Itself Plus Half of Two-Electron Interaction Energy
           Between Atom A and Other Atoms of Molecule
  Vnn(A) - W(A) = Contribution of Atom A to the Nuclear Repulsion Energy of Molecule Minus
                  the Nuclear Virial of Energy-Gradient-Based Forces on Nuclei of Molecule.
                  Calculation of Vnn(A) - W(A) assumes satisfaction of the atomic virial theorem:
                       2T(A) + Ven(A) + Vee(A) + Vnn(A) - W(A) = 0
See "2EDM Note" and "DFT Note".
--------------------------------------------------------------------------------------------------------------------
Atom A         Ee(A)              T(A)             Ven(A)           VenO(A)            Vee(A)        Vnn(A) - W(A)
--------------------------------------------------------------------------------------------------------------------
C1       -3.7795625337E+01  3.7795625337E+01 -1.3434294053E+02 -8.8876861582E+01
H2       -6.1487750497E-01  6.1487750497E-01 -9.2807378442E+00 -1.2219625105E+00
H3       -6.1487206074E-01  6.1487206074E-01 -9.2807268658E+00 -1.2219618711E+00
H4       -6.1488133876E-01  6.1488133876E-01 -9.2808098359E+00 -1.2219701297E+00
Cl5      -4.5981300132E+02  4.5981300132E+02 -1.1561800285E+03 -1.0993220660E+03
F6       -9.9738078114E+01  9.9738078114E+01 -2.8552996724E+02 -2.4295997654E+02
--------------------------------------------------------------------------------------------------------------------
Total    -5.9919133568E+02  5.9919133568E+02 -1.6038952108E+03 -1.4348247986E+03
 
More Virial-Based Atomic Energy Components:
------------------------------------------
  E(A) = Ee(A) + W(A)
       = T(A) + Ven(A) + Vee(A) + Vnn(A) = Contribution of Atom A to Total Energy E of Molecule
         Not additive to give molecular E unless molecular virial theorem is satisfied.
  Ee(A) = E(A) - W(A) = Contribution of Atom A to Electronic Energy of Molecule
          Not additive to give molecular Ee unless molecular virial theorem is satisfied.
  W(A) = Contribution of Atom A to Nuclear Virial of Energy-Gradient-Based Forces on Nuclei of Molecule
  Vnn(A) = Contribution of Atom A to Nuclear Repulsion Energy of Molecule
           Calculation of Vnn(A) assumes satisfaction of the atomic virial theorem:
                2T(A) + Ven(A) + Vee(A) + Vnn(A) - W(A) = 0
  VeeC(A) = Coulomb Part of Vee(A)
  VeeX(A) = Exchange-Correlation Part of Vee(A)
See "2EDM Note" and "DFT Note".
--------------------------------------------------------------------------------------------------------------------
Atom A          E(A)             Ee(A)              W(A)             Vnn(A)           VeeC(A)           VeeX(A)
--------------------------------------------------------------------------------------------------------------------
C1                         -3.7795625337E+01
H2                         -6.1487750497E-01
H3                         -6.1487206074E-01
H4                         -6.1488133876E-01
Cl5                        -4.5981300132E+02
F6                         -9.9738078114E+01
--------------------------------------------------------------------------------------------------------------------
Total                      -5.9919133568E+02
 
IQA Atomic Energy Components:
----------------------------
  E_IQA(A) = Contribution of Atom A to Total Energy E of Molecule, Using IQA Additive Atomic Energy Definition
           = T(A) + Vne(A,Mol)/2 + Ven(A,Mol)/2 + Vee(A) + Vnn(A,Mol)/2
  T(A) = Electronic Kinetic Energy of Atom A (Hamiltonian Form)
  Vne(A,Mol)/2 = Half of Attraction Energy Between Nucleus of Atom A and Electron Density Distribution of Molecule
  Ven(A,Mol)/2 = Half of Attraction Energy Between Electron Density Distribution of Atom A and Nuclei of Molecule
  Vee(A) = Vee(A,A) + Vee(A,A')/2
         = Two-Electron Interaction Energy of Atom A with Itself Plus Half of Two-Electron Interaction Energy
           Between Atom A and Other Atoms of Molecule
  Vnn(A,Mol)/2 = Vnn(A,A')/2 = Half of Repulsion Energy Between Nucleus of Atom A and Other Nuclei of Molecule
  VeeC(A) = Coulomb Part of Vee(A)
  VeeX(A) = Exchange-Correlation Part of Vee(A)
See "2EDM Note" and "DFT Note".
--------------------------------------------------------------------------------------------------------------------------------------------------------
Atom A        E_IQA(A)            T(A)          Vne(A,Mol)/2      Ven(A,Mol)/2         Vee(A)         Vnn(A,Mol)/2        VeeC(A)           VeeX(A)
--------------------------------------------------------------------------------------------------------------------------------------------------------
C1                          3.7795625337E+01 -6.8482037867E+01 -6.7171470266E+01                    2.3876063003E+01
H2                          6.1487750497E-01 -5.2805413574E+00 -4.6403689221E+00                    4.6496111012E+00
H3                          6.1487206074E-01 -5.2805273695E+00 -4.6403634329E+00                    4.6495976327E+00
H4                          6.1488133876E-01 -5.2805363086E+00 -4.6404049180E+00                    4.6496062785E+00
Cl5                         4.5981300132E+02 -5.7694521566E+02 -5.7809001423E+02                    2.7527201813E+01
F6                          9.9738078114E+01 -1.4067956010E+02 -1.4276498362E+02                    1.9497344538E+01
--------------------------------------------------------------------------------------------------------------------------------------------------------
Total                       5.9919133568E+02 -8.0194841866E+02 -8.0194760539E+02                    8.4849424366E+01
 
More IQA Atomic Energy Components:
---------------------------------
  Vneen(A) = Vne(A,Mol)/2 + Ven(A,Mol)/2
  V_IQA(A) = Vne(A,Mol)/2 + Ven(A,Mol)/2 + Vee(A,A) + Vee(A,A')/2 + Vnn(A,A')/2
           = VC_IQA(A) + VX_IQA(A) = Potential Energy Contribution to E_IQA(A)
           = E_IQA(A) - T(A)
  VC_IQA(A) = Vne(A,Mol)/2 + Ven(A,Mol)/2 + VeeC(A,A) + VeeC(A,A')/2 + Vnn(A,A')/2
            = Coulomb Potential Energy Contribution to E_IQA(A)
            = E_IQA(A) - T(A) - VeeX(A)
  VX_IQA(A) = VeeX(A,A) + VeeX(A,A')/2
            = Exchange-Correlation Energy Contribution to E_IQA(A)
            = E_IQA(A) - T(A) - VC_IQA(A)
See "2EDM Note" and "DFT Note".
--------------------------------------------------------------------------------
Atom A        Vneen(A)          V_IQA(A)         VC_IQA(A)         VX_IQA(A)
--------------------------------------------------------------------------------
C1       -1.3565350813E+02
H2       -9.9209102795E+00
H3       -9.9208908024E+00
H4       -9.9209412266E+00
Cl5      -1.1550352299E+03
F6       -2.8344454372E+02
--------------------------------------------------------------------------------
Total    -1.6038960241E+03
 
IQA Intraatomic ("Self") Energy Components:
------------------------------------------
  E_IQA_Intra(A) = T(A) + Vne(A,A) + Vee(A,A)
                 = Intraatomic ("Self") Contribution to E_IQA(A)
  T(A) = Electronic Kinetic Energy of Atom A (Hamiltonian Form)
  Vne(A,A) = Attraction Energy Between Electron Density Distribution of Atom A and Nucleus of Atom A
  Vee(A,A) = Two-electron Interaction Energy of Atom A With Itself
  VeeC(A,A) = Coulomb Part of Vee(A,A)
