AIMSum (Version 17.11.14, Professional)
Copyright (c) 1997-2017 by Todd A. Keith
AIMSum is a component of the AIMAll package ( http://aim.tkgristmill.com )

TP:  64-bit Linux

Much of the Quantum Theory of Atoms in Molecules (QTAIM) is described in the book:
  "Atoms in Molecules - A Quantum Theory"
  R.F.W. Bader, Oxford University Press, Oxford, 1990

For additional references see:  http://aim.tkgristmill.com/references.html

Wfn File:  /home/bruns/metodo_ts/QCISD/clch3f_ts/RUN/GAUSSIAN.wfn
Sum File:  /home/bruns/metodo_ts/QCISD/clch3f_ts/RUN/GAUSSIAN.sum

SumViz File:  /home/bruns/metodo_ts/QCISD/clch3f_ts/RUN/GAUSSIAN.sumviz

Wfn Title:   clch3f_ts-wavefunction                                                        
 
Total memory allocated for AIMSum =        1.289 Megabytes

Atomic units (a.u.) used throughout, except where stated otherwise

Model:  Unknown
 
Restricted, natural orbital wavefunction.
  Number of electrons (from MO Occs)                   =          35.9999995000
  Number of Alpha electrons (from MO Occs)             =          17.9999997500
  Number of Beta electrons (from MO Occs)              =          17.9999997500
  Number of electron pairs (N*(N-1)/2)                 =         629.9999822500
  Number of electron pairs (from Muller 2EDM)          =         629.9999822500
  Number of electron pairs (from Muller 2EDM, no SOSI) =         630.4350462806
 
Nuclear Charges and Cartesian Coordinates:
-------------------------------------------------------------------------------
Atom      Charge                X                  Y                  Z
-------------------------------------------------------------------------------
C1         6.0           3.3070000000E-04   5.4800000000E-05  -9.4053370000E-01
H2         1.0           3.5900000000E-05  -1.9890690400E+00  -1.1730021400E+00
H3         1.0          -1.7410273600E+00   9.9468570000E-01  -1.1739829100E+00
H4         1.0           1.7229578000E+00   9.9424539000E-01  -1.1745970700E+00
Cl5       17.0           1.0488000000E-03   1.8179200000E-03   3.1080665900E+00
F6         9.0          -3.5149000000E-04  -1.7404400000E-03  -4.9009442500E+00
 
Some Atomic Properties:
----------------------
  q(A) = Net Charge of Atom A
  L(A) = Lagrangian of Atom A = -(1/4) Times Atomic Integral of the Laplacian of the Electron Density
  K(A) = Electronic Kinetic Energy of Atom A (Hamiltonian Form)
  K_Scaled(A) = K(A) * E(Mol)/K(Mol) = Approximation to Virial-Based Total Energy of Atom A.
  |Mu_Intra(A)| = Magnitude of Intraatomic Dipole Moment of Atom A
--------------------------------------------------------------------------------------------------
Atom A          q(A)              L(A)              K(A)          K_Scaled(A)      |Mu_Intra(A)|
--------------------------------------------------------------------------------------------------
C1        2.2052536260E-01  6.4446811942E-05  3.7789986785E+01 -3.7798594966E+01  2.5023608570E-02
H2        9.1628543780E-02  3.0616130544E-05  6.1527180717E-01 -6.1541195993E-01  1.4501836514E-01
H3        9.6000216660E-02  2.0274915963E-05  6.0809806031E-01 -6.0823657896E-01  1.4455198787E-01
H4        9.2489531940E-02  2.9651141263E-05  6.1477414911E-01 -6.1491418852E-01  1.4484942258E-01
Cl5      -6.4152180900E-01  8.4542246054E-06  4.5981456621E+02 -4.5991930737E+02  1.6845368380E-01
F6       -8.5895150300E-01  1.1099749787E-05  9.9740082802E+01 -9.9762802595E+01  1.0503221014E-01
--------------------------------------------------------------------------------------------------
Total    -9.9982965702E-01  1.6454297410E-04  5.9918277981E+02 -5.9931926766E+02
 
1st Largest |L(A)| = 6.4446811942E-05, atom C1      
2nd Largest |L(A)| = 3.0616130544E-05, atom H2      
 
Molecular charge q(Mol) from the wfn file:  -9.9999950000E-01
Molecular energy E(Mol) from the wfn file:  -5.9931924809E+02
Molecular virial ratio (-V(Mol)/T(Mol)) from the wfn file:   2.0002277900E+00
Note.  K_Scaled(A) = (1+V(Mol)/T(Mol))*K(A) = (E(Mol)/T(Mol))*K(A)
       Only use K_Scaled(A) data with caution.
 
N_AIMInt(SumA)     =         35.999830
N_Analytic(Mol)    =         36.000000
 
G_AIMInt(SumA)     =        599.182615
G_Analytic(Mol)    =        599.182760
 
K_AIMInt(SumA)     =        599.182780
K_Analytic(Mol)    =        599.182760
 
L_AIMInt(SumA)     =          0.000165
L_Analytic(Mol)    =          0.000000
 
VenT_AIMInt(SumA)  =      -1604.100401
VenT_Analytic(Mol) =      -1604.102032
 
Some Information About the Atomic Calculations:
----------------------------------------------
  Time(sec) = "Elapsed User Time", in Seconds, for Atom A by AIMInt and, if used, by TWOe
  NProc = Number of Processors Used for AIMInt Job
  BIM = Basin Integration Method
  OAQ = Angular Quadrature Outside of Beta Sphere
  ORQ = Multiple of Default for Radial Quadrature Outside of Beta Sphere
  IAQ = Multiple of Default for Angular Quadrature Inside of Beta Sphere
  IRQ = Multiple of Default for Radial Quadrature Inside of Beta Sphere
  MIR = Maximum Integration Radius
------------------------------------------------------------------------------------------------------
Atom A     Time(sec)   NProc      BIM          OAQ                     ORQ      IAQ      IRQ      MIR
------------------------------------------------------------------------------------------------------
C1             88        8     Proaim(5)    4500(GS4)                  1.00     1.00     1.00    13.00
H2             18        8     Proaim(5)    1800(GS4)                  1.00     1.00     1.00    13.00
H3             17        8     Proaim(5)    1800(GS4)                  1.00     1.00     1.00    13.00
H4             17        8     Proaim(5)    1800(GS4)                  1.00     1.00     1.00    13.00
Cl5            33        8     Proaim(5)    3150(GS4)                  1.00     1.00     1.00    13.00
F6             34        8     Proaim(5)    2700(GS4)                  1.00     1.00     1.00    13.00
------------------------------------------------------------------------------------------------------
Total         207
Note:  Total wall clock time is less than total of atomic times if more than one atom
       was calculated at a time
 
Electron Density Critical Point Analysis of Molecular Structure:               
---------------------------------------------------------------                
  NACP = Nuclear Attractor Critical Point                                      
  NNACP = Non-Nuclear Attractor Critical Point                                 
  BCP = Bond Critical Point                                                    
  RCP = Ring Critical Point                                                    
  CCP = Cage Critical Point                                                    
  Rho = Electron Density                                                       
  GradRho = Gradient of Electron Density                                       
  HessRho_EigVals = Eigenvalues of the Hessian of Rho, Ascending Order         
  HessRho_EigVecs = Eigenvectors of the Hessian of Rho                         
  DelSqRho = Laplacian of Rho = Trace of Hessian of Rho                        
  Bond Ellipticity = (HessRho_EigVal(1) / HessRho_EigVal(2)) - 1               
  V = Virial Field = Potential Energy Density = Trace of Stress Tensor         
  G = Lagrangian Form of Kinetic Energy Density                                
  K = Hamiltonian Form of Kinetic Energy Density                               
  L = K - G = Lagrangian Density = (-1/4)DelSqRho                              
  Vnuc = Electrostatic Potential from Nuclei                                   
  Ven = Electron-nuclear attractive contribution to Virial Field V             
  Vrep = V - Ven = Repulsive contribution to Virial Field V                    
  DelSqV = Laplacian of V                                                      
  DelSqVen = Laplacian of Ven                                                  
  DelSqVrep = Laplacian of Vrep                                                
  DelSqG = Laplacian of G                                                      
  DelSqK = Laplacian of K                                                      
  Stress_EigVals = Eigenvalues of Stress Tensor, Ascending Order               
  Stress_EigVecs = Eigenvectors of Stress Tensor                               
  -DivStress = Ehrenfest Force Density = Minus Divergence of Stress Tensor     
  ESP = Total Electrostatic Potential                                          
  ESPe = Electrostatic Potential from Electrons                                
  ESPn = Electrostatic Potential from Nuclei                                   
  BP = Bond Path                                                               
  BPL = Bond Path Length                                                       
  GBL = Geometric Bond Length                                                  
  GBL_I = Distance Between Nuclear Attractors                                  
  GBL_II = Distance Between Nuclei                                             
  GBL_III = Sum of Distances Between BCP and Nuclear Attractors                
  GBL_IV = Sum of Distances Between BCP and Nuclei                             

CP# 1      Coords =  3.30591392173334E-04  5.48589293423253E-05 -9.40530850098153E-01
           Type = (3,-3) NACP C1
           Rho =  1.2140604425E+02     Rho at Nucleus =  1.2140604324E+02
           GradRho =  3.3255673183E-15 -2.3847693701E-16 -3.6609926042E-12
           HessRho_EigVals = -2.4892764424E+05 -2.4892059659E+05 -2.4892053400E+05
           HessRho_EigVec1 =  1.4242076444E-03 -3.2412434587E-04  9.9999893329E-01
           HessRho_EigVec2 =  8.9178061753E-01 -4.5246582529E-01 -1.4167374735E-03
           HessRho_EigVec3 =  4.5246580184E-01  8.9178168398E-01 -3.5535747789E-04
           DelSqRho = -7.4676877484E+05
           Bond Ellipticity = NA
           V = -1.8670568423E+05
           G =  6.7452590994E+00
           K =  1.8669893897E+05
           L =  1.8669219371E+05
           Vnuc =  2.1033675197E+06
           Ven = -2.5536153017E+08
           Vrep =  2.5517482449E+08
           DelSqV =  1.1231330977E+10
           DelSqVen =  1.5707291812E+12
           DelSqVrep = -1.5594978584E+12
           DelSqG =  3.8280997123E+08
           DelSqK = -1.1614140948E+10
           Stress_EigVals = -6.2235955291E+04 -6.2235935010E+04 -6.2233793926E+04
           Stress_EigVec1 =  5.1653089140E-01  8.5626845199E-01 -4.1995442560E-04
           Stress_EigVec2 =  8.5626758986E-01 -5.1653098345E-01 -1.2480756326E-03
           Stress_EigVec3 =  1.2856072624E-03 -2.8507625520E-04  9.9999913297E-01
           -DivStress =  3.9951251770E+02 -2.1679116075E+02 -1.0475628658E+04
           ESP =  -1.4868151698E+01     ESP at Nucleus =  -1.4868151721E+01
           ESPe = -2.2833606699E+01     ESPe at Nucleus = -2.2833605649E+01
           ESPn =  7.9654550014E+00     ESPn at Nucleus =  7.9654539278E+00

CP# 2      Coords =  5.15727254865640E-05 -1.95532674931535E+00 -1.16801461343680E+00
           Type = (3,-3) NACP H2
           Rho =  4.4819387586E-01     Rho at Nucleus =  4.4331454400E-01
           GradRho = -1.2081082913E-17 -6.8802175013E-16  6.7959367677E-16
           HessRho_EigVals = -8.9799115989E+00 -8.9666166153E+00 -8.0229138032E+00
           HessRho_EigVec1 = -1.1287200033E-04 -1.3688683039E-01  9.9058668623E-01
           HessRho_EigVec2 =  9.9999993009E-01 -3.6858513534E-04  6.3010680840E-05
           HessRho_EigVec3 =  3.5649019543E-04  9.9058662408E-01  1.3688686242E-01
           DelSqRho = -2.5969442017E+01
           Bond Ellipticity = NA
           V = -6.5202185456E+00
           G =  1.3929020649E-02
           K =  6.5062895250E+00
           L =  6.4923605043E+00
           Vnuc =  3.8701511364E+01
           Ven = -1.7345780380E+01
           Vrep =  1.0825561834E+01
           DelSqV =  1.6597670301E+03
           DelSqVen =  1.0050566554E+03
           DelSqVrep =  6.5471037477E+02
           DelSqG =  1.2678930510E+02
           DelSqK = -1.7865563352E+03
           Stress_EigVals = -2.2535974141E+00 -2.2513055734E+00 -2.0153155582E+00
           Stress_EigVec1 =  7.6635661119E-04 -1.3628019596E-01  9.9067003633E-01
           Stress_EigVec2 =  9.9999962156E-01 -3.0351634031E-04 -8.1532655463E-04
           Stress_EigVec3 =  4.1179740651E-04  9.9067028625E-01  1.3627991178E-01
           -DivStress = -8.5965713897E-03 -1.8242273347E+01 -2.6966182932E+00
           ESP =  -1.2606655553E+00     ESP at Nucleus =  -1.2625523395E+00
           ESPe = -1.0644325531E+01     ESPe at Nucleus = -1.0569358482E+01
           ESPn =  9.3836599756E+00     ESPn at Nucleus =  9.3068061427E+00

CP# 3      Coords = -1.71206080204353E+00  9.78173526276871E-01 -1.16906643505912E+00
           Type = (3,-3) NACP H3
           Rho =  4.4255047252E-01     Rho at Nucleus =  4.3783779711E-01
           GradRho =  3.2840637311E-13 -1.8726923042E-13  5.5449131395E-14
           HessRho_EigVals = -8.8716726086E+00 -8.8586345108E+00 -7.9456211962E+00
           HessRho_EigVec1 = -1.1862156233E-01  6.7469823098E-02  9.9064461232E-01
           HessRho_EigVec2 =  4.9533346041E-01  8.6870290737E-01  1.4737622712E-04
           HessRho_EigVec3 =  8.6056591145E-01 -4.9071690586E-01  1.3646695702E-01
           DelSqRho = -2.5675928316E+01
           Bond Ellipticity = NA
           V = -6.4459544405E+00
           G =  1.3486180807E-02
           K =  6.4324682597E+00
           L =  6.4189820789E+00
           Vnuc =  3.9018052826E+01
           Ven = -1.7267457715E+01
           Vrep =  1.0821503275E+01
           DelSqV =  1.6425741214E+03
           DelSqVen =  1.0018247274E+03
           DelSqVrep =  6.4074939399E+02
           DelSqG =  1.2549399424E+02
           DelSqK = -1.7680681156E+03
           Stress_EigVals = -2.2262655837E+00 -2.2239236717E+00 -1.9957651851E+00
           Stress_EigVec1 = -1.1729708428E-01  6.8528852643E-02  9.9072962526E-01
           Stress_EigVec2 =  4.9543210661E-01  8.6864549109E-01 -1.4277732858E-03
           Stress_EigVec3 =  8.6069066554E-01 -4.9067179169E-01  1.3584097721E-01
           -DivStress = -1.5485956612E+01  8.8274617843E+00 -2.6285200378E+00
           ESP =  -1.2597353310E+00     ESP at Nucleus =  -1.2613300711E+00
           ESPe = -1.0606745962E+01     ESPe at Nucleus = -1.0533198452E+01
           ESPn =  9.3470106312E+00     ESPn at Nucleus =  9.2718683809E+00

CP# 4      Coords =  1.69370907254320E+00  9.77385857770620E-01 -1.16958450712554E+00
           Type = (3,-3) NACP H4
           Rho =  4.4802271933E-01     Rho at Nucleus =  4.4313961559E-01
           GradRho = -4.6369646259E-13 -2.6713384310E-13  7.9072014657E-14
           HessRho_EigVals = -8.9761437603E+00 -8.9628282684E+00 -8.0187356880E+00
           HessRho_EigVec1 =  1.1923701387E-01  6.8635205017E-02  9.9049065778E-01
           HessRho_EigVec2 = -4.9941323162E-01  8.6636390543E-01  8.6298804432E-05
           HessRho_EigVec3 =  8.5811943143E-01  4.9467443031E-01 -1.3757997455E-01
           DelSqRho = -2.5957707717E+01
           Bond Ellipticity = NA
           V = -6.5172527810E+00
           G =  1.3912925894E-02
           K =  6.5033398551E+00
           L =  6.4894269292E+00
           Vnuc =  3.8682627929E+01
           Ven = -1.7330696156E+01
           Vrep =  1.0813443375E+01
           DelSqV =  1.6589337094E+03
           DelSqVen =  1.0041123495E+03
           DelSqVrep =  6.5482135986E+02
           DelSqG =  1.2672321295E+02
           DelSqK = -1.7856569223E+03
           Stress_EigVals = -2.2526522579E+00 -2.2503505895E+00 -2.0142499336E+00
           Stress_EigVec1 =  1.1830667114E-01  6.8985552130E-02  9.9057787436E-01
           Stress_EigVec2 = -4.9946636431E-01  8.6633301196E-01 -6.8067162574E-04
           Stress_EigVec3 =  8.5821726998E-01  4.9467980148E-01 -1.3694893765E-01
           -DivStress =  1.5805829543E+01  9.1107274437E+00 -2.7089049742E+00
           ESP =  -1.2603126021E+00     ESP at Nucleus =  -1.2621962963E+00
           ESPe = -1.0643213931E+01     ESPe at Nucleus = -1.0568202425E+01
           ESPn =  9.3829013286E+00     ESPn at Nucleus =  9.3060061291E+00

CP# 5      Coords =  1.04880007675952E-03  1.81791989573780E-03  3.10806651442583E+00
           Type = (3,-3) NACP Cl5
           Rho =  3.1725881460E+03     Rho at Nucleus =  3.1725881456E+03
           GradRho = -1.1102894145E-11 -4.8492109729E-12 -1.5971490541E-08
           HessRho_EigVals = -1.3891682692E+08 -1.3891660338E+08 -1.3891660328E+08
           HessRho_EigVec1 = -2.5548452268E-04  7.8135208514E-04  9.9999966211E-01
           HessRho_EigVec2 =  6.9217080418E-01  7.2173362676E-01 -3.8708927746E-04
           HessRho_EigVec3 =  7.2173368535E-01 -6.9217047141E-01  7.2522087226E-04
           DelSqRho = -4.1675003359E+08
           Bond Ellipticity = NA
           V = -1.0421595444E+08
           G =  1.4223023404E+04
           K =  1.0420173142E+08
           L =  1.0418750840E+08
           Vnuc =  2.2494424869E+08
           Ven = -7.1365545692E+11
           Vrep =  7.1355124096E+11
           DelSqV =  3.3656985778E+14
           DelSqVen =  9.3745460896E+16
           DelSqVrep = -9.3408891038E+16
           DelSqG =  4.5632232829E+12
           DelSqK = -3.4113308107E+14
           Stress_EigVals = -3.4738670217E+07 -3.4738670192E+07 -3.4738614035E+07
           Stress_EigVec1 =  7.2162264763E-01 -6.9228622670E-01  7.3126276919E-04
           Stress_EigVec2 =  6.9228656401E-01  7.2162259110E-01 -3.8638274936E-04
           Stress_EigVec3 = -2.6020827867E-04  7.8506593246E-04  9.9999965798E-01
           -DivStress = -8.5478559523E+03  1.1616125372E+04  8.4194174599E+06
           ESP =  -6.4638431009E+01     ESP at Nucleus =  -6.4638431010E+01
           ESPe = -6.7879260176E+01     ESPe at Nucleus = -6.7879260130E+01
           ESPn =  3.2408291669E+00     ESPn at Nucleus =  3.2408291194E+00

CP# 6      Coords = -3.51488812568141E-04 -1.74044084687750E-03 -4.90094353867345E+00
           Type = (3,-3) NACP F6
           Rho =  4.3109929731E+02     Rho at Nucleus =  4.3109929680E+02
           GradRho =  1.4227262003E-11 -1.0037728353E-11  8.0873223177E-09
           HessRho_EigVals = -2.0428436252E+06 -2.0428309837E+06 -2.0428309711E+06
           HessRho_EigVec1 =  6.8516060461E-04 -4.6912425031E-05  9.9999976418E-01
           HessRho_EigVec2 =  7.6077543238E-01  6.4901502339E-01 -4.9080660234E-04
           HessRho_EigVec3 = -6.4901484732E-01  7.6077558926E-01  4.8036934627E-04
           DelSqRho = -6.1285055799E+06
           Bond Ellipticity = NA
           V = -1.5324353100E+06
           G =  1.5445753023E+02
           K =  1.5322808525E+06
           L =  1.5321263950E+06
           Vnuc =  1.2652394491E+07
           Ven = -5.4544383742E+09
           Vrep =  5.4529059389E+09
           DelSqV =  2.1792702609E+11
           DelSqVen =  7.7540286792E+13
           DelSqVrep = -7.7322359766E+13
           DelSqG =  7.2617795958E+09
           DelSqK = -2.2518880568E+11
           Stress_EigVals = -5.1081281162E+05 -5.1081280858E+05 -5.1080968985E+05
           Stress_EigVec1 = -6.4809451571E-01  7.6155976223E-01  4.7672280858E-04
           Stress_EigVec2 =  7.6155960374E-01  6.4809468959E-01 -4.9324035550E-04
           Stress_EigVec3 =  6.8459352850E-04 -4.3386463867E-05  9.9999976472E-01
           -DivStress = -8.4645964002E+01  6.0488176906E+01 -5.0707217493E+04
           ESP =  -2.6928507337E+01     ESP at Nucleus =  -2.6928507340E+01
           ESPe = -3.1275802397E+01     ESPe at Nucleus = -3.1275801834E+01
           ESPn =  4.3472950595E+00     ESPn at Nucleus =  4.3472944936E+00

CP# 7      Coords =  2.29825198215950E-04 -1.31315331672456E+00 -1.08203981529613E+00
           Type = (3,-1) BCP C1 H2
           Rho =  3.1745217463E-01
           GradRho = -7.2939647891E-17 -4.1875028098E-14  2.8809354789E-14
           HessRho_EigVals = -9.7054613152E-01 -9.2940955739E-01  5.1148318899E-01
           HessRho_EigVec1 =  2.4835043328E-04 -1.2926548395E-01  9.9160999036E-01
           HessRho_EigVec2 =  9.9999995224E-01 -1.5033651801E-04 -2.7004946176E-04
           HessRho_EigVec3 =  1.8398326754E-04  9.9161001006E-01  1.2926544044E-01
           DelSqRho = -1.3884724999E+00
           Bond Ellipticity =  4.4260976011E-02
           V = -4.3560872486E-01
           G =  4.4245299942E-02
           K =  3.9136342492E-01
           L =  3.4711812498E-01
           Vnuc =  1.2801703742E+01
           Ven = -4.0639286917E+00
           Vrep =  3.6283199669E+00
           DelSqV = -2.5133937185E+00
           DelSqVen =  1.7774813598E+01
           DelSqVrep = -2.0288207316E+01
           DelSqG =  1.9011637398E+00
           DelSqK =  6.1222997869E-01
           Stress_EigVals = -2.7419444198E-01 -2.6829832595E-01  1.0688404306E-01
           Stress_EigVec1 =  9.9999908515E-01 -1.1199312138E-04 -1.3480207456E-03
           Stress_EigVec2 =  1.3229734668E-03 -1.2667952772E-01  9.9194281438E-01
           Stress_EigVec3 =  2.8185740342E-04  9.9194369029E-01  1.2667926366E-01
           -DivStress = -5.2386607317E-05 -2.0509571785E-02 -1.2208943776E-02
           ESP =   7.5137032078E-01
           ESPe = -1.2050333421E+01
           ESPn =  1.2801703742E+01
           BPL =  1.9689653450E+00 =  1.3210595161E+00 +  6.4790582881E-01                
           GBL_I =  1.9685695757E+00                                                      
           GBL_II =  2.0026620567E+00                                                     
           GBL_III =  1.9687136413E+00 =  1.3208105504E+00 +  6.4790309091E-01            
           GBL_IV =  2.0028191652E+00 =  1.3208101865E+00 +  6.8200897875E-01             

CP# 8      Coords = -1.15131941656246E+00  6.58330105732953E-01 -1.08298392832901E+00
           Type = (3,-1) BCP C1 H3
           Rho =  3.1140003450E-01
           GradRho = -1.2827910331E-13  7.3194767198E-14  1.4499126929E-13
           HessRho_EigVals = -9.4513305655E-01 -9.0577528786E-01  5.1309395853E-01
           HessRho_EigVec1 = -1.1203667298E-01  6.3208169373E-02  9.9169174204E-01
           HessRho_EigVec2 =  4.9546706771E-01  8.6862650844E-01  6.1126895253E-04
           HessRho_EigVec3 =  8.6137109815E-01 -4.9141908404E-01  1.2863559041E-01
           DelSqRho = -1.3378143859E+00
           Bond Ellipticity =  4.3452023048E-02
           V = -4.2001910699E-01
           G =  4.2782755258E-02
           K =  3.7723635173E-01
           L =  3.3445359647E-01
           Vnuc =  1.2742745904E+01
           Ven = -3.9680915141E+00
           Vrep =  3.5480724072E+00
           DelSqV = -2.4972476894E+00
           DelSqVen =  1.7047428786E+01
           DelSqVrep = -1.9544676475E+01
           DelSqG =  1.8361239432E+00
           DelSqK =  6.6112374618E-01
           Stress_EigVals = -2.6650461543E-01 -2.6101671999E-01  1.0750222844E-01
           Stress_EigVec1 =  4.9530567482E-01  8.6871847662E-01  7.0488836421E-04
           Stress_EigVec2 = -1.0987161816E-01  6.1839104266E-02  9.9202023805E-01
           Stress_EigVec3 =  8.6174272031E-01 -4.9143070067E-01  1.2607676402E-01
           -DivStress = -1.9675507905E-02  1.0710890825E-02 -1.1982231942E-02
           ESP =   7.3287266937E-01
           ESPe = -1.2009873235E+01
           ESPn =  1.2742745904E+01
           BPL =  1.9856512039E+00 =  1.3343873360E+00 +  6.5126386789E-01                
           GBL_I =  1.9852528618E+00                                                      
           GBL_II =  2.0189395865E+00                                                     
           GBL_III =  1.9853962884E+00 =  1.3341352708E+00 +  6.5126101759E-01            
           GBL_IV =  2.0190959342E+00 =  1.3341350894E+00 +  6.8496084488E-01             

CP# 9      Coords =  1.01572135363198E-03 -1.32237572918047E-03 -2.75720144273451E+00
           Type = (3,-1) BCP C1 F6
           Rho =  4.6130246823E-02
           GradRho = -3.2126672589E-16  1.8538744603E-16  2.4876059544E-16
           HessRho_EigVals = -3.8458110288E-02 -3.8310378341E-02  2.3469927789E-01
           HessRho_EigVec1 =  7.5666933760E-01 -6.5379739471E-01 -6.9296937253E-04
           HessRho_EigVec2 =  6.5379706144E-01  7.5666965341E-01 -6.6185688496E-04
           HessRho_EigVec3 =  9.5706920199E-04  4.7745471300E-05  9.9999954087E-01
           DelSqRho =  1.5793078926E-01
           Bond Ellipticity =  3.8561860625E-03
           V = -4.4858644011E-02
           G =  4.2170670662E-02
           K =  2.6879733483E-03
           L = -3.9482697314E-02
           Vnuc =  1.1577499136E+01
           Ven = -5.3407289273E-01
           Vrep =  4.8921424872E-01
           DelSqV = -3.9573418504E-01
           DelSqVen = -1.8284435761E+00
           DelSqVrep =  1.4327093911E+00
           DelSqG =  2.8720668737E-01
           DelSqK =  1.0852749767E-01
           Stress_EigVals = -2.4686792242E-02 -2.4672907416E-02  4.5010556481E-03
           Stress_EigVec1 =  4.1588629068E-04  9.9999980149E-01 -4.7335832625E-04
           Stress_EigVec2 =  9.9999989974E-01 -4.1596481475E-04 -1.6580081171E-04
           Stress_EigVec3 =  1.6599767921E-04  4.7328932450E-04  9.9999987422E-01
           -DivStress = -4.6493653545E-06  8.5184803232E-06  2.0436354183E-02
           ESP =  -1.7889755384E-02
           ESPe = -1.1595388891E+01
           ESPn =  1.1577499136E+01
           BPL =  3.9604489266E+00 =  1.8167063445E+00 +  2.1437425821E+00                
           GBL_I =  3.9604131542E+00                                                      
           GBL_II =  3.9604110156E+00                                                     
           GBL_III =  3.9604138166E+00 =  1.8166712439E+00 +  2.1437425727E+00            
           GBL_IV =  3.9604116779E+00 =  1.8166683939E+00 +  2.1437432840E+00             

CP# 10     Coords =  7.57363981677116E-04  8.44753203047137E-04  7.24835149217404E-01
           Type = (3,-1) BCP Cl5 C1
           Rho =  8.0683356376E-02
           GradRho = -1.3577844292E-18  1.0810330302E-19  2.8542700615E-17
           HessRho_EigVals = -8.4589641930E-02 -8.4526577680E-02  2.0968303866E-01
           HessRho_EigVec1 =  8.4401618583E-01 -5.3631768480E-01  1.3795555591E-04
           HessRho_EigVec2 =  5.3631769851E-01  8.4401612003E-01 -3.3969537779E-04
           HessRho_EigVec3 =  6.5747925515E-05  3.6069640335E-04  9.9999993279E-01
           DelSqRho =  4.0566819054E-02
           Bond Ellipticity =  7.4608781740E-04
           V = -6.9092033911E-02
           G =  3.9616869337E-02
           K =  2.9475164574E-02
           L = -1.0141704764E-02
           Vnuc =  1.3425188900E+01
           Ven = -1.0831893005E+00
           Vrep =  1.0140972665E+00
           DelSqV = -4.3986443472E-01
           DelSqVen = -5.4461720889E-01
           DelSqVrep =  1.0475277417E-01
           DelSqG =  2.9741222045E-01
           DelSqK =  1.4245221427E-01
           Stress_EigVals = -4.1844532608E-02 -4.1828441705E-02  1.4580940402E-02
           Stress_EigVec1 =  1.0132813174E-01  9.9485295963E-01 -4.4547040133E-04
           Stress_EigVec2 =  9.9485303685E-01 -1.0132821453E-01 -1.6734425882E-04
           Stress_EigVec3 =  2.1162165156E-04  4.2622090048E-04  9.9999988678E-01
           -DivStress = -6.6985454398E-07 -2.8131827499E-05 -4.1221399216E-02
           ESP =   1.7968187385E-01
           ESPe = -1.3245507026E+01
           ESPn =  1.3425188900E+01
           BPL =  4.0485989395E+00 =  2.3832315836E+00 +  1.6653673559E+00                
           GBL_I =  4.0485978121E+00                                                      
           GBL_II =  4.0486007376E+00                                                     
           GBL_III =  4.0485978230E+00 =  2.3832315817E+00 +  1.6653662413E+00            
           GBL_IV =  4.0486007485E+00 =  2.3832316573E+00 +  1.6653690912E+00             

CP# 11     Coords =  1.13766586253943E+00  6.56818927523858E-01 -1.08317642304824E+00
           Type = (3,-1) BCP H4 C1
           Rho =  3.1742719212E-01
           GradRho =  7.6440947741E-16  5.5540767892E-16 -3.7430625353E-17
           HessRho_EigVals = -9.7059499820E-01 -9.2959858281E-01  5.1164186478E-01
           HessRho_EigVec1 =  1.1307533477E-01  6.4189545311E-02  9.9151080223E-01
           HessRho_EigVec2 = -4.9934873797E-01  8.6640065945E-01  8.5744030497E-04
           HessRho_EigVec3 =  8.5899057420E-01  4.9520662312E-01 -1.3002151305E-01
           DelSqRho = -1.3885517162E+00
           Bond Ellipticity =  4.4101202546E-02
           V = -4.3549437044E-01
           G =  4.4178220694E-02
           K =  3.9131614975E-01
           L =  3.4713792905E-01
           Vnuc =  1.2800298153E+01
           Ven = -4.0631627011E+00
           Vrep =  3.6276683307E+00
           DelSqV = -2.5179481555E+00
           DelSqVen =  1.7773875969E+01
           DelSqVrep = -2.0291824124E+01
           DelSqG =  1.9007030795E+00
           DelSqK =  6.1724507600E-01
           Stress_EigVals = -2.7416240301E-01 -2.6829176430E-01  1.0695979686E-01
           Stress_EigVec1 = -4.9915937743E-01  8.6650785311E-01  2.0140563496E-03
           Stress_EigVec2 =  1.1138087607E-01  6.1856525706E-02  9.9185083086E-01
           Stress_EigVec3 =  8.5932195152E-01  4.9531597059E-01 -1.2738866866E-01
           -DivStress =  1.9010130940E-02  1.0480457149E-02 -1.2310687411E-02
           ESP =   7.5165079021E-01
           ESPe = -1.2048647363E+01
           ESPn =  1.2800298153E+01
           BPL =  1.9689400765E+00 =  6.4762416638E-01 +  1.3213159101E+00                
           GBL_I =  1.9685456915E+00                                                      
           GBL_II =  2.0026594109E+00                                                     
           GBL_III =  1.9686885817E+00 =  6.4762146749E-01 +  1.3210671142E+00            
           GBL_IV =  2.0028152328E+00 =  6.8174849052E-01 +  1.3210667423E+00             

Number of NACPs  =      6
Number of NNACPs =      0
Number of BCPs   =      5
Number of RCPs   =      0
Number of CCPs   =      0
NumNACP + NumNNACP - NumBCP + NumRCP - NumCCP =      1
Poincare-Hopf Relationship is Satisfied

Bond Path Angles and Corresponding Geometric Bond Angles:
--------------------------------------------------------
  BPA     = A-B-C Bond Path Angle
  GBA_I   = A-B-C Geometric Bond Angle in Terms of Nuclear Attractors
  GBA_II  = A-B-C Geometric Bond Angle in Terms of Nuclei
  GBA_III = A-B-C Geometric Bond Angle in Terms of A|B and C|B BCPs and Nuclear Attractor B
  GBA_IV  = A-B-C Geometric Bond Angle in Terms of A|B and C|B BCPs and Nucleus B
-------------------------------------------------------------------------------------------------
Atom A    Atom B    Atom C        BPA          GBA_I         GBA_II       GBA_III       GBA_IV
-------------------------------------------------------------------------------------------------
H3        C1        H2        119.12243262  118.42230841  118.40953346  118.62429532  118.62433496
F6        C1        H2         85.09101714   83.33822105   83.30812142   83.80620728   83.80633171
F6        C1        H3         85.95788142   83.39396343   83.36437069   83.91084029   83.91095872
Cl5       C1        H2         94.64894075   96.66075701   96.69085831   96.17753507   96.17741441
Cl5       C1        H3         94.66450865   96.60680083   96.63639001   96.12873603   96.12860952
Cl5       C1        F6        179.37508158  179.99893593  179.99893840  179.96023255  179.96024062
H4        C1        H2        119.45207516  118.67388085  118.66181947  118.86727815  118.86733220
H4        C1        H3        119.48878559  118.94584706  118.93537828  119.10010703  119.10014764
H4        C1        F6         85.05144371   83.33964100   83.30967306   83.80426858   83.80439321
H4        C1        Cl5        94.58770164   96.66061322   96.69058303   96.17243737   96.17231706

Total time for electron density critical point search, analysis and connectivity = 265 sec (NProc = 8)             
 
Virial-Based Atomic Energy Components:
-------------------------------------
  Ee(A) = E(A) - W(A) = -T(A)
        = Contribution of Atom A to Electronic Energy of Molecule.
          Not additive to give molecular Ee unless molecular electronic virial theorem is satisfied.
  T(A) = Electronic Kinetic Energy of Atom A (Hamiltonian Form)
  Ven(A) = Ven(A,Mol) = VenT(A)
         = Attraction Energy Between Electron Density Distribution of Atom A and Nuclei of Molecule
  VenO(A) = Ven(A,A)
          = Attraction Energy Between Electron Density Distribution of Atom A and Nucleus of Atom A
  Vee(A) = Vee(A,A) + Vee(A,A')/2
         = Two-Electron Interaction Energy of Atom A with Itself Plus Half of Two-Electron Interaction Energy
           Between Atom A and Other Atoms of Molecule
  Vnn(A) - W(A) = Contribution of Atom A to the Nuclear Repulsion Energy of Molecule Minus
                  the Nuclear Virial of Energy-Gradient-Based Forces on Nuclei of Molecule.
                  Calculation of Vnn(A) - W(A) assumes satisfaction of the atomic virial theorem:
                       2T(A) + Ven(A) + Vee(A) + Vnn(A) - W(A) = 0
See "2EDM Note" and "DFT Note".
--------------------------------------------------------------------------------------------------------------------
Atom A         Ee(A)              T(A)             Ven(A)           VenO(A)            Vee(A)        Vnn(A) - W(A)
--------------------------------------------------------------------------------------------------------------------
C1       -3.7789986785E+01  3.7789986785E+01 -1.3440738108E+02 -8.8874471269E+01
H2       -6.1527180717E-01  6.1527180717E-01 -9.2911274677E+00 -1.2224599435E+00
H3       -6.0809806031E-01  6.0809806031E-01 -9.2138447473E+00 -1.2124573438E+00
H4       -6.1477414911E-01  6.1477414911E-01 -9.2818803911E+00 -1.2215869183E+00
Cl5      -4.5981456621E+02  4.5981456621E+02 -1.1562435376E+03 -1.0993388175E+03
F6       -9.9740082802E+01  9.9740082802E+01 -2.8566262926E+02 -2.4295973970E+02
--------------------------------------------------------------------------------------------------------------------
Total    -5.9918277981E+02  5.9918277981E+02 -1.6041004005E+03 -1.4348295327E+03
 
More Virial-Based Atomic Energy Components:
------------------------------------------
  E(A) = Ee(A) + W(A)
       = T(A) + Ven(A) + Vee(A) + Vnn(A) = Contribution of Atom A to Total Energy E of Molecule
         Not additive to give molecular E unless molecular virial theorem is satisfied.
  Ee(A) = E(A) - W(A) = Contribution of Atom A to Electronic Energy of Molecule
          Not additive to give molecular Ee unless molecular virial theorem is satisfied.
  W(A) = Contribution of Atom A to Nuclear Virial of Energy-Gradient-Based Forces on Nuclei of Molecule
  Vnn(A) = Contribution of Atom A to Nuclear Repulsion Energy of Molecule
           Calculation of Vnn(A) assumes satisfaction of the atomic virial theorem:
                2T(A) + Ven(A) + Vee(A) + Vnn(A) - W(A) = 0
  VeeC(A) = Coulomb Part of Vee(A)
  VeeX(A) = Exchange-Correlation Part of Vee(A)
See "2EDM Note" and "DFT Note".
--------------------------------------------------------------------------------------------------------------------
Atom A          E(A)             Ee(A)              W(A)             Vnn(A)           VeeC(A)           VeeX(A)
--------------------------------------------------------------------------------------------------------------------
C1                         -3.7789986785E+01
H2                         -6.1527180717E-01
H3                         -6.0809806031E-01
H4                         -6.1477414911E-01
Cl5                        -4.5981456621E+02
F6                         -9.9740082802E+01
--------------------------------------------------------------------------------------------------------------------
Total                      -5.9918277981E+02
 
IQA Atomic Energy Components:
----------------------------
  E_IQA(A) = Contribution of Atom A to Total Energy E of Molecule, Using IQA Additive Atomic Energy Definition
           = T(A) + Vne(A,Mol)/2 + Ven(A,Mol)/2 + Vee(A) + Vnn(A,Mol)/2
  T(A) = Electronic Kinetic Energy of Atom A (Hamiltonian Form)
  Vne(A,Mol)/2 = Half of Attraction Energy Between Nucleus of Atom A and Electron Density Distribution of Molecule
  Ven(A,Mol)/2 = Half of Attraction Energy Between Electron Density Distribution of Atom A and Nuclei of Molecule
  Vee(A) = Vee(A,A) + Vee(A,A')/2
         = Two-Electron Interaction Energy of Atom A with Itself Plus Half of Two-Electron Interaction Energy
           Between Atom A and Other Atoms of Molecule
  Vnn(A,Mol)/2 = Vnn(A,A')/2 = Half of Repulsion Energy Between Nucleus of Atom A and Other Nuclei of Molecule
  VeeC(A) = Coulomb Part of Vee(A)
  VeeX(A) = Exchange-Correlation Part of Vee(A)
See "2EDM Note" and "DFT Note".
--------------------------------------------------------------------------------------------------------------------------------------------------------
Atom A        E_IQA(A)            T(A)          Vne(A,Mol)/2      Ven(A,Mol)/2         Vee(A)         Vnn(A,Mol)/2        VeeC(A)           VeeX(A)
--------------------------------------------------------------------------------------------------------------------------------------------------------
C1                          3.7789986785E+01 -6.8500816946E+01 -6.7203690542E+01                    2.3896361783E+01
H2                          6.1527180717E-01 -5.2846792416E+00 -4.6455637339E+00                    4.6534030714E+00
H3                          6.0809806031E-01 -5.2665992264E+00 -4.6069223736E+00                    4.6359341905E+00
H4                          6.1477414911E-01 -5.2841012118E+00 -4.6409401955E+00                    4.6530030645E+00
Cl5                         4.5981456621E+02 -5.7697371110E+02 -5.7812176882E+02                    2.7547047515E+01
F6                          9.9740082802E+01 -1.4074110825E+02 -1.4283131463E+02                    1.9562825221E+01
--------------------------------------------------------------------------------------------------------------------------------------------------------
Total                       5.9918277981E+02 -8.0205101598E+02 -8.0205020029E+02                    8.4948574845E+01
 
More IQA Atomic Energy Components:
---------------------------------
  Vneen(A) = Vne(A,Mol)/2 + Ven(A,Mol)/2
  V_IQA(A) = Vne(A,Mol)/2 + Ven(A,Mol)/2 + Vee(A,A) + Vee(A,A')/2 + Vnn(A,A')/2
           = VC_IQA(A) + VX_IQA(A) = Potential Energy Contribution to E_IQA(A)
           = E_IQA(A) - T(A)
  VC_IQA(A) = Vne(A,Mol)/2 + Ven(A,Mol)/2 + VeeC(A,A) + VeeC(A,A')/2 + Vnn(A,A')/2
            = Coulomb Potential Energy Contribution to E_IQA(A)
            = E_IQA(A) - T(A) - VeeX(A)
  VX_IQA(A) = VeeX(A,A) + VeeX(A,A')/2
            = Exchange-Correlation Energy Contribution to E_IQA(A)
            = E_IQA(A) - T(A) - VC_IQA(A)
See "2EDM Note" and "DFT Note".
--------------------------------------------------------------------------------
Atom A        Vneen(A)          V_IQA(A)         VC_IQA(A)         VX_IQA(A)
--------------------------------------------------------------------------------
C1       -1.3570450749E+02
H2       -9.9302429755E+00
H3       -9.8735216000E+00
H4       -9.9250414073E+00
Cl5      -1.1550954799E+03
F6       -2.8357242288E+02
--------------------------------------------------------------------------------
Total    -1.6041012163E+03
 
IQA Intraatomic ("Self") Energy Components:
------------------------------------------
  E_IQA_Intra(A) = T(A) + Vne(A,A) + Vee(A,A)
                 = Intraatomic ("Self") Contribution to E_IQA(A)
  T(A) = Electronic Kinetic Energy of Atom A (Hamiltonian Form)
  Vne(A,A) = Attraction Energy Between Electron Density Distribution of Atom A and Nucleus of Atom A
  Vee(A,A) = Two-electron Interaction Energy of Atom A With Itself
  VeeC(A,A) = Coulomb Part of Vee(A,A)
