AIMSum (Version 17.11.14, Professional)
Copyright (c) 1997-2017 by Todd A. Keith
AIMSum is a component of the AIMAll package ( http://aim.tkgristmill.com )

TP:  64-bit Linux

Much of the Quantum Theory of Atoms in Molecules (QTAIM) is described in the book:
  "Atoms in Molecules - A Quantum Theory"
  R.F.W. Bader, Oxford University Press, Oxford, 1990

For additional references see:  http://aim.tkgristmill.com/references.html

Wfn File:  /home/bruns/metodo_ts/QCISD/clch3f_ts/RUN/GAUSSIAN.wfn
Sum File:  /home/bruns/metodo_ts/QCISD/clch3f_ts/RUN/GAUSSIAN.sum

SumViz File:  /home/bruns/metodo_ts/QCISD/clch3f_ts/RUN/GAUSSIAN.sumviz

Wfn Title:   clch3f_ts-wavefunction                                                        
 
Total memory allocated for AIMSum =        1.289 Megabytes

Atomic units (a.u.) used throughout, except where stated otherwise

Model:  Unknown
 
Restricted, natural orbital wavefunction.
  Number of electrons (from MO Occs)                   =          36.0000004000
  Number of Alpha electrons (from MO Occs)             =          18.0000002000
  Number of Beta electrons (from MO Occs)              =          18.0000002000
  Number of electron pairs (N*(N-1)/2)                 =         630.0000142000
  Number of electron pairs (from Muller 2EDM)          =         630.0000142000
  Number of electron pairs (from Muller 2EDM, no SOSI) =         630.4346316542
 
Nuclear Charges and Cartesian Coordinates:
-------------------------------------------------------------------------------
Atom      Charge                X                  Y                  Z
-------------------------------------------------------------------------------
C1         6.0           3.3070000000E-04   5.4800000000E-05  -9.4053370000E-01
H2         1.0           1.8933170000E-02  -1.9890690400E+00  -1.1730021400E+00
H3         1.0          -1.7221301000E+00   9.9468570000E-01  -1.1739829100E+00
H4         1.0           1.7229578000E+00   9.9424539000E-01  -1.1745970700E+00
Cl5       17.0           1.0488000000E-03   1.8179200000E-03   3.1080665900E+00
F6         9.0          -3.5149000000E-04  -1.7404400000E-03  -4.9009442500E+00
 
Some Atomic Properties:
----------------------
  q(A) = Net Charge of Atom A
  L(A) = Lagrangian of Atom A = -(1/4) Times Atomic Integral of the Laplacian of the Electron Density
  K(A) = Electronic Kinetic Energy of Atom A (Hamiltonian Form)
  K_Scaled(A) = K(A) * E(Mol)/K(Mol) = Approximation to Virial-Based Total Energy of Atom A.
  |Mu_Intra(A)| = Magnitude of Intraatomic Dipole Moment of Atom A
--------------------------------------------------------------------------------------------------
Atom A          q(A)              L(A)              K(A)          K_Scaled(A)      |Mu_Intra(A)|
--------------------------------------------------------------------------------------------------
C1        2.2576792580E-01  3.8445525347E-05  3.7795319289E+01 -3.7803126668E+01  2.4083474174E-02
H2        9.1656884200E-02  3.0913049624E-05  6.1517518142E-01 -6.1530225816E-01  1.4488138055E-01
H3        9.2500925490E-02  2.0843901062E-05  6.1470246666E-01 -6.1482944575E-01  1.4473121635E-01
H4        9.0741465270E-02  2.9594411551E-05  6.1572760948E-01 -6.1585480033E-01  1.4503727786E-01
Cl5      -6.4154282300E-01  8.2392557354E-06  4.5981441682E+02 -4.5990940069E+02  1.6789213798E-01
F6       -8.5897526060E-01  1.1479543561E-05  9.9740054221E+01 -9.9760657524E+01  1.0491472813E-01
--------------------------------------------------------------------------------------------------
Total    -9.9985088284E-01  1.3951568688E-04  5.9919539559E+02 -5.9931917139E+02
 
1st Largest |L(A)| = 3.8445525347E-05, atom C1      
2nd Largest |L(A)| = 3.0913049624E-05, atom H2      
 
Molecular charge q(Mol) from the wfn file:  -1.0000004000E+00
Molecular energy E(Mol) from the wfn file:  -5.9931916001E+02
Molecular virial ratio (-V(Mol)/T(Mol)) from the wfn file:   2.0002065700E+00
Note.  K_Scaled(A) = (1+V(Mol)/T(Mol))*K(A) = (E(Mol)/T(Mol))*K(A)
       Only use K_Scaled(A) data with caution.
 
N_AIMInt(SumA)     =         35.999851
N_Analytic(Mol)    =         36.000000
 
G_AIMInt(SumA)     =        599.195256
G_Analytic(Mol)    =        599.195382
 
K_AIMInt(SumA)     =        599.195396
K_Analytic(Mol)    =        599.195382
 
L_AIMInt(SumA)     =          0.000140
L_Analytic(Mol)    =          0.000000
 
VenT_AIMInt(SumA)  =      -1604.178705
VenT_Analytic(Mol) =      -1604.180152
 
Some Information About the Atomic Calculations:
----------------------------------------------
  Time(sec) = "Elapsed User Time", in Seconds, for Atom A by AIMInt and, if used, by TWOe
  NProc = Number of Processors Used for AIMInt Job
  BIM = Basin Integration Method
  OAQ = Angular Quadrature Outside of Beta Sphere
  ORQ = Multiple of Default for Radial Quadrature Outside of Beta Sphere
  IAQ = Multiple of Default for Angular Quadrature Inside of Beta Sphere
  IRQ = Multiple of Default for Radial Quadrature Inside of Beta Sphere
  MIR = Maximum Integration Radius
------------------------------------------------------------------------------------------------------
Atom A     Time(sec)   NProc      BIM          OAQ                     ORQ      IAQ      IRQ      MIR
------------------------------------------------------------------------------------------------------
C1             73        8     Proaim(5)    4500(GS4)                  1.00     1.00     1.00    13.00
H2             17        8     Proaim(5)    1800(GS4)                  1.00     1.00     1.00    13.00
H3             17        8     Proaim(5)    1800(GS4)                  1.00     1.00     1.00    13.00
H4             17        8     Proaim(5)    1800(GS4)                  1.00     1.00     1.00    13.00
Cl5            33        8     Proaim(5)    3150(GS4)                  1.00     1.00     1.00    13.00
F6             34        8     Proaim(5)    2700(GS4)                  1.00     1.00     1.00    13.00
------------------------------------------------------------------------------------------------------
Total         191
Note:  Total wall clock time is less than total of atomic times if more than one atom
       was calculated at a time
 
Electron Density Critical Point Analysis of Molecular Structure:               
---------------------------------------------------------------                
  NACP = Nuclear Attractor Critical Point                                      
  NNACP = Non-Nuclear Attractor Critical Point                                 
  BCP = Bond Critical Point                                                    
  RCP = Ring Critical Point                                                    
  CCP = Cage Critical Point                                                    
  Rho = Electron Density                                                       
  GradRho = Gradient of Electron Density                                       
  HessRho_EigVals = Eigenvalues of the Hessian of Rho, Ascending Order         
  HessRho_EigVecs = Eigenvectors of the Hessian of Rho                         
  DelSqRho = Laplacian of Rho = Trace of Hessian of Rho                        
  Bond Ellipticity = (HessRho_EigVal(1) / HessRho_EigVal(2)) - 1               
  V = Virial Field = Potential Energy Density = Trace of Stress Tensor         
  G = Lagrangian Form of Kinetic Energy Density                                
  K = Hamiltonian Form of Kinetic Energy Density                               
  L = K - G = Lagrangian Density = (-1/4)DelSqRho                              
  Vnuc = Electrostatic Potential from Nuclei                                   
  Ven = Electron-nuclear attractive contribution to Virial Field V             
  Vrep = V - Ven = Repulsive contribution to Virial Field V                    
  DelSqV = Laplacian of V                                                      
  DelSqVen = Laplacian of Ven                                                  
  DelSqVrep = Laplacian of Vrep                                                
  DelSqG = Laplacian of G                                                      
  DelSqK = Laplacian of K                                                      
  Stress_EigVals = Eigenvalues of Stress Tensor, Ascending Order               
  Stress_EigVecs = Eigenvectors of Stress Tensor                               
  -DivStress = Ehrenfest Force Density = Minus Divergence of Stress Tensor     
  ESP = Total Electrostatic Potential                                          
  ESPe = Electrostatic Potential from Electrons                                
  ESPn = Electrostatic Potential from Nuclei                                   
  BP = Bond Path                                                               
  BPL = Bond Path Length                                                       
  GBL = Geometric Bond Length                                                  
  GBL_I = Distance Between Nuclear Attractors                                  
  GBL_II = Distance Between Nuclei                                             
  GBL_III = Sum of Distances Between BCP and Nuclear Attractors                
  GBL_IV = Sum of Distances Between BCP and Nuclei                             

CP# 1      Coords =  3.30709270823427E-04  5.48006410964603E-05 -9.40530832641262E-01
           Type = (3,-3) NACP C1
           Rho =  1.2140871958E+02     Rho at Nucleus =  1.2140871856E+02
           GradRho =  8.5266720209E-16 -7.0390694815E-16  4.9748285971E-12
           HessRho_EigVals = -2.4893313644E+05 -2.4892603548E+05 -2.4892602239E+05
           HessRho_EigVec1 =  2.5386824429E-04  4.4514162323E-04  9.9999986870E-01
           HessRho_EigVec2 = -7.0296587317E-01  7.1122356688E-01 -1.3813451916E-04
           HessRho_EigVec3 =  7.1122353498E-01  7.0296574580E-01 -4.9347644808E-04
           DelSqRho = -7.4678519431E+05
           Bond Ellipticity = NA
           V = -1.8670981982E+05
           G =  6.7606225976E+00
           K =  1.8670305920E+05
           L =  1.8669629858E+05
           Vnuc =  2.0925150592E+06
           Ven = -2.5404957404E+08
           Vrep =  2.5386286422E+08
           DelSqV =  1.1231577698E+10
           DelSqVen =  1.5626592666E+12
           DelSqVrep = -1.5514276889E+12
           DelSqG =  3.8281842453E+08
           DelSqK = -1.1614396123E+10
           Stress_EigVals = -6.2237327628E+04 -6.2237325827E+04 -6.2235166368E+04
           Stress_EigVec1 =  7.2585373499E-01 -6.8784907536E-01  7.0141877792E-05
           Stress_EigVec2 =  6.8784900229E-01  7.2585360219E-01 -5.4610861824E-04
           Stress_EigVec3 =  3.2472757345E-04  4.4464200092E-04  9.9999984842E-01
           -DivStress = -3.4057642547E+01 -2.3539063705E+00 -1.0540094330E+04
           ESP =  -1.4869241644E+01     ESP at Nucleus =  -1.4869241667E+01
           ESPe = -2.2838700650E+01     ESPe at Nucleus = -2.2838699595E+01
           ESPn =  7.9694590058E+00     ESPn at Nucleus =  7.9694579271E+00

CP# 2      Coords =  1.85605872195299E-02 -1.95532930534195E+00 -1.16801526097461E+00
           Type = (3,-3) NACP H2
           Rho =  4.4810453967E-01     Rho at Nucleus =  4.4322639308E-01
           GradRho =  2.0054508887E-18 -3.7542685323E-17  8.5713153148E-18
           HessRho_EigVals = -8.9779498573E+00 -8.9646230580E+00 -8.0212659852E+00
           HessRho_EigVec1 =  2.9292359206E-03 -1.3686688261E-01  9.9058511801E-01
           HessRho_EigVec2 =  9.9993874290E-01  1.0974293718E-02 -1.4406022138E-03
           HessRho_EigVec3 = -1.0673801304E-02  9.9052865750E-01  1.3689064484E-01
           DelSqRho = -2.5963838901E+01
           Bond Ellipticity = NA
           V = -6.5187882258E+00
           G =  1.3914250322E-02
           K =  6.5048739754E+00
           L =  6.4909597251E+00
           Vnuc =  3.8702652764E+01
           Ven = -1.7342834401E+01
           Vrep =  1.0824046175E+01
           DelSqV =  1.6594042548E+03
           DelSqVen =  1.0048694414E+03
           DelSqVrep =  6.5453481337E+02
           DelSqG =  1.2675934673E+02
           DelSqK = -1.7861636015E+03
           Stress_EigVals = -2.2531009860E+00 -2.2507999266E+00 -2.0148873132E+00
           Stress_EigVec1 = -3.9296896140E-04 -1.3628170084E-01  9.9067004779E-01
           Stress_EigVec2 =  9.9994075873E-01  1.0722672859E-02  1.8717127669E-03
           Stress_EigVec3 = -1.0877711033E-02  9.9061209477E-01  1.3626941367E-01
           -DivStress =  2.0174189222E-01 -1.8236948063E+01 -2.6956621946E+00
           ESP =  -1.2606348727E+00     ESP at Nucleus =  -1.2625175494E+00
           ESPe = -1.0644927548E+01     ESPe at Nucleus = -1.0569941708E+01
           ESPn =  9.3842926758E+00     ESPn at Nucleus =  9.3074241589E+00

CP# 3      Coords = -1.69290542370006E+00  9.77777611847963E-01 -1.16898099243434E+00
           Type = (3,-3) NACP H3
           Rho =  4.4796219669E-01     Rho at Nucleus =  4.4307932240E-01
           GradRho =  4.5924354362E-13 -2.6531580367E-13  7.7104346535E-14
           HessRho_EigVals = -8.9747221679E+00 -8.9613736003E+00 -8.0174556036E+00
           HessRho_EigVec1 = -1.1828026298E-01  6.9693269897E-02  9.9053148739E-01
           HessRho_EigVec2 =  5.0080226805E-01  8.6556102047E-01 -1.0991612684E-03
           HessRho_EigVec3 =  8.5744204918E-01 -4.9593040637E-01  1.3728133276E-01
           DelSqRho = -2.5953551372E+01
           Bond Ellipticity = NA
           V = -6.5161876002E+00
           G =  1.3899878629E-02
           K =  6.5022877216E+00
           L =  6.4883878429E+00
           Vnuc =  3.8681829935E+01
           Ven = -1.7327997510E+01
           Vrep =  1.0811809910E+01
           DelSqV =  1.6586536200E+03
           DelSqVen =  1.0039308604E+03
           DelSqVrep =  6.5472275963E+02
           DelSqG =  1.2669934309E+02
           DelSqK = -1.7853529631E+03
           Stress_EigVals = -2.2522921702E+00 -2.2499810956E+00 -2.0139143345E+00
           Stress_EigVec1 = -1.1853596436E-01  6.7962022434E-02  9.9062121351E-01
           Stress_EigVec2 =  5.0069600898E-01  8.6562302996E-01  5.2592503199E-04
           Stress_EigVec3 =  8.5746879345E-01 -4.9606242905E-01  1.3663577402E-01
           -DivStress = -1.5790173635E+01  9.1356903231E+00 -2.7026932072E+00
           ESP =  -1.2602867345E+00     ESP at Nucleus =  -1.2621677820E+00
           ESPe = -1.0643982853E+01     ESPe at Nucleus = -1.0568944380E+01
           ESPn =  9.3836961187E+00     ESPn at Nucleus =  9.3067765980E+00

CP# 4      Coords =  1.69373994489345E+00  9.77416214708328E-01 -1.16958086515708E+00
           Type = (3,-3) NACP H4
           Rho =  4.4831152201E-01     Rho at Nucleus =  4.4343626652E-01
           GradRho = -4.4920743043E-13 -2.5886325497E-13  7.5760799380E-14
           HessRho_EigVals = -8.9824110697E+00 -8.9691040590E+00 -8.0259694404E+00
           HessRho_EigVec1 =  1.1955783842E-01  6.8494337246E-02  9.9046173527E-01
           HessRho_EigVec2 = -4.9919476123E-01  8.6648974450E-01  3.3621270767E-04
           HessRho_EigVec3 =  8.5820190726E-01  4.9447350631E-01 -1.3778765519E-01
           DelSqRho = -2.5977484569E+01
           Bond Ellipticity = NA
           V = -6.5222368203E+00
           G =  1.3932839029E-02
           K =  6.5083039813E+00
           L =  6.4943711423E+00
           Vnuc =  3.8720114315E+01
           Ven = -1.7358673381E+01
           Vrep =  1.0836436560E+01
           DelSqV =  1.6603522889E+03
           DelSqVen =  1.0058511721E+03
           DelSqVrep =  6.5450111674E+02
           DelSqG =  1.2683410789E+02
           DelSqK = -1.7871863968E+03
           Stress_EigVals = -2.2542210157E+00 -2.2519298718E+00 -2.0160859329E+00
           Stress_EigVec1 =  1.1819731443E-01  6.9660875472E-02  9.9054366753E-01
           Stress_EigVec2 = -4.9930776393E-01  8.6642364325E-01 -1.3517755900E-03
           Stress_EigVec3 =  8.5832461909E-01  4.9442636746E-01 -1.3719116375E-01
           -DivStress =  1.5801110662E+01  9.1010670620E+00 -2.7129602765E+00
           ESP =  -1.2609950147E+00     ESP at Nucleus =  -1.2628825734E+00
           ESPe = -1.0646216391E+01     ESPe at Nucleus = -1.0571267384E+01
           ESPn =  9.3852213765E+00     ESPn at Nucleus =  9.3083848104E+00

CP# 5      Coords =  1.04880002128990E-03  1.81791996808920E-03  3.10806651434347E+00
           Type = (3,-3) NACP Cl5
           Rho =  3.1725878089E+03     Rho at Nucleus =  3.1725878085E+03
           GradRho = -7.6918695289E-12  6.9103530553E-12 -1.1361688705E-08
           HessRho_EigVals = -1.3891681225E+08 -1.3891658872E+08 -1.3891658863E+08
           HessRho_EigVec1 =  1.3359266056E-06  4.3130384534E-04  9.9999990699E-01
           HessRho_EigVec2 =  7.1025639244E-01 -7.0394301289E-01  3.0266450610E-04
           HessRho_EigVec3 =  7.0394307795E-01  7.1025632597E-01 -3.0727672944E-04
           DelSqRho = -4.1674998960E+08
           Bond Ellipticity = NA
           V = -1.0421594344E+08
           G =  1.4223021033E+04
           K =  1.0420172042E+08
           L =  1.0418749740E+08
           Vnuc =  2.2469967597E+08
           Ven = -7.1287945266E+11
           Vrep =  7.1277523671E+11
           DelSqV =  3.3656982272E+14
           DelSqVen =  9.3643549912E+16
           DelSqVrep = -9.3306980089E+16
           DelSqG =  4.5632228050E+12
           DelSqK = -3.4113304553E+14
           Stress_EigVals = -3.4738666548E+07 -3.4738666525E+07 -3.4738610369E+07
           Stress_EigVec1 =  7.0393846386E-01  7.1026089957E-01 -3.0600237980E-04
           Stress_EigVec2 =  7.1026096549E-01 -7.0393839827E-01  3.0387060074E-04
           Stress_EigVec3 = -4.2058112713E-07  4.3124774961E-04  9.9999990701E-01
           -DivStress = -2.3765973660E+03  3.5550324774E+03  8.4285900251E+06
           ESP =  -6.4638381378E+01     ESP at Nucleus =  -6.4638381379E+01
           ESPe = -6.7879519451E+01     ESPe at Nucleus = -6.7879519405E+01
           ESPn =  3.2411380738E+00     ESPn at Nucleus =  3.2411380263E+00

CP# 6      Coords = -3.51488882269371E-04 -1.74043965364155E-03 -4.90094353787593E+00
           Type = (3,-3) NACP F6
           Rho =  4.3109892795E+02     Rho at Nucleus =  4.3109892743E+02
           GradRho =  1.3344209510E-11  4.0125973927E-12  7.6732886371E-09
           HessRho_EigVals = -2.0428415463E+06 -2.0428289189E+06 -2.0428289029E+06
           HessRho_EigVec1 =  5.6525723789E-04  4.7467749837E-04  9.9999972758E-01
           HessRho_EigVec2 =  7.1252293351E-01 -7.0164881840E-01 -6.9701858461E-05
           HessRho_EigVec3 =  7.0164859418E-01  7.1252277880E-01 -7.3483067667E-04
           DelSqRho = -6.1284993682E+06
           Bond Ellipticity = NA
           V = -1.5324337578E+06
           G =  1.5445788945E+02
           K =  1.5322792999E+06
           L =  1.5321248420E+06
           Vnuc =  1.2638234376E+07
           Ven = -5.4483292907E+09
           Vrep =  5.4467968569E+09
           DelSqV =  2.1792680446E+11
           DelSqVen =  7.7453405979E+13
           DelSqVrep = -7.7235474980E+13
           DelSqG =  7.2617710562E+09
           DelSqK = -2.2518857551E+11
           Stress_EigVals = -5.1081229359E+05 -5.1081228971E+05 -5.1080917452E+05
           Stress_EigVec1 =  7.0160484518E-01  7.1256586121E-01 -7.3120229134E-04
           Stress_EigVec2 =  7.1256601645E-01 -7.0160506547E-01 -6.5716713848E-05
           Stress_EigVec3 =  5.5984271828E-04  4.7492273911E-04  9.9999973051E-01
           -DivStress = -7.9885996691E+01 -2.4691616655E+01 -5.0764228651E+04
           ESP =  -2.6928494285E+01     ESP at Nucleus =  -2.6928494288E+01
           ESPe = -3.1276219583E+01     ESPe at Nucleus = -3.1276219019E+01
           ESPn =  4.3477252982E+00     ESPn at Nucleus =  4.3477247314E+00

CP# 7      Coords =  1.17944672398911E-02 -1.31304534426203E+00 -1.08200925553024E+00
           Type = (3,-1) BCP C1 H2
           Rho =  3.1736339938E-01
           GradRho =  3.8607911907E-16 -4.1410255777E-14  2.8532101637E-14
           HessRho_EigVals = -9.7007914225E-01 -9.2880975674E-01  5.1112294758E-01
           HessRho_EigVec1 =  3.6910157855E-03 -1.2926957791E-01  9.9160261830E-01
           HessRho_EigVec2 =  9.9994028229E-01  1.0677189159E-02 -2.3301265931E-03
           HessRho_EigVec3 = -1.0286314245E-02  9.9155200260E-01  1.2930126790E-01
           DelSqRho = -1.3877659514E+00
           Bond Ellipticity =  4.4432549516E-02
           V = -4.3543753013E-01
           G =  4.4248021138E-02
           K =  3.9118950899E-01
           L =  3.4694148785E-01
           Vnuc =  1.2803011732E+01
           Ven = -4.0632073255E+00
           Vrep =  3.6277697954E+00
           DelSqV = -2.5104221806E+00
           DelSqVen =  1.7767583757E+01
           DelSqVrep = -2.0278005937E+01
           DelSqG =  1.9005933838E+00
           DelSqK =  6.0982879684E-01
           Stress_EigVals = -2.7408864410E-01 -2.6817085305E-01  1.0682196702E-01
           Stress_EigVec1 =  9.9993604466E-01  1.1039896046E-02 -2.4550516091E-03
           Stress_EigVec2 =  3.8337597708E-03 -1.2665444791E-01  9.9193949065E-01
           Stress_EigVec3 = -1.0639965654E-02  9.9188546290E-01  1.2668867200E-01
           -DivStress =  1.1345513934E-03 -2.0082089093E-02 -1.2164982761E-02
           ESP =   7.5112973361E-01
           ESPe = -1.2051881998E+01
           ESPn =  1.2803011732E+01
           BPL =  1.9690566889E+00 =  1.3210018827E+00 +  6.4805480623E-01                
           GBL_I =  1.9686565205E+00                                                      
           GBL_II =  2.0027484311E+00                                                     
           GBL_III =  1.9688016989E+00 =  1.3207496176E+00 +  6.4805208127E-01            
           GBL_IV =  2.0029066989E+00 =  1.3207493099E+00 +  6.8215738895E-01             

CP# 8      Coords = -1.13714244519765E+00  6.56420513499244E-01 -1.08273947428218E+00
           Type = (3,-1) BCP C1 H3
           Rho =  3.1737094087E-01
           GradRho = -5.6358938559E-16  2.3904296331E-16 -1.7568663580E-16
           HessRho_EigVals = -9.7026425314E-01 -9.2913389399E-01  5.1127334972E-01
           HessRho_EigVec1 = -1.1155737783E-01  6.6289086054E-02  9.9154460743E-01
           HessRho_EigVec2 =  5.0067589458E-01  8.6563345241E-01 -1.5409901514E-03
           HessRho_EigVec3 =  8.5841633258E-01 -4.9627057452E-01  1.2975714558E-01
           DelSqRho = -1.3881247974E+00
           Bond Ellipticity =  4.4267418739E-02
           V = -4.3540302854E-01
           G =  4.4185914593E-02
           K =  3.9121711394E-01
           L =  3.4703119935E-01
           Vnuc =  1.2801876987E+01
           Ven = -4.0629437442E+00
           Vrep =  3.6275407156E+00
           DelSqV = -2.5150823510E+00
           DelSqVen =  1.7770602898E+01
           DelSqVrep = -2.0285685249E+01
           DelSqG =  1.9004617309E+00
           DelSqK =  6.1462062010E-01
           Stress_EigVals = -2.7409545658E-01 -2.6820284222E-01  1.0689527026E-01
           Stress_EigVec1 =  5.0083099087E-01  8.6554362082E-01 -1.5997004199E-03
           Stress_EigVec2 = -1.0921338255E-01  6.5027539399E-02  9.9188903421E-01
           Stress_EigVec3 =  8.5862725071E-01 -4.9659405915E-01  1.2709675357E-01
           -DivStress = -1.8204151129E-02  1.1054327121E-02 -1.2262047175E-02
           ESP =   7.5150498739E-01
           ESPe = -1.2050371999E+01
           ESPn =  1.2801876987E+01
           BPL =  1.9689446091E+00 =  1.3211916113E+00 +  6.4775299780E-01                
           GBL_I =  1.9685476812E+00                                                      
           GBL_II =  2.0026633188E+00                                                     
           GBL_III =  1.9686910508E+00 =  1.3209407344E+00 +  6.4775031639E-01            
           GBL_IV =  2.0028196282E+00 =  1.3209404181E+00 +  6.8187921015E-01             

CP# 9      Coords = -3.00942619502307E-05 -7.76276942217110E-04 -2.75724163072562E+00
           Type = (3,-1) BCP C1 F6
           Rho =  4.6124816722E-02
           GradRho = -1.2259540724E-18  1.1279366410E-18 -4.7004076291E-17
           HessRho_EigVals = -3.8399204397E-02 -3.8285491332E-02  2.3478508713E-01
           HessRho_EigVec1 =  7.0815357860E-01  7.0605833276E-01 -3.7398306717E-04
           HessRho_EigVec2 = -7.0605842708E-01  7.0815353579E-01 -2.5941975997E-04
           HessRho_EigVec3 =  8.1671948132E-05  4.4776292754E-04  9.9999989642E-01
           DelSqRho =  1.5810039140E-01
           Bond Ellipticity =  2.9701346747E-03
           V = -4.4890228692E-02
           G =  4.2207663271E-02
           K =  2.6825654208E-03
           L = -3.9525097850E-02
           Vnuc =  1.1579439188E+01
           Ven = -5.3409951028E-01
           Vrep =  4.8920928159E-01
           DelSqV = -3.9590567893E-01
           DelSqVen = -1.8307138678E+00
           DelSqVrep =  1.4348081889E+00
           DelSqG =  2.8751296387E-01
           DelSqK =  1.0839271506E-01
           Stress_EigVals = -2.4698278299E-02 -2.4673975952E-02  4.4820255597E-03
           Stress_EigVec1 =  7.0441567981E-01  7.0978755177E-01 -4.2590946749E-04
           Stress_EigVec2 =  7.0978766441E-01 -7.0441566191E-01  2.1612963965E-04
           Stress_EigVec3 =  1.4661117167E-04  4.5455039322E-04  9.9999988594E-01
           -DivStress =  1.3255889349E-05  9.3542376729E-06  2.0425207924E-02
           ESP =  -1.7904278964E-02
           ESPe = -1.1597343467E+01
           ESPn =  1.1579439188E+01
           BPL =  3.9604132652E+00 =  1.8167111162E+00 +  2.1437021490E+00                
           GBL_I =  3.9604131709E+00                                                      
           GBL_II =  3.9604110156E+00                                                     
           GBL_III =  3.9604131721E+00 =  1.8167110240E+00 +  2.1437021481E+00            
           GBL_IV =  3.9604110168E+00 =  1.8167081566E+00 +  2.1437028602E+00             

CP# 10     Coords =  3.80776385160325E-04  7.78502030671937E-04  7.24586486734610E-01
           Type = (3,-1) BCP Cl5 C1
           Rho =  8.0662273846E-02
           GradRho =  2.4544783715E-18 -2.7436318197E-18  7.6329698685E-18
           HessRho_EigVals = -8.4484886609E-02 -8.4473667638E-02  2.0957265310E-01
           HessRho_EigVec1 =  7.0136543407E-01  7.1280162650E-01 -6.0757113865E-04
           HessRho_EigVec2 =  7.1280176053E-01 -7.0136556099E-01  5.8141220921E-06
           HessRho_EigVec3 =  4.2198515682E-04  4.3715560154E-04  9.9999981541E-01
           DelSqRho =  4.0614098857E-02
           Bond Ellipticity =  1.3281027263E-04
           V = -6.9105373649E-02
           G =  3.9629449182E-02
           K =  2.9475924467E-02
           L = -1.0153524714E-02
           Vnuc =  1.3426677471E+01
           Ven = -1.0830263350E+00
           Vrep =  1.0139209614E+00
           DelSqV = -4.4008805162E-01
           DelSqVen = -5.4531240615E-01
           DelSqVrep =  1.0522435453E-01
           DelSqG =  2.9777185762E-01
           DelSqK =  1.4231619400E-01
           Stress_EigVals = -4.1850469016E-02 -4.1826148559E-02  1.4571243925E-02
           Stress_EigVec1 =  7.0452205512E-01  7.0968196860E-01 -4.2105227073E-04
           Stress_EigVec2 =  7.0968207572E-01 -7.0452204630E-01  1.9409833426E-04
           Stress_EigVec3 =  1.5889251941E-04  4.3555980683E-04  9.9999989252E-01
           -DivStress =  3.9755977306E-06 -1.7747716816E-05 -4.1252922954E-02
           ESP =   1.7981139798E-01
           ESPe = -1.3246866073E+01
           ESPn =  1.3426677471E+01
           BPL =  4.0485988346E+00 =  2.3834803512E+00 +  1.6651184834E+00                
           GBL_I =  4.0485977946E+00                                                      
           GBL_II =  4.0486007376E+00                                                     
           GBL_III =  4.0485978253E+00 =  2.3834803479E+00 +  1.6651174774E+00            
           GBL_IV =  4.0486007683E+00 =  2.3834804235E+00 +  1.6651203448E+00             

CP# 11     Coords =  1.13706354285779E+00  6.56581911004569E-01 -1.08297774236923E+00
           Type = (3,-1) BCP H4 C1
           Rho =  3.1742314168E-01
           GradRho =  4.8931328695E-16  4.1185287910E-16 -1.0108937934E-16
           HessRho_EigVals = -9.7017070163E-01 -9.2874972522E-01  5.1094194828E-01
           HessRho_EigVec1 =  1.1314261357E-01  6.4308184706E-02  9.9149543941E-01
           HessRho_EigVec2 = -4.9932524045E-01  8.6641427125E-01  7.8410218499E-04
           HessRho_EigVec3 =  8.5899537440E-01  4.9516741406E-01 -1.3013907488E-01
           DelSqRho = -1.3879784786E+00
           Bond Ellipticity =  4.4598641899E-02
           V = -4.3564373137E-01
           G =  4.4324555864E-02
           K =  3.9131917550E-01
           L =  3.4699461964E-01
           Vnuc =  1.2804748630E+01
           Ven = -4.0645235385E+00
           Vrep =  3.6288798072E+00
           DelSqV = -2.5057826407E+00
           DelSqVen =  1.7772715522E+01
           DelSqVrep = -2.0278498163E+01
           DelSqG =  1.9014371701E+00
           DelSqK =  6.0434547057E-01
           Stress_EigVals = -2.7416413223E-01 -2.6821841412E-01  1.0673881498E-01
           Stress_EigVec1 = -4.9916619532E-01  8.6650584933E-01  8.5001844776E-04
           Stress_EigVec2 =  1.1096526573E-01  6.2950569760E-02  9.9182858175E-01
           Stress_EigVec3 =  8.5937175847E-01  4.9518162208E-01 -1.2757484823E-01
           -DivStress =  1.6549334707E-02  9.0001912966E-03 -1.2090487278E-02
           ESP =   7.5095555710E-01
           ESPe = -1.2053793073E+01
           ESPn =  1.2804748630E+01
           BPL =  1.9689873773E+00 =  6.4832626353E-01 +  1.3206611138E+00                
           GBL_I =  1.9685868257E+00                                                      
           GBL_II =  2.0026594109E+00                                                     
           GBL_III =  1.9687327239E+00 =  6.4832350559E-01 +  1.3204092183E+00            
           GBL_IV =  2.0028184767E+00 =  6.8240955943E-01 +  1.3204089172E+00             

Number of NACPs  =      6
Number of NNACPs =      0
Number of BCPs   =      5
Number of RCPs   =      0
Number of CCPs   =      0
NumNACP + NumNNACP - NumBCP + NumRCP - NumCCP =      1
Poincare-Hopf Relationship is Satisfied

Bond Path Angles and Corresponding Geometric Bond Angles:
--------------------------------------------------------
  BPA     = A-B-C Bond Path Angle
  GBA_I   = A-B-C Geometric Bond Angle in Terms of Nuclear Attractors
  GBA_II  = A-B-C Geometric Bond Angle in Terms of Nuclei
  GBA_III = A-B-C Geometric Bond Angle in Terms of A|B and C|B BCPs and Nuclear Attractor B
  GBA_IV  = A-B-C Geometric Bond Angle in Terms of A|B and C|B BCPs and Nucleus B
-------------------------------------------------------------------------------------------------
Atom A    Atom B    Atom C        BPA          GBA_I         GBA_II       GBA_III       GBA_IV
-------------------------------------------------------------------------------------------------
H3        C1        H2        119.80243202  119.20124947  119.19171856  119.33773761  119.33778388
F6        C1        H2         85.93077085   83.33859136   83.30850511   83.82457920   83.82470285
F6        C1        H3         85.32743442   83.34024413   83.31028923   83.82297000   83.82309386
Cl5       C1        H2         94.06698823   96.66038566   96.69047188   96.17419676   96.17407306
Cl5       C1        H3         94.56948792   96.66051983   96.69047495   96.16932054   96.16919721
Cl5       C1        F6        179.87918942  179.99893848  179.99893840  179.99025544  179.99025602
H4        C1        H2        119.05611436  118.14606551  118.13183360  118.37931552  118.37935981
H4        C1        H3        119.35021169  118.67366026  118.66178955  118.85841182  118.85845716
H4        C1        F6         85.37590208   83.33988861   83.30967306   83.82979082   83.82991433
H4        C1        Cl5        94.73020459   96.66036769   96.69058303   96.17922534   96.17910135

Total time for electron density critical point search, analysis and connectivity = 175 sec (NProc = 8)             
 
Virial-Based Atomic Energy Components:
-------------------------------------
  Ee(A) = E(A) - W(A) = -T(A)
        = Contribution of Atom A to Electronic Energy of Molecule.
          Not additive to give molecular Ee unless molecular electronic virial theorem is satisfied.
  T(A) = Electronic Kinetic Energy of Atom A (Hamiltonian Form)
  Ven(A) = Ven(A,Mol) = VenT(A)
         = Attraction Energy Between Electron Density Distribution of Atom A and Nuclei of Molecule
  VenO(A) = Ven(A,A)
          = Attraction Energy Between Electron Density Distribution of Atom A and Nucleus of Atom A
  Vee(A) = Vee(A,A) + Vee(A,A')/2
         = Two-Electron Interaction Energy of Atom A with Itself Plus Half of Two-Electron Interaction Energy
           Between Atom A and Other Atoms of Molecule
  Vnn(A) - W(A) = Contribution of Atom A to the Nuclear Repulsion Energy of Molecule Minus
                  the Nuclear Virial of Energy-Gradient-Based Forces on Nuclei of Molecule.
                  Calculation of Vnn(A) - W(A) assumes satisfaction of the atomic virial theorem:
                       2T(A) + Ven(A) + Vee(A) + Vnn(A) - W(A) = 0
See "2EDM Note" and "DFT Note".
--------------------------------------------------------------------------------------------------------------------
Atom A         Ee(A)              T(A)             Ven(A)           VenO(A)            Vee(A)        Vnn(A) - W(A)
--------------------------------------------------------------------------------------------------------------------
C1       -3.7795319289E+01  3.7795319289E+01 -1.3438727461E+02 -8.8872472628E+01
H2       -6.1517518142E-01  6.1517518142E-01 -9.2914643516E+00 -1.2223687933E+00
H3       -6.1470246666E-01  6.1470246666E-01 -9.2824951506E+00 -1.2215372699E+00
H4       -6.1572760948E-01  6.1572760948E-01 -9.3014341374E+00 -1.2233270484E+00
Cl5      -4.5981441682E+02  4.5981441682E+02 -1.1562490285E+03 -1.0993386196E+03
F6       -9.9740054221E+01  9.9740054221E+01 -2.8566700848E+02 -2.4295984064E+02
--------------------------------------------------------------------------------------------------------------------
Total    -5.9919539559E+02  5.9919539559E+02 -1.6041787052E+03 -1.4348381660E+03
 
More Virial-Based Atomic Energy Components:
------------------------------------------
  E(A) = Ee(A) + W(A)
       = T(A) + Ven(A) + Vee(A) + Vnn(A) = Contribution of Atom A to Total Energy E of Molecule
         Not additive to give molecular E unless molecular virial theorem is satisfied.
  Ee(A) = E(A) - W(A) = Contribution of Atom A to Electronic Energy of Molecule
          Not additive to give molecular Ee unless molecular virial theorem is satisfied.
  W(A) = Contribution of Atom A to Nuclear Virial of Energy-Gradient-Based Forces on Nuclei of Molecule
  Vnn(A) = Contribution of Atom A to Nuclear Repulsion Energy of Molecule
           Calculation of Vnn(A) assumes satisfaction of the atomic virial theorem:
                2T(A) + Ven(A) + Vee(A) + Vnn(A) - W(A) = 0
  VeeC(A) = Coulomb Part of Vee(A)
  VeeX(A) = Exchange-Correlation Part of Vee(A)
See "2EDM Note" and "DFT Note".
--------------------------------------------------------------------------------------------------------------------
Atom A          E(A)             Ee(A)              W(A)             Vnn(A)           VeeC(A)           VeeX(A)
--------------------------------------------------------------------------------------------------------------------
C1                         -3.7795319289E+01
H2                         -6.1517518142E-01
H3                         -6.1470246666E-01
H4                         -6.1572760948E-01
Cl5                        -4.5981441682E+02
F6                         -9.9740054221E+01
--------------------------------------------------------------------------------------------------------------------
Total                      -5.9919539559E+02
 
IQA Atomic Energy Components:
----------------------------
  E_IQA(A) = Contribution of Atom A to Total Energy E of Molecule, Using IQA Additive Atomic Energy Definition
           = T(A) + Vne(A,Mol)/2 + Ven(A,Mol)/2 + Vee(A) + Vnn(A,Mol)/2
  T(A) = Electronic Kinetic Energy of Atom A (Hamiltonian Form)
  Vne(A,Mol)/2 = Half of Attraction Energy Between Nucleus of Atom A and Electron Density Distribution of Molecule
  Ven(A,Mol)/2 = Half of Attraction Energy Between Electron Density Distribution of Atom A and Nuclei of Molecule
  Vee(A) = Vee(A,A) + Vee(A,A')/2
         = Two-Electron Interaction Energy of Atom A with Itself Plus Half of Two-Electron Interaction Energy
           Between Atom A and Other Atoms of Molecule
  Vnn(A,Mol)/2 = Vnn(A,A')/2 = Half of Repulsion Energy Between Nucleus of Atom A and Other Nuclei of Molecule
  VeeC(A) = Coulomb Part of Vee(A)
  VeeX(A) = Exchange-Correlation Part of Vee(A)
See "2EDM Note" and "DFT Note".
--------------------------------------------------------------------------------------------------------------------------------------------------------
Atom A        E_IQA(A)            T(A)          Vne(A,Mol)/2      Ven(A,Mol)/2         Vee(A)         Vnn(A,Mol)/2        VeeC(A)           VeeX(A)
--------------------------------------------------------------------------------------------------------------------------------------------------------
C1                          3.7795319289E+01 -6.8516098784E+01 -6.7193637305E+01                    2.3908373781E+01
H2                          6.1517518142E-01 -5.2849708539E+00 -4.6457321758E+00                    4.6537120795E+00
H3                          6.1470246666E-01 -5.2844721885E+00 -4.6412475753E+00                    4.6533882990E+00
H4                          6.1572760948E-01 -5.2856336936E+00 -4.6507170687E+00                    4.6541924052E+00
Cl5                         4.5981441682E+02 -5.7697591494E+02 -5.7812451423E+02                    2.7549673223E+01
F6                          9.9740054221E+01 -1.4074298559E+02 -1.4283350424E+02                    1.9564761291E+01
--------------------------------------------------------------------------------------------------------------------------------------------------------
Total                       5.9919539559E+02 -8.0209007605E+02 -8.0208935259E+02                    8.4984101079E+01
 
More IQA Atomic Energy Components:
---------------------------------
  Vneen(A) = Vne(A,Mol)/2 + Ven(A,Mol)/2
  V_IQA(A) = Vne(A,Mol)/2 + Ven(A,Mol)/2 + Vee(A,A) + Vee(A,A')/2 + Vnn(A,A')/2
           = VC_IQA(A) + VX_IQA(A) = Potential Energy Contribution to E_IQA(A)
           = E_IQA(A) - T(A)
  VC_IQA(A) = Vne(A,Mol)/2 + Ven(A,Mol)/2 + VeeC(A,A) + VeeC(A,A')/2 + Vnn(A,A')/2
            = Coulomb Potential Energy Contribution to E_IQA(A)
            = E_IQA(A) - T(A) - VeeX(A)
  VX_IQA(A) = VeeX(A,A) + VeeX(A,A')/2
            = Exchange-Correlation Energy Contribution to E_IQA(A)
            = E_IQA(A) - T(A) - VC_IQA(A)
See "2EDM Note" and "DFT Note".
--------------------------------------------------------------------------------
Atom A        Vneen(A)          V_IQA(A)         VC_IQA(A)         VX_IQA(A)
--------------------------------------------------------------------------------
C1       -1.3570973609E+02
H2       -9.9307030297E+00
H3       -9.9257197638E+00
H4       -9.9363507623E+00
Cl5      -1.1551004292E+03
F6       -2.8357648983E+02
--------------------------------------------------------------------------------
Total    -1.6041794286E+03
 
IQA Intraatomic ("Self") Energy Components:
------------------------------------------
  E_IQA_Intra(A) = T(A) + Vne(A,A) + Vee(A,A)
                 = Intraatomic ("Self") Contribution to E_IQA(A)
  T(A) = Electronic Kinetic Energy of Atom A (Hamiltonian Form)
  Vne(A,A) = Attraction Energy Between Electron Density Distribution of Atom A and Nucleus of Atom A
  Vee(A,A) = Two-electron Interaction Energy of Atom A With Itself
  VeeC(A,A) = Coulomb Part of Vee(A,A)
