AIMSum (Version 17.11.14, Professional)
Copyright (c) 1997-2017 by Todd A. Keith
AIMSum is a component of the AIMAll package ( http://aim.tkgristmill.com )

TP:  64-bit Linux

Much of the Quantum Theory of Atoms in Molecules (QTAIM) is described in the book:
  "Atoms in Molecules - A Quantum Theory"
  R.F.W. Bader, Oxford University Press, Oxford, 1990

For additional references see:  http://aim.tkgristmill.com/references.html

Wfn File:  /home/bruns/gaussian_inputs/GAUSSIAN+ZC_1.wfn
Sum File:  /home/bruns/gaussian_inputs/GAUSSIAN+ZC_1.sum

SumViz File:  /home/bruns/gaussian_inputs/GAUSSIAN+ZC_1.sumviz

Wfn Title:   title line                                                                    
 
Total memory allocated for AIMSum =        1.289 Megabytes

Atomic units (a.u.) used throughout, except where stated otherwise

Model:  Unknown
 
Restricted, natural orbital wavefunction.
  Number of electrons (from MO Occs)                   =          36.0000003000
  Number of Alpha electrons (from MO Occs)             =          18.0000001500
  Number of Beta electrons (from MO Occs)              =          18.0000001500
  Number of electron pairs (N*(N-1)/2)                 =         630.0000106500
  Number of electron pairs (from Muller 2EDM)          =         630.0000106500
  Number of electron pairs (from Muller 2EDM, no SOSI) =         630.4345871402
 
Nuclear Charges and Cartesian Coordinates:
-------------------------------------------------------------------------------
Atom      Charge                X                  Y                  Z
-------------------------------------------------------------------------------
C1         6.0           3.3070000000E-04   5.4800000000E-05  -9.2163644000E-01
H2         1.0           3.5900000000E-05  -1.9890690400E+00  -1.1730021400E+00
H3         1.0          -1.7221301000E+00   9.9468570000E-01  -1.1739829100E+00
H4         1.0           1.7229578000E+00   9.9424539000E-01  -1.1745970700E+00
Cl5       17.0           1.0488000000E-03   1.8179200000E-03   3.1080665900E+00
F6         9.0          -3.5149000000E-04  -1.7404400000E-03  -4.9009291400E+00
 
Some Atomic Properties:
----------------------
  q(A) = Net Charge of Atom A
  L(A) = Lagrangian of Atom A = -(1/4) Times Atomic Integral of the Laplacian of the Electron Density
  K(A) = Electronic Kinetic Energy of Atom A (Hamiltonian Form)
  K_Scaled(A) = K(A) * E(Mol)/K(Mol) = Approximation to Virial-Based Total Energy of Atom A.
  |Mu_Intra(A)| = Magnitude of Intraatomic Dipole Moment of Atom A
--------------------------------------------------------------------------------------------------
Atom A          q(A)              L(A)              K(A)          K_Scaled(A)      |Mu_Intra(A)|
--------------------------------------------------------------------------------------------------
C1        2.2113717500E-01 -1.9746977349E-04  3.7794368875E+01 -3.7802476901E+01  1.8769064778E-02
H2        9.1891098360E-02  3.0574035359E-05  6.1434172661E-01 -6.1447352134E-01  1.4505810584E-01
H3        9.1887646690E-02  2.0814306084E-05  6.1433283643E-01 -6.1446462925E-01  1.4507396416E-01
H4        9.1886279790E-02  2.9946139192E-05  6.1434023167E-01 -6.1447202608E-01  1.4505135400E-01
Cl5      -6.3358842800E-01  8.3414461354E-06  4.5981276529E+02 -4.5991140892E+02  1.6749102749E-01
F6       -8.6330701840E-01  1.0794868002E-05  9.9740607377E+01 -9.9762004729E+01  1.0806198725E-01
--------------------------------------------------------------------------------------------------
Total    -1.0000932466E+00 -9.6998978718E-05  5.9919075634E+02 -5.9931930073E+02
 
1st Largest |L(A)| = 1.9746977349E-04, atom C1      
2nd Largest |L(A)| = 3.0574035359E-05, atom H2      
 
Molecular charge q(Mol) from the wfn file:  -1.0000003000E+00
Molecular energy E(Mol) from the wfn file:  -5.9931931312E+02
Molecular virial ratio (-V(Mol)/T(Mol)) from the wfn file:   2.0002145300E+00
Note.  K_Scaled(A) = (1+V(Mol)/T(Mol))*K(A) = (E(Mol)/T(Mol))*K(A)
       Only use K_Scaled(A) data with caution.
 
N_AIMInt(SumA)     =         36.000093
N_Analytic(Mol)    =         36.000000
 
G_AIMInt(SumA)     =        599.190853
G_Analytic(Mol)    =        599.190771
 
K_AIMInt(SumA)     =        599.190756
K_Analytic(Mol)    =        599.190771
 
L_AIMInt(SumA)     =         -0.000097
L_Analytic(Mol)    =          0.000000
 
VenT_AIMInt(SumA)  =      -1604.256192
VenT_Analytic(Mol) =      -1604.255364
 
Some Information About the Atomic Calculations:
----------------------------------------------
  Time(sec) = "Elapsed User Time", in Seconds, for Atom A by AIMInt and, if used, by TWOe
  NProc = Number of Processors Used for AIMInt Job
  BIM = Basin Integration Method
  OAQ = Angular Quadrature Outside of Beta Sphere
  ORQ = Multiple of Default for Radial Quadrature Outside of Beta Sphere
  IAQ = Multiple of Default for Angular Quadrature Inside of Beta Sphere
  IRQ = Multiple of Default for Radial Quadrature Inside of Beta Sphere
  MIR = Maximum Integration Radius
------------------------------------------------------------------------------------------------------
Atom A     Time(sec)   NProc      BIM          OAQ                     ORQ      IAQ      IRQ      MIR
------------------------------------------------------------------------------------------------------
C1             64       12     Proaim(5)    4500(GS4)                  1.00     1.00     1.00    13.00
H2             14       12     Proaim(5)    1800(GS4)                  1.00     1.00     1.00    13.00
H3             13       12     Proaim(5)    1800(GS4)                  1.00     1.00     1.00    13.00
H4             12       12     Proaim(5)    1800(GS4)                  1.00     1.00     1.00    13.00
Cl5            25       12     Proaim(5)    3150(GS4)                  1.00     1.00     1.00    13.00
F6             28       12     Proaim(5)    2700(GS4)                  1.00     1.00     1.00    13.00
------------------------------------------------------------------------------------------------------
Total         156
Note:  Total wall clock time is less than total of atomic times if more than one atom
       was calculated at a time
 
Electron Density Critical Point Analysis of Molecular Structure:               
---------------------------------------------------------------                
  NACP = Nuclear Attractor Critical Point                                      
  NNACP = Non-Nuclear Attractor Critical Point                                 
  BCP = Bond Critical Point                                                    
  RCP = Ring Critical Point                                                    
  CCP = Cage Critical Point                                                    
  Rho = Electron Density                                                       
  GradRho = Gradient of Electron Density                                       
  HessRho_EigVals = Eigenvalues of the Hessian of Rho, Ascending Order         
  HessRho_EigVecs = Eigenvectors of the Hessian of Rho                         
  DelSqRho = Laplacian of Rho = Trace of Hessian of Rho                        
  Bond Ellipticity = (HessRho_EigVal(1) / HessRho_EigVal(2)) - 1               
  V = Virial Field = Potential Energy Density = Trace of Stress Tensor         
  G = Lagrangian Form of Kinetic Energy Density                                
  K = Hamiltonian Form of Kinetic Energy Density                               
  L = K - G = Lagrangian Density = (-1/4)DelSqRho                              
  Vnuc = Electrostatic Potential from Nuclei                                   
  Ven = Electron-nuclear attractive contribution to Virial Field V             
  Vrep = V - Ven = Repulsive contribution to Virial Field V                    
  DelSqV = Laplacian of V                                                      
  DelSqVen = Laplacian of Ven                                                  
  DelSqVrep = Laplacian of Vrep                                                
  DelSqG = Laplacian of G                                                      
  DelSqK = Laplacian of K                                                      
  Stress_EigVals = Eigenvalues of Stress Tensor, Ascending Order               
  Stress_EigVecs = Eigenvectors of Stress Tensor                               
  -DivStress = Ehrenfest Force Density = Minus Divergence of Stress Tensor     
  ESP = Total Electrostatic Potential                                          
  ESPe = Electrostatic Potential from Electrons                                
  ESPn = Electrostatic Potential from Nuclei                                   
  BP = Bond Path                                                               
  BPL = Bond Path Length                                                       
  GBL = Geometric Bond Length                                                  
  GBL_I = Distance Between Nuclear Attractors                                  
  GBL_II = Distance Between Nuclei                                             
  GBL_III = Sum of Distances Between BCP and Nuclear Attractors                
  GBL_IV = Sum of Distances Between BCP and Nuclei                             

CP# 1      Coords =  3.30700531697842E-04  5.48014805245970E-05 -9.21633389122770E-01
           Type = (3,-3) NACP C1
           Rho =  1.2140140547E+02     Rho at Nucleus =  1.2140140431E+02
           GradRho =  3.9897291624E-15 -2.8994524205E-16 -7.7720110186E-12
           HessRho_EigVals = -2.4891777797E+05 -2.4891073549E+05 -2.4891073544E+05
           HessRho_EigVec1 =  1.7731589238E-04  4.3460794861E-04  9.9999988984E-01
           HessRho_EigVec2 =  9.9898891218E-01 -4.4956962878E-02 -1.5759797439E-04
           HessRho_EigVec3 =  4.4956889432E-02  9.9898883007E-01 -4.4214010579E-04
           DelSqRho = -7.4673924890E+05
           Bond Ellipticity = NA
           V = -1.8669833906E+05
           G =  6.7634165942E+00
           K =  1.8669157564E+05
           L =  1.8668481222E+05
           Vnuc =  1.9666551902E+06
           Ven = -2.3875470416E+08
           Vrep =  2.3856800582E+08
           DelSqV =  1.1230889369E+10
           DelSqVen =  1.4685785948E+12
           DelSqVrep = -1.4573477136E+12
           DelSqG =  3.8279439051E+08
           DelSqK = -1.1613683759E+10
           Stress_EigVals = -6.2233493340E+04 -6.2233493319E+04 -6.2231352399E+04
           Stress_EigVec1 = -3.2525474033E-03  9.9999461625E-01 -4.3406929074E-04
           Stress_EigVec2 =  9.9999469473E-01  3.2524700787E-03 -1.7872607210E-04
           Stress_EigVec3 =  1.7731331250E-04  4.3464830291E-04  9.9999988982E-01
           -DivStress = -1.9544144894E+00 -5.4422057797E+00 -1.1214212250E+04
           ESP =  -1.4869568431E+01     ESP at Nucleus =  -1.4869568457E+01
           ESPe = -2.2846246314E+01     ESPe at Nucleus = -2.2846245167E+01
           ESPn =  7.9766778830E+00     ESPn at Nucleus =  7.9766767095E+00

CP# 2      Coords =  4.10541928502094E-05 -1.95545284196713E+00 -1.16764458384965E+00
           Type = (3,-3) NACP H2
           Rho =  4.4730121476E-01     Rho at Nucleus =  4.4244961673E-01
           GradRho = -1.0020547366E-17 -3.7330324195E-16 -7.5826886032E-16
           HessRho_EigVals = -8.9627792471E+00 -8.9494145503E+00 -8.0109528176E+00
           HessRho_EigVec1 =  1.5305215887E-04 -1.4749223393E-01  9.8906320198E-01
           HessRho_EigVec2 =  9.9999997703E-01 -1.2582304681E-04 -1.7350769624E-04
           HessRho_EigVec3 =  1.5003798329E-04  9.8906320582E-01  1.4749221128E-01
           DelSqRho = -2.5923146615E+01
           Bond Ellipticity = NA
           V = -6.5085296144E+00
           G =  1.3871480349E-02
           K =  6.4946581341E+00
           L =  6.4807866537E+00
           Vnuc =  3.8757666140E+01
           Ven = -1.7336351146E+01
           Vrep =  1.0827821532E+01
           DelSqV =  1.6570754858E+03
           DelSqVen =  1.0047206618E+03
           DelSqVrep =  6.5235482399E+02
           DelSqG =  1.2658550049E+02
           DelSqK = -1.7836609863E+03
           Stress_EigVals = -2.2492675517E+00 -2.2469673420E+00 -2.0122947207E+00
           Stress_EigVec1 =  1.5069298071E-04 -1.4682419580E-01  9.8916259170E-01
           Stress_EigVec2 =  9.9999997741E-01 -1.2613970732E-04 -1.7106726418E-04
           Stress_EigVec3 =  1.4988949330E-04  9.8916259514E-01  1.4682417347E-01
           -DivStress = -2.7816213215E-03 -1.8142030672E+01 -2.8916537251E+00
           ESP =  -1.2611235714E+00     ESP at Nucleus =  -1.2629689096E+00
           ESPe = -1.0641974376E+01     ESPe at Nucleus = -1.0567169578E+01
           ESPn =  9.3808508042E+00     ESPn at Nucleus =  9.3042006687E+00

CP# 3      Coords = -1.69302120243659E+00  9.77877408604919E-01 -1.16860902243978E+00
           Type = (3,-3) NACP H3
           Rho =  4.4729834542E-01     Rho at Nucleus =  4.4244688322E-01
           GradRho =  4.1355632199E-13 -2.3911626581E-13  7.5366103440E-14
           HessRho_EigVals = -8.9627261597E+00 -8.9493621239E+00 -8.0109236764E+00
           HessRho_EigVec1 = -1.2790565770E-01  7.4412898363E-02  9.8899083074E-01
           HessRho_EigVec2 =  5.0011618547E-01  8.6595818285E-01 -4.7600908470E-04
           HessRho_EigVec3 =  8.5646012386E-01 -4.9454943748E-01  1.4797604579E-01
           DelSqRho = -2.5923011960E+01
           Bond Ellipticity = NA
           V = -6.5084954406E+00
           G =  1.3871225299E-02
           K =  6.4946242153E+00
           L =  6.4807529900E+00
           Vnuc =  3.8757963381E+01
           Ven = -1.7336372892E+01
           Vrep =  1.0827877452E+01
           DelSqV =  1.6570684234E+03
           DelSqVen =  1.0047231483E+03
           DelSqVrep =  6.5234527513E+02
           DelSqG =  1.2658498134E+02
           DelSqK = -1.7836534047E+03
           Stress_EigVals = -2.2492540440E+00 -2.2469540603E+00 -2.0122873363E+00
           Stress_EigVec1 = -1.2732736747E-01  7.4078658380E-02  9.8909053876E-01
           Stress_EigVec2 =  5.0011628537E-01  8.6595812531E-01 -4.7571589597E-04
           Stress_EigVec3 =  8.5654622911E-01 -4.9459971449E-01  1.4730811189E-01
           -DivStress = -1.5709445113E+01  9.0710730993E+00 -2.9004522683E+00
           ESP =  -1.2611225437E+00     ESP at Nucleus =  -1.2629676960E+00
           ESPe = -1.0641928834E+01     ESPe at Nucleus = -1.0567125027E+01
           ESPn =  9.3808062905E+00     ESPn at Nucleus =  9.3041573311E+00

CP# 4      Coords =  1.69384652722578E+00  9.77444592189954E-01 -1.16921276163249E+00
           Type = (3,-3) NACP H4
           Rho =  4.4729760063E-01     Rho at Nucleus =  4.4244615201E-01
           GradRho = -4.1423231151E-13 -2.3979438407E-13  7.4893174227E-14
           HessRho_EigVals = -8.9627116675E+00 -8.9493474964E+00 -8.0109118240E+00
           HessRho_EigVec1 =  1.2827567943E-01  7.4384594795E-02  9.8894503494E-01
           HessRho_EigVec2 = -4.9989460294E-01  8.6608619343E-01 -3.0249479089E-04
           HessRho_EigVec3 =  8.5653414177E-01  4.9432948284E-01 -1.4828225238E-01
           DelSqRho = -2.5922970988E+01
           Bond Ellipticity = NA
           V = -6.5084851125E+00
           G =  1.3871182746E-02
           K =  6.4946139297E+00
           L =  6.4807427470E+00
           Vnuc =  3.8757989020E+01
           Ven = -1.7336355494E+01
           Vrep =  1.0827870382E+01
           DelSqV =  1.6570658928E+03
           DelSqVen =  1.0047222249E+03
           DelSqVrep =  6.5234366784E+02
           DelSqG =  1.2658478803E+02
           DelSqK = -1.7836506808E+03
           Stress_EigVals = -2.2492504233E+00 -2.2469503372E+00 -2.0122843520E+00
           Stress_EigVec1 =  1.2769610022E-01  7.4052623234E-02  9.8904495094E-01
           Stress_EigVec2 = -4.9989497772E-01  8.6608597636E-01 -3.0463662931E-04
           Stress_EigVec3 =  8.5662052114E-01  4.9437970281E-01 -1.4761433608E-01
           -DivStress =  1.5710702382E+01  9.0670147881E+00 -2.9060717243E+00
           ESP =  -1.2611230491E+00     ESP at Nucleus =  -1.2629681670E+00
           ESPe = -1.0641936492E+01     ESPe at Nucleus = -1.0567132887E+01
           ESPn =  9.3808134432E+00     ESPn at Nucleus =  9.3041647199E+00

CP# 5      Coords =  1.04879998595154E-03  1.81791996588274E-03  3.10806651195422E+00
           Type = (3,-3) NACP Cl5
           Rho =  3.1725908707E+03     Rho at Nucleus =  3.1725908703E+03
           GradRho =  1.0740589094E-12 -9.2070702589E-12  2.7681608100E-08
           HessRho_EigVals = -1.3891696160E+08 -1.3891673185E+08 -1.3891673185E+08
           HessRho_EigVec1 =  1.7905221390E-04  4.3830404477E-04  9.9999988791E-01
           HessRho_EigVec2 = -3.4789139780E-01  9.3753477471E-01 -3.4863459797E-04
           HessRho_EigVec3 =  9.3753482244E-01  3.4789129638E-01 -3.2034988382E-04
           DelSqRho = -4.1675042530E+08
           Bond Ellipticity = NA
           V = -1.0421605197E+08
           G =  1.4222820322E+04
           K =  1.0420182915E+08
           L =  1.0418760633E+08
           Vnuc =  2.1782086250E+08
           Ven = -6.9105647984E+11
           Vrep =  6.9095226378E+11
           DelSqV =  3.3657017368E+14
           DelSqVen =  9.0776848220E+16
           DelSqVrep = -9.0440278047E+16
           DelSqG =  4.5632279236E+12
           DelSqK = -3.4113340160E+14
           Stress_EigVals = -3.4738703231E+07 -3.4738703231E+07 -3.4738645505E+07
           Stress_EigVec1 =  9.3746504316E-01  3.4807928721E-01 -3.2042265563E-04
           Stress_EigVec2 = -3.4807938863E-01  9.3746499546E-01 -3.4856286299E-04
           Stress_EigVec3 =  1.7905751051E-04  4.3829802147E-04  9.9999988792E-01
           -DivStress =  1.5650552924E+03  3.8008201453E+03  8.6946708701E+06
           ESP =  -6.4636130250E+01     ESP at Nucleus =  -6.4636130251E+01
           ESPe = -6.7884221756E+01     ESPe at Nucleus = -6.7884221707E+01
           ESPn =  3.2480915054E+00     ESPn at Nucleus =  3.2480914561E+00

CP# 6      Coords = -3.51489888145679E-04 -1.74043968584493E-03 -4.90092846399679E+00
           Type = (3,-3) NACP F6
           Rho =  4.3109651494E+02     Rho at Nucleus =  4.3109651447E+02
           GradRho =  1.2355696710E-12  3.2931730321E-12  7.3676504960E-09
           HessRho_EigVals = -2.0428326264E+06 -2.0428207427E+06 -2.0428207427E+06
           HessRho_EigVec1 =  1.6509550971E-04  4.6693505069E-04  9.9999987736E-01
           HessRho_EigVec2 =  8.3604910038E-01 -5.4865461612E-01  1.1815813311E-04
           HessRho_EigVec3 =  5.4865460400E-01  8.3604897834E-01 -4.8096104256E-04
           DelSqRho = -6.1284741118E+06
           Bond Ellipticity = NA
           V = -1.5324274707E+06
           G =  1.5447138486E+02
           K =  1.5322729993E+06
           L =  1.5321185279E+06
           Vnuc =  1.3313548901E+07
           Ven = -5.7394245328E+09
           Vrep =  5.7378921053E+09
           DelSqV =  2.1792593102E+11
           DelSqVen =  8.1591749575E+13
           DelSqVrep = -8.1373823644E+13
           DelSqG =  7.2617522766E+09
           DelSqK = -2.2518768329E+11
           Stress_EigVals = -5.1081013343E+05 -5.1081013343E+05 -5.1080720386E+05
           Stress_EigVec1 =  4.9961389115E-01  8.6624807215E-01 -4.8710049345E-04
           Stress_EigVec2 =  8.6624819338E-01 -4.9961391021E-01  9.0443471366E-05
           Stress_EigVec3 =  1.6501569949E-04  4.6713673711E-04  9.9999987728E-01
           -DivStress = -7.9731401722E+00 -2.2394290211E+01 -4.8187346889E+04
           ESP =  -2.6931088345E+01     ESP at Nucleus =  -2.6931088348E+01
           ESPe = -3.1271633522E+01     ESPe at Nucleus = -3.1271632989E+01
           ESPn =  4.3405451768E+00     ESPn at Nucleus =  4.3405446413E+00

CP# 7      Coords =  1.38021123606098E-04 -1.31335939364864E+00 -1.07482619818665E+00
           Type = (3,-1) BCP C1 H2
           Rho =  3.1643844839E-01
           GradRho = -1.3831741583E-16 -2.2155103186E-13  2.4447003522E-13
           HessRho_EigVals = -9.6584547952E-01 -9.2484894185E-01  5.1093550642E-01
           HessRho_EigVec1 =  1.5682520925E-04 -1.3948389862E-01  9.9022432682E-01
           HessRho_EigVec2 =  9.9999997660E-01 -1.2567326885E-04 -1.7607586316E-04
           HessRho_EigVec3 =  1.4900447589E-04  9.9022433127E-01  1.3948387565E-01
           DelSqRho = -1.3797589150E+00
           Bond Ellipticity =  4.4327820263E-02
           V = -4.3325185907E-01
           G =  4.4156065166E-02
           K =  3.8909579391E-01
           L =  3.4493972874E-01
           Vnuc =  1.2798311421E+01
           Ven = -4.0498778079E+00
           Vrep =  3.6166259488E+00
           DelSqV = -2.5035523182E+00
           DelSqVen =  1.7658584279E+01
           DelSqVrep = -2.0162136597E+01
           DelSqG =  1.8910551127E+00
           DelSqK =  6.1249720545E-01
           Stress_EigVals = -2.7293540084E-01 -2.6709408307E-01  1.0677762483E-01
           Stress_EigVec1 =  9.9999997611E-01 -1.2518205530E-04 -1.7921791981E-04
           Stress_EigVec2 =  1.6041719216E-04 -1.3673957260E-01  9.9060701772E-01
           Stress_EigVec3 =  1.4851240423E-04  9.9060702280E-01  1.3673954925E-01
           -DivStress = -4.4406565232E-06 -1.9171017950E-02 -1.2911092495E-02
           ESP =   7.4791087791E-01
           ESPe = -1.2050400543E+01
           ESPn =  1.2798311421E+01
           BPL =  1.9713793419E+00 =  1.3226087992E+00 +  6.4877054262E-01                
           GBL_I =  1.9709215447E+00                                                      
           GBL_II =  2.0049435037E+00                                                     
           GBL_III =  1.9710855027E+00 =  1.3223180109E+00 +  6.4876749186E-01            
           GBL_IV =  2.0051222050E+00 =  1.3223176559E+00 +  6.8280454901E-01             

CP# 8      Coords = -1.13700844901361E+00  6.56815060969759E-01 -1.07547541916787E+00
           Type = (3,-1) BCP C1 H3
           Rho =  3.1643440482E-01
           GradRho =  5.6079352554E-17 -2.5050503960E-17  6.1036978511E-17
           HessRho_EigVals = -9.6582660646E-01 -9.2483096039E-01  5.1093374599E-01
           HessRho_EigVec1 = -1.2097452886E-01  7.0404991091E-02  9.9015569513E-01
           HessRho_EigVec2 =  5.0011542763E-01  8.6595862314E-01 -4.7121974345E-04
           HessRho_EigVec3 =  8.5746703867E-01 -4.9513513331E-01  1.3996955868E-01
           DelSqRho = -1.3797238209E+00
           Bond Ellipticity =  4.4327718068E-02
           V = -4.3324177656E-01
           G =  4.4155410671E-02
           K =  3.8908636589E-01
           L =  3.4493095522E-01
           Vnuc =  1.2798262842E+01
           Ven = -4.0498106852E+00
           Vrep =  3.6165689086E+00
           DelSqV = -2.5034999776E+00
           DelSqVen =  1.7658068109E+01
           DelSqVrep = -2.0161568087E+01
           DelSqG =  1.8910090395E+00
           DelSqK =  6.1249093815E-01
           Stress_EigVals = -2.7293023869E-01 -2.6708878613E-01  1.0677724826E-01
           Stress_EigVec1 =  5.0011478786E-01  8.6595899661E-01 -4.6384834944E-04
           Stress_EigVec2 = -1.1860201376E-01  6.9026456675E-02  9.9053970673E-01
           Stress_EigVec3 =  8.5779878835E-01 -4.9532854195E-01  1.3722563257E-01
           -DivStress = -1.6591510888E-02  9.5756139967E-03 -1.2917333710E-02
           ESP =   7.4789920900E-01
           ESPe = -1.2050363633E+01
           ESPn =  1.2798262842E+01
           BPL =  1.9713901256E+00 =  1.3226150966E+00 +  6.4877502909E-01                
           GBL_I =  1.9709324397E+00                                                      
           GBL_II =  2.0049540084E+00                                                     
           GBL_III =  1.9710963532E+00 =  1.3223243739E+00 +  6.4877197928E-01            
           GBL_IV =  2.0051326607E+00 =  1.3223240192E+00 +  6.8280864151E-01             

CP# 9      Coords =  2.17210726027219E-05 -7.84239494570295E-04 -2.75094893931441E+00
           Type = (3,-1) BCP C1 F6
           Rho =  4.5087630214E-02
           GradRho =  1.6939872153E-18  1.4167286241E-18 -5.5227128461E-17
           HessRho_EigVals = -3.6802339117E-02 -3.6800414058E-02  2.3124156515E-01
           HessRho_EigVec1 =  9.8901490761E-01 -1.4781576672E-01 -1.0783083593E-04
           HessRho_EigVec2 =  1.4781570255E-01  9.8901481523E-01 -4.6187143185E-04
           HessRho_EigVec3 =  1.7491817409E-04  4.4085864073E-04  9.9999988752E-01
           DelSqRho =  1.5763881197E-01
           Bond Ellipticity =  5.2310792678E-05
           V = -4.3923992693E-02
           G =  4.1666847843E-02
           K =  2.2571448498E-03
           L = -3.9409702993E-02
           Vnuc =  1.1549367787E+01
           Ven = -5.2073362396E-01
           Vrep =  4.7680963127E-01
           DelSqV = -3.8182293522E-01
           DelSqVen = -1.8206286169E+00
           DelSqVrep =  1.4388056817E+00
           DelSqG =  2.7990258799E-01
           DelSqK =  1.0192034723E-01
           Stress_EigVals = -2.3954606842E-02 -2.3954590785E-02  3.9852049340E-03
           Stress_EigVec1 =  4.2932612698E-01  9.0314940299E-01 -4.8225433490E-04
           Stress_EigVec2 =  9.0314951560E-01 -4.2932615908E-01  4.0142453764E-05
           Stress_EigVec3 =  1.7078976815E-04  4.5278197316E-04  9.9999988291E-01
           -DivStress =  3.3191976465E-06  8.8932639588E-06  1.9522238195E-02
           ESP =  -2.5708902624E-02
           ESPe = -1.1575076689E+01
           ESPn =  1.1549367787E+01
           BPL =  3.9792955412E+00 =  1.8293157715E+00 +  2.1499797697E+00                
           GBL_I =  3.9792955383E+00                                                      
           GBL_II =  3.9792931634E+00                                                     
           GBL_III =  3.9792955384E+00 =  1.8293157687E+00 +  2.1499797697E+00            
           GBL_IV =  3.9792931635E+00 =  1.8293127178E+00 +  2.1499804457E+00             

CP# 10     Coords =  6.25921206985190E-04  7.79512390895766E-04  7.35357985274171E-01
           Type = (3,-1) BCP Cl5 C1
           Rho =  8.2601871723E-02
           GradRho = -7.1190152200E-17 -3.3226257730E-17  6.9329436035E-17
           HessRho_EigVals = -8.7814508567E-02 -8.7814354938E-02  2.1167308592E-01
           HessRho_EigVec1 = -6.4211183266E-02  9.9793624202E-01 -4.2521204072E-04
           HessRho_EigVec2 =  9.9793631676E-01  6.4211100475E-02 -2.0558966313E-04
           HessRho_EigVec3 =  1.7786204275E-04  4.3753569329E-04  9.9999988846E-01
           DelSqRho =  3.6044222415E-02
           Bond Ellipticity =  1.7494717157E-06
           V = -7.0937767433E-02
           G =  3.9974411518E-02
           K =  3.0963355914E-02
           L = -9.0110556038E-03
           Vnuc =  1.3470735060E+01
           Ven = -1.1127079295E+00
           Vrep =  1.0417701620E+00
           DelSqV = -4.5185502995E-01
           DelSqVen = -4.8554217061E-01
           DelSqVrep =  3.3687140662E-02
           DelSqG =  3.0587552028E-01
           DelSqK =  1.4597950967E-01
           Stress_EigVals = -4.3120333248E-02 -4.3120315744E-02  1.5302881560E-02
           Stress_EigVec1 =  9.5485222484E-01  2.9708103018E-01 -3.0039454135E-04
           Stress_EigVec2 = -2.9708112848E-01  9.5485217174E-01 -3.6499891190E-04
           Stress_EigVec3 =  1.7839812743E-04  4.3776157242E-04  9.9999988827E-01
           -DivStress = -7.7601945412E-06 -1.8978046100E-05 -4.3470162334E-02
           ESP =   1.8698579448E-01
           ESPe = -1.3283749266E+01
           ESPn =  1.3470735060E+01
           BPL =  4.0297003508E+00 =  2.3727087916E+00 +  1.6569915592E+00                
           GBL_I =  4.0297003508E+00                                                      
           GBL_II =  4.0297034797E+00                                                     
           GBL_III =  4.0297003508E+00 =  2.3727087916E+00 +  1.6569915592E+00            
           GBL_IV =  4.0297034797E+00 =  2.3727088696E+00 +  1.6569946101E+00             

CP# 11     Coords =  1.13778488300834E+00  6.56525059401562E-01 -1.07588057820427E+00
           Type = (3,-1) BCP H4 C1
           Rho =  3.1643378985E-01
           GradRho =  1.3106753375E-17 -1.5571200588E-17 -3.4483250256E-17
           HessRho_EigVals = -9.6582453381E-01 -9.2482909443E-01  5.1093497049E-01
           HessRho_EigVec1 =  1.2134477988E-01  7.0375997681E-02  9.9011244985E-01
           HessRho_EigVec2 = -4.9989371267E-01  8.6608670982E-01 -2.9514198680E-04
           HessRho_EigVec3 =  8.5754400495E-01  4.9491517458E-01 -1.4027561992E-01
           DelSqRho = -1.3797186577E+00
           Bond Ellipticity =  4.4327584008E-02
           V = -4.3324006700E-01
           G =  4.4155201279E-02
           K =  3.8908486572E-01
           L =  3.4492966444E-01
           Vnuc =  1.2798263653E+01
           Ven = -4.0498030714E+00
           Vrep =  3.6165630044E+00
           DelSqV = -2.5035103823E+00
           DelSqVen =  1.7658003149E+01
           DelSqVrep = -2.0161513532E+01
           DelSqG =  1.8910032228E+00
           DelSqK =  6.1250715958E-01
           Stress_EigVals = -2.7292944987E-01 -2.6708818889E-01  1.0677757176E-01
           Stress_EigVec1 = -4.9989264285E-01  8.6608733082E-01 -2.8463389967E-04
           Stress_EigVec2 =  1.1897362066E-01  6.8995313344E-02  9.9049731162E-01
           Stress_EigVec3 =  8.5787681121E-01  4.9510845491E-01 -1.3753179509E-01
           -DivStress =  1.6591768332E-02  9.5724414510E-03 -1.2924054627E-02
           ESP =   7.4789656103E-01
           ESPe = -1.2050367092E+01
           ESPn =  1.2798263653E+01
           BPL =  1.9713920640E+00 =  6.4877480908E-01 +  1.3226172550E+00                
           GBL_I =  1.9709343480E+00                                                      
           GBL_II =  2.0049558936E+00                                                     
           GBL_III =  1.9710982738E+00 =  6.4877175891E-01 +  1.3223265149E+00            
           GBL_IV =  2.0051345596E+00 =  6.8280839936E-01 +  1.3223261603E+00             

Number of NACPs  =      6
Number of NNACPs =      0
Number of BCPs   =      5
Number of RCPs   =      0
Number of CCPs   =      0
NumNACP + NumNNACP - NumBCP + NumRCP - NumCCP =      1
Poincare-Hopf Relationship is Satisfied

Bond Path Angles and Corresponding Geometric Bond Angles:
--------------------------------------------------------
  BPA     = A-B-C Bond Path Angle
  GBA_I   = A-B-C Geometric Bond Angle in Terms of Nuclear Attractors
  GBA_II  = A-B-C Geometric Bond Angle in Terms of Nuclei
  GBA_III = A-B-C Geometric Bond Angle in Terms of A|B and C|B BCPs and Nuclear Attractor B
  GBA_IV  = A-B-C Geometric Bond Angle in Terms of A|B and C|B BCPs and Nucleus B
-------------------------------------------------------------------------------------------------
Atom A    Atom B    Atom C        BPA          GBA_I         GBA_II       GBA_III       GBA_IV
-------------------------------------------------------------------------------------------------
H3        C1        H2        119.23708079  118.45539455  118.44183789  118.66731061  118.66736247
F6        C1        H2         84.95335630   82.80376630   82.77185571   83.32096609   83.32109739
F6        C1        H3         84.96397421   82.80581840   82.77391303   83.32371877   83.32385007
Cl5       C1        H2         95.04090355   97.19545369   97.22736428   96.67781367   96.67768238
Cl5       C1        H3         95.04073341   97.19490745   97.22681282   96.67735108   96.67721978
Cl5       C1        F6        179.99388025  179.99912891  179.99912891  179.99866929  179.99866930
H4        C1        H2        119.23692427  118.45513115  118.44157208  118.66708609  118.66713795
H4        C1        H3        119.23634571  118.45465606  118.44109892  118.66659684  118.66664868
H4        C1        F6         84.96052161   82.80514249   82.77323572   83.32281047   83.32294177
H4        C1        Cl5        95.04051101   97.19491167   97.22681844   96.67733993   96.67720863

Total time for electron density critical point search, analysis and connectivity = 116 sec (NProc = 12)            
 
Virial-Based Atomic Energy Components:
-------------------------------------
  Ee(A) = E(A) - W(A) = -T(A)
        = Contribution of Atom A to Electronic Energy of Molecule.
          Not additive to give molecular Ee unless molecular electronic virial theorem is satisfied.
  T(A) = Electronic Kinetic Energy of Atom A (Hamiltonian Form)
  Ven(A) = Ven(A,Mol) = VenT(A)
         = Attraction Energy Between Electron Density Distribution of Atom A and Nuclei of Molecule
  VenO(A) = Ven(A,A)
          = Attraction Energy Between Electron Density Distribution of Atom A and Nucleus of Atom A
  Vee(A) = Vee(A,A) + Vee(A,A')/2
         = Two-Electron Interaction Energy of Atom A with Itself Plus Half of Two-Electron Interaction Energy
           Between Atom A and Other Atoms of Molecule
  Vnn(A) - W(A) = Contribution of Atom A to the Nuclear Repulsion Energy of Molecule Minus
                  the Nuclear Virial of Energy-Gradient-Based Forces on Nuclei of Molecule.
                  Calculation of Vnn(A) - W(A) assumes satisfaction of the atomic virial theorem:
                       2T(A) + Ven(A) + Vee(A) + Vnn(A) - W(A) = 0
See "2EDM Note" and "DFT Note".
--------------------------------------------------------------------------------------------------------------------
Atom A         Ee(A)              T(A)             Ven(A)           VenO(A)            Vee(A)        Vnn(A) - W(A)
--------------------------------------------------------------------------------------------------------------------
C1       -3.7794368875E+01  3.7794368875E+01 -1.3447164366E+02 -8.8884364593E+01
H2       -6.1434172661E-01  6.1434172661E-01 -9.2853836919E+00 -1.2212589451E+00
H3       -6.1433283643E-01  6.1433283643E-01 -9.2853434839E+00 -1.2212537487E+00
H4       -6.1434023167E-01  6.1434023167E-01 -9.2854078232E+00 -1.2212593092E+00
Cl5      -4.5981276529E+02  4.5981276529E+02 -1.1562991250E+03 -1.0992944332E+03
F6       -9.9740607377E+01  9.9740607377E+01 -2.8562928785E+02 -2.4297572224E+02
--------------------------------------------------------------------------------------------------------------------
Total    -5.9919075634E+02  5.9919075634E+02 -1.6042561915E+03 -1.4348182920E+03
 
More Virial-Based Atomic Energy Components:
------------------------------------------
  E(A) = Ee(A) + W(A)
       = T(A) + Ven(A) + Vee(A) + Vnn(A) = Contribution of Atom A to Total Energy E of Molecule
         Not additive to give molecular E unless molecular virial theorem is satisfied.
  Ee(A) = E(A) - W(A) = Contribution of Atom A to Electronic Energy of Molecule
          Not additive to give molecular Ee unless molecular virial theorem is satisfied.
  W(A) = Contribution of Atom A to Nuclear Virial of Energy-Gradient-Based Forces on Nuclei of Molecule
  Vnn(A) = Contribution of Atom A to Nuclear Repulsion Energy of Molecule
           Calculation of Vnn(A) assumes satisfaction of the atomic virial theorem:
                2T(A) + Ven(A) + Vee(A) + Vnn(A) - W(A) = 0
  VeeC(A) = Coulomb Part of Vee(A)
  VeeX(A) = Exchange-Correlation Part of Vee(A)
See "2EDM Note" and "DFT Note".
--------------------------------------------------------------------------------------------------------------------
Atom A          E(A)             Ee(A)              W(A)             Vnn(A)           VeeC(A)           VeeX(A)
--------------------------------------------------------------------------------------------------------------------
C1                         -3.7794368875E+01
H2                         -6.1434172661E-01
H3                         -6.1433283643E-01
H4                         -6.1434023167E-01
Cl5                        -4.5981276529E+02
F6                         -9.9740607377E+01
--------------------------------------------------------------------------------------------------------------------
Total                      -5.9919075634E+02
 
IQA Atomic Energy Components:
----------------------------
  E_IQA(A) = Contribution of Atom A to Total Energy E of Molecule, Using IQA Additive Atomic Energy Definition
           = T(A) + Vne(A,Mol)/2 + Ven(A,Mol)/2 + Vee(A) + Vnn(A,Mol)/2
  T(A) = Electronic Kinetic Energy of Atom A (Hamiltonian Form)
  Vne(A,Mol)/2 = Half of Attraction Energy Between Nucleus of Atom A and Electron Density Distribution of Molecule
  Ven(A,Mol)/2 = Half of Attraction Energy Between Electron Density Distribution of Atom A and Nuclei of Molecule
  Vee(A) = Vee(A,A) + Vee(A,A')/2
         = Two-Electron Interaction Energy of Atom A with Itself Plus Half of Two-Electron Interaction Energy
           Between Atom A and Other Atoms of Molecule
  Vnn(A,Mol)/2 = Vnn(A,A')/2 = Half of Repulsion Energy Between Nucleus of Atom A and Other Nuclei of Molecule
  VeeC(A) = Coulomb Part of Vee(A)
  VeeX(A) = Exchange-Correlation Part of Vee(A)
See "2EDM Note" and "DFT Note".
--------------------------------------------------------------------------------------------------------------------------------------------------------
Atom A        E_IQA(A)            T(A)          Vne(A,Mol)/2      Ven(A,Mol)/2         Vee(A)         Vnn(A,Mol)/2        VeeC(A)           VeeX(A)
--------------------------------------------------------------------------------------------------------------------------------------------------------
C1                          3.7794368875E+01 -6.8538735500E+01 -6.7235821828E+01                    2.3930030128E+01
H2                          6.1434172661E-01 -5.2835847888E+00 -4.6426918460E+00                    4.6521003344E+00
H3                          6.1433283643E-01 -5.2835625130E+00 -4.6426717419E+00                    4.6520786655E+00
H4                          6.1434023167E-01 -5.2835664444E+00 -4.6427039116E+00                    4.6520823599E+00
Cl5                         4.5981276529E+02 -5.7701588451E+02 -5.7814956252E+02                    2.7608777377E+01
F6                          9.9740607377E+01 -1.4072234845E+02 -1.4281464393E+02                    1.9532450886E+01
--------------------------------------------------------------------------------------------------------------------------------------------------------
Total                       5.9919075634E+02 -8.0212768221E+02 -8.0212809578E+02                    8.5027519751E+01
 
More IQA Atomic Energy Components:
---------------------------------
  Vneen(A) = Vne(A,Mol)/2 + Ven(A,Mol)/2
  V_IQA(A) = Vne(A,Mol)/2 + Ven(A,Mol)/2 + Vee(A,A) + Vee(A,A')/2 + Vnn(A,A')/2
           = VC_IQA(A) + VX_IQA(A) = Potential Energy Contribution to E_IQA(A)
           = E_IQA(A) - T(A)
  VC_IQA(A) = Vne(A,Mol)/2 + Ven(A,Mol)/2 + VeeC(A,A) + VeeC(A,A')/2 + Vnn(A,A')/2
            = Coulomb Potential Energy Contribution to E_IQA(A)
            = E_IQA(A) - T(A) - VeeX(A)
  VX_IQA(A) = VeeX(A,A) + VeeX(A,A')/2
            = Exchange-Correlation Energy Contribution to E_IQA(A)
            = E_IQA(A) - T(A) - VC_IQA(A)
See "2EDM Note" and "DFT Note".
--------------------------------------------------------------------------------
Atom A        Vneen(A)          V_IQA(A)         VC_IQA(A)         VX_IQA(A)
--------------------------------------------------------------------------------
C1       -1.3577455733E+02
H2       -9.9262766348E+00
H3       -9.9262342549E+00
H4       -9.9262703560E+00
Cl5      -1.1551654470E+03
F6       -2.8353699238E+02
--------------------------------------------------------------------------------
Total    -1.6042557780E+03
 
IQA Intraatomic ("Self") Energy Components:
------------------------------------------
  E_IQA_Intra(A) = T(A) + Vne(A,A) + Vee(A,A)
                 = Intraatomic ("Self") Contribution to E_IQA(A)
  T(A) = Electronic Kinetic Energy of Atom A (Hamiltonian Form)
  Vne(A,A) = Attraction Energy Between Electron Density Distribution of Atom A and Nucleus of Atom A
  Vee(A,A) = Two-electron Interaction Energy of Atom A With Itself
  VeeC(A,A) = Coulomb Part of Vee(A,A)
  VeeX(A,A) = Exchange-Correlation Part of Vee(A,A)
