AIMSum (Version 17.11.14, Professional)
Copyright (c) 1997-2017 by Todd A. Keith
AIMSum is a component of the AIMAll package ( http://aim.tkgristmill.com )

TP:  64-bit Linux

Much of the Quantum Theory of Atoms in Molecules (QTAIM) is described in the book:
  "Atoms in Molecules - A Quantum Theory"
  R.F.W. Bader, Oxford University Press, Oxford, 1990

For additional references see:  http://aim.tkgristmill.com/references.html

Wfn File:  /home/bruns/gaussian_inputs/GAUSSIAN-XH_3.wfn
Sum File:  /home/bruns/gaussian_inputs/GAUSSIAN-XH_3.sum

SumViz File:  /home/bruns/gaussian_inputs/GAUSSIAN-XH_3.sumviz

Wfn Title:   title line                                                                    
 
Total memory allocated for AIMSum =        1.289 Megabytes

Atomic units (a.u.) used throughout, except where stated otherwise

Model:  Unknown
 
Restricted, natural orbital wavefunction.
  Number of electrons (from MO Occs)                   =          35.9999998000
  Number of Alpha electrons (from MO Occs)             =          17.9999999000
  Number of Beta electrons (from MO Occs)              =          17.9999999000
  Number of electron pairs (N*(N-1)/2)                 =         629.9999929000
  Number of electron pairs (from Muller 2EDM)          =         629.9999929000
  Number of electron pairs (from Muller 2EDM, no SOSI) =         630.4350568847
 
Nuclear Charges and Cartesian Coordinates:
-------------------------------------------------------------------------------
Atom      Charge                X                  Y                  Z
-------------------------------------------------------------------------------
C1         6.0           3.3070000000E-04   5.4800000000E-05  -9.4053370000E-01
H2         1.0           3.5900000000E-05  -1.9890690400E+00  -1.1730021400E+00
H3         1.0          -1.7410273600E+00   9.9468570000E-01  -1.1739829100E+00
H4         1.0           1.7229578000E+00   9.9424539000E-01  -1.1745970700E+00
Cl5       17.0           1.0488000000E-03   1.8179200000E-03   3.1080665900E+00
F6         9.0          -3.5149000000E-04  -1.7404400000E-03  -4.9009291400E+00
 
Some Atomic Properties:
----------------------
  q(A) = Net Charge of Atom A
  L(A) = Lagrangian of Atom A = -(1/4) Times Atomic Integral of the Laplacian of the Electron Density
  K(A) = Electronic Kinetic Energy of Atom A (Hamiltonian Form)
  K_Scaled(A) = K(A) * E(Mol)/K(Mol) = Approximation to Virial-Based Total Energy of Atom A.
  |Mu_Intra(A)| = Magnitude of Intraatomic Dipole Moment of Atom A
--------------------------------------------------------------------------------------------------
Atom A          q(A)              L(A)              K(A)          K_Scaled(A)      |Mu_Intra(A)|
--------------------------------------------------------------------------------------------------
C1        2.2052665340E-01  6.4458384396E-05  3.7789986452E+01 -3.7798594633E+01  2.5025988516E-02
H2        9.1628167350E-02  3.0616338134E-05  6.1527213838E-01 -6.1541229122E-01  1.4501846467E-01
H3        9.5999895840E-02  2.0275064519E-05  6.0809834941E-01 -6.0823686813E-01  1.4455210186E-01
H4        9.2489167350E-02  2.9651331612E-05  6.1477447239E-01 -6.1491451187E-01  1.4484952648E-01
Cl5      -6.4152355500E-01  8.4537540956E-06  4.5981456633E+02 -4.5991930749E+02  1.6845551498E-01
F6       -8.5895018210E-01  1.1099755604E-05  9.9740083959E+01 -9.9762803753E+01  1.0503340191E-01
--------------------------------------------------------------------------------------------------
Total    -9.9982985316E-01  1.6455462836E-04  5.9918278170E+02 -5.9931926955E+02
 
1st Largest |L(A)| = 6.4458384396E-05, atom C1      
2nd Largest |L(A)| = 3.0616338134E-05, atom H2      
 
Molecular charge q(Mol) from the wfn file:  -9.9999980000E-01
Molecular energy E(Mol) from the wfn file:  -5.9931924815E+02
Molecular virial ratio (-V(Mol)/T(Mol)) from the wfn file:   2.0002277900E+00
Note.  K_Scaled(A) = (1+V(Mol)/T(Mol))*K(A) = (E(Mol)/T(Mol))*K(A)
       Only use K_Scaled(A) data with caution.
 
N_AIMInt(SumA)     =         35.999830
N_Analytic(Mol)    =         36.000000
 
G_AIMInt(SumA)     =        599.182617
G_Analytic(Mol)    =        599.182762
 
K_AIMInt(SumA)     =        599.182782
K_Analytic(Mol)    =        599.182762
 
L_AIMInt(SumA)     =          0.000165
L_Analytic(Mol)    =          0.000000
 
VenT_AIMInt(SumA)  =      -1604.100626
VenT_Analytic(Mol) =      -1604.102257
 
Some Information About the Atomic Calculations:
----------------------------------------------
  Time(sec) = "Elapsed User Time", in Seconds, for Atom A by AIMInt and, if used, by TWOe
  NProc = Number of Processors Used for AIMInt Job
  BIM = Basin Integration Method
  OAQ = Angular Quadrature Outside of Beta Sphere
  ORQ = Multiple of Default for Radial Quadrature Outside of Beta Sphere
  IAQ = Multiple of Default for Angular Quadrature Inside of Beta Sphere
  IRQ = Multiple of Default for Radial Quadrature Inside of Beta Sphere
  MIR = Maximum Integration Radius
------------------------------------------------------------------------------------------------------
Atom A     Time(sec)   NProc      BIM          OAQ                     ORQ      IAQ      IRQ      MIR
------------------------------------------------------------------------------------------------------
C1             65       12     Proaim(5)    4500(GS4)                  1.00     1.00     1.00    13.00
H2             17       12     Proaim(5)    1800(GS4)                  1.00     1.00     1.00    13.00
H3             13       12     Proaim(5)    1800(GS4)                  1.00     1.00     1.00    13.00
H4             14       12     Proaim(5)    1800(GS4)                  1.00     1.00     1.00    13.00
Cl5            27       12     Proaim(5)    3150(GS4)                  1.00     1.00     1.00    13.00
F6             26       12     Proaim(5)    2700(GS4)                  1.00     1.00     1.00    13.00
------------------------------------------------------------------------------------------------------
Total         162
Note:  Total wall clock time is less than total of atomic times if more than one atom
       was calculated at a time
 
Electron Density Critical Point Analysis of Molecular Structure:               
---------------------------------------------------------------                
  NACP = Nuclear Attractor Critical Point                                      
  NNACP = Non-Nuclear Attractor Critical Point                                 
  BCP = Bond Critical Point                                                    
  RCP = Ring Critical Point                                                    
  CCP = Cage Critical Point                                                    
  Rho = Electron Density                                                       
  GradRho = Gradient of Electron Density                                       
  HessRho_EigVals = Eigenvalues of the Hessian of Rho, Ascending Order         
  HessRho_EigVecs = Eigenvectors of the Hessian of Rho                         
  DelSqRho = Laplacian of Rho = Trace of Hessian of Rho                        
  Bond Ellipticity = (HessRho_EigVal(1) / HessRho_EigVal(2)) - 1               
  V = Virial Field = Potential Energy Density = Trace of Stress Tensor         
  G = Lagrangian Form of Kinetic Energy Density                                
  K = Hamiltonian Form of Kinetic Energy Density                               
  L = K - G = Lagrangian Density = (-1/4)DelSqRho                              
  Vnuc = Electrostatic Potential from Nuclei                                   
  Ven = Electron-nuclear attractive contribution to Virial Field V             
  Vrep = V - Ven = Repulsive contribution to Virial Field V                    
  DelSqV = Laplacian of V                                                      
  DelSqVen = Laplacian of Ven                                                  
  DelSqVrep = Laplacian of Vrep                                                
  DelSqG = Laplacian of G                                                      
  DelSqK = Laplacian of K                                                      
  Stress_EigVals = Eigenvalues of Stress Tensor, Ascending Order               
  Stress_EigVecs = Eigenvectors of Stress Tensor                               
  -DivStress = Ehrenfest Force Density = Minus Divergence of Stress Tensor     
  ESP = Total Electrostatic Potential                                          
  ESPe = Electrostatic Potential from Electrons                                
  ESPn = Electrostatic Potential from Nuclei                                   
  BP = Bond Path                                                               
  BPL = Bond Path Length                                                       
  GBL = Geometric Bond Length                                                  
  GBL_I = Distance Between Nuclear Attractors                                  
  GBL_II = Distance Between Nuclei                                             
  GBL_III = Sum of Distances Between BCP and Nuclear Attractors                
  GBL_IV = Sum of Distances Between BCP and Nuclei                             

CP# 1      Coords =  3.30591392057537E-04  5.48589293906641E-05 -9.40530850132475E-01
           Type = (3,-3) NACP C1
           Rho =  1.2140604423E+02     Rho at Nucleus =  1.2140604322E+02
           GradRho =  4.9384685018E-15 -1.0873298886E-16  4.2062796823E-13
           HessRho_EigVals = -2.4892764245E+05 -2.4892059480E+05 -2.4892053221E+05
           HessRho_EigVec1 =  1.4242052062E-03 -3.2412423250E-04  9.9999893329E-01
           HessRho_EigVec2 =  8.9178008608E-01 -4.5246687275E-01 -1.4167348305E-03
           HessRho_EigVec3 =  4.5246684930E-01  8.9178115253E-01 -3.5535813984E-04
           DelSqRho = -7.4676876946E+05
           Bond Ellipticity = NA
           V = -1.8670568288E+05
           G =  6.7452581383E+00
           K =  1.8669893762E+05
           L =  1.8669219236E+05
           Vnuc =  2.1033927999E+06
           Ven = -2.5536459930E+08
           Vrep =  2.5517789362E+08
           DelSqV =  1.1231330841E+10
           DelSqVen =  1.5707480883E+12
           DelSqVrep = -1.5595167575E+12
           DelSqG =  3.8280996578E+08
           DelSqK = -1.1614140807E+10
           Stress_EigVals = -6.2235954842E+04 -6.2235934562E+04 -6.2233793477E+04
           Stress_EigVec1 =  5.1653149659E-01  8.5626808692E-01 -4.1995455139E-04
           Stress_EigVec2 =  8.5626722479E-01 -5.1653158864E-01 -1.2480759664E-03
           Stress_EigVec3 =  1.2856074117E-03 -2.8507722853E-04  9.9999913297E-01
           -DivStress =  3.9951293925E+02 -2.1679133928E+02 -1.0475502384E+04
           ESP =  -1.4868152223E+01     ESP at Nucleus =  -1.4868152247E+01
           ESPe = -2.2833615895E+01     ESPe at Nucleus = -2.2833614845E+01
           ESPn =  7.9654636716E+00     ESPn at Nucleus =  7.9654625980E+00

CP# 2      Coords =  5.15725542671705E-05 -1.95532676151460E+00 -1.16801460343508E+00
           Type = (3,-3) NACP H2
           Rho =  4.4819398241E-01     Rho at Nucleus =  4.4331465214E-01
           GradRho =  1.3028935845E-17 -5.8816716268E-16  6.8451080230E-16
           HessRho_EigVals = -8.9799141453E+00 -8.9666190733E+00 -8.0229164016E+00
           HessRho_EigVec1 = -1.1286898594E-04 -1.3688712329E-01  9.9058664575E-01
           HessRho_EigVec2 =  9.9999993009E-01 -3.6857947562E-04  6.3008313505E-05
           HessRho_EigVec3 =  3.5648487967E-04  9.9058658361E-01  1.3688715532E-01
           DelSqRho = -2.5969449620E+01
           Bond Ellipticity = NA
           V = -6.5202204686E+00
           G =  1.3929031781E-02
           K =  6.5062914368E+00
           L =  6.4923624051E+00
           Vnuc =  3.8701527244E+01
           Ven = -1.7345791621E+01
           Vrep =  1.0825571152E+01
           DelSqV =  1.6597675571E+03
           DelSqVen =  1.0050573620E+03
           DelSqVrep =  6.5471019510E+02
           DelSqG =  1.2678935186E+02
           DelSqK = -1.7865569090E+03
           Stress_EigVals = -2.2535980686E+00 -2.2513061879E+00 -2.0153162122E+00
           Stress_EigVec1 =  7.6634320915E-04 -1.3628048800E-01  9.9066999617E-01
           Stress_EigVec2 =  9.9999962157E-01 -3.0351322355E-04 -8.1531272017E-04
           Stress_EigVec3 =  4.1179265938E-04  9.9067024608E-01  1.3628020383E-01
           -DivStress = -8.5964851925E-03 -1.8242272007E+01 -2.6966244609E+00
           ESP =  -1.2606661923E+00     ESP at Nucleus =  -1.2625529737E+00
           ESPe = -1.0644332932E+01     ESPe at Nucleus = -1.0569365840E+01
           ESPn =  9.3836667402E+00     ESPn at Nucleus =  9.3068128667E+00

CP# 3      Coords = -1.71206081324097E+00  9.78173532799923E-01 -1.16906642540732E+00
           Type = (3,-3) NACP H3
           Rho =  4.4255056273E-01     Rho at Nucleus =  4.3783788918E-01
           GradRho =  3.2929195318E-13 -1.8715325214E-13  5.5033270788E-14
           HessRho_EigVals = -8.8716750012E+00 -8.8586368153E+00 -7.9456236791E+00
           HessRho_EigVec1 = -1.1862181624E-01  6.7469964455E-02  9.9064457229E-01
           HessRho_EigVec2 =  4.9533345785E-01  8.6870290883E-01  1.4737882778E-04
           HessRho_EigVec3 =  8.6056587792E-01 -4.9071688384E-01  1.3646724762E-01
           DelSqRho = -2.5675935496E+01
           Bond Ellipticity = NA
           V = -6.4459562579E+00
           G =  1.3486191980E-02
           K =  6.4324700659E+00
           L =  6.4189838739E+00
           Vnuc =  3.9018069596E+01
           Ven = -1.7267468657E+01
           Vrep =  1.0821512399E+01
           DelSqV =  1.6425746334E+03
           DelSqVen =  1.0018254381E+03
           DelSqVrep =  6.4074919529E+02
           DelSqG =  1.2549404152E+02
           DelSqK = -1.7680686749E+03
           Stress_EigVals = -2.2262661993E+00 -2.2239242481E+00 -1.9957658105E+00
           Stress_EigVec1 = -1.1729734548E-01  6.8528981323E-02  9.9072958544E-01
           Stress_EigVec2 =  4.9543210261E-01  8.6864549341E-01 -1.4277561829E-03
           Stress_EigVec3 =  8.6069063225E-01 -4.9067176962E-01  1.3584126785E-01
           -DivStress = -1.5485954965E+01  8.8274607689E+00 -2.6285259224E+00
           ESP =  -1.2597359222E+00     ESP at Nucleus =  -1.2613306599E+00
           ESPe = -1.0606753277E+01     ESPe at Nucleus = -1.0533205726E+01
           ESPn =  9.3470173546E+00     ESPn at Nucleus =  9.2718750660E+00

CP# 4      Coords =  1.69370908364416E+00  9.77385864403382E-01 -1.16958449722309E+00
           Type = (3,-3) NACP H4
           Rho =  4.4802282434E-01     Rho at Nucleus =  4.4313972235E-01
           GradRho = -4.6389388922E-13 -2.6715247045E-13  7.8490676339E-14
           HessRho_EigVals = -8.9761463809E+00 -8.9628308011E+00 -8.0187383750E+00
           HessRho_EigVec1 =  1.1923726735E-01  6.8635351732E-02  9.9049061710E-01
           HessRho_EigVec2 = -4.9941322612E-01  8.6636390860E-01  8.6297402789E-05
           HessRho_EigVec3 =  8.5811939941E-01  4.9467440440E-01 -1.3758026743E-01
           DelSqRho = -2.5957715557E+01
           Bond Ellipticity = NA
           V = -6.5172547629E+00
           G =  1.3912936839E-02
           K =  6.5033418261E+00
           L =  6.4894288893E+00
           Vnuc =  3.8682644420E+01
           Ven = -1.7330707606E+01
           Vrep =  1.0813452843E+01
           DelSqV =  1.6589342617E+03
           DelSqVen =  1.0041130809E+03
           DelSqVrep =  6.5482118089E+02
           DelSqG =  1.2672326238E+02
           DelSqK = -1.7856575241E+03
           Stress_EigVals = -2.2526529309E+00 -2.2503512223E+00 -2.0142506098E+00
           Stress_EigVec1 =  1.1830692563E-01  6.8985695653E-02  9.9057783397E-01
           Stress_EigVec2 = -4.9946635921E-01  8.6633301490E-01 -6.8066966808E-04
           Stress_EigVec3 =  8.5821723786E-01  4.9467977631E-01 -1.3694922981E-01
           -DivStress =  1.5805828319E+01  9.1107266146E+00 -2.7089111286E+00
           ESP =  -1.2603132306E+00     ESP at Nucleus =  -1.2621969222E+00
           ESPe = -1.0643221319E+01     ESPe at Nucleus = -1.0568209772E+01
           ESPn =  9.3829080885E+00     ESPn at Nucleus =  9.3060128500E+00

CP# 5      Coords =  1.04880007676005E-03  1.81791989573814E-03  3.10806651442659E+00
           Type = (3,-3) NACP Cl5
           Rho =  3.1725881313E+03     Rho at Nucleus =  3.1725881309E+03
           GradRho =  1.3928194069E-11  1.1500104634E-11  1.7629109122E-08
           HessRho_EigVals = -1.3891682641E+08 -1.3891660287E+08 -1.3891660278E+08
           HessRho_EigVec1 = -2.5548897329E-04  7.8135406097E-04  9.9999966211E-01
           HessRho_EigVec2 =  6.9046335156E-01  7.2336727117E-01 -3.8880031349E-04
           HessRho_EigVec3 =  7.2336733053E-01 -6.9046301892E-01  7.2430870511E-04
           DelSqRho = -4.1675003207E+08
           Bond Ellipticity = NA
           V = -1.0421595406E+08
           G =  1.4223023698E+04
           K =  1.0420173104E+08
           L =  1.0418750802E+08
           Vnuc =  2.2494650902E+08
           Ven = -7.1366262469E+11
           Vrep =  7.1355840874E+11
           DelSqV =  3.3656985661E+14
           DelSqVen =  9.3746457328E+16
           DelSqVrep = -9.3409887472E+16
           DelSqG =  4.5632232707E+12
           DelSqK = -3.4113307988E+14
           Stress_EigVals = -3.4738670090E+07 -3.4738670065E+07 -3.4738613909E+07
           Stress_EigVec1 =  7.2325512929E-01 -6.9058054167E-01  7.3035308958E-04
           Stress_EigVec2 =  6.9058087885E-01  7.2325507197E-01 -3.8810653795E-04
           Stress_EigVec3 = -2.6021275317E-04  7.8506792276E-04  9.9999965798E-01
           -DivStress = -8.5479150027E+03  1.1616086948E+04  8.4193330884E+06
           ESP =  -6.4638431713E+01     ESP at Nucleus =  -6.4638431714E+01
           ESPe = -6.7879263000E+01     ESPe at Nucleus = -6.7879262954E+01
           ESPn =  3.2408312870E+00     ESPn at Nucleus =  3.2408312395E+00

CP# 6      Coords = -3.51488812558038E-04 -1.74044084687562E-03 -4.90092842866732E+00
           Type = (3,-3) NACP F6
           Rho =  4.3109929704E+02     Rho at Nucleus =  4.3109929652E+02
           GradRho =  1.4221888898E-11 -1.0011648497E-11  8.6671953566E-09
           HessRho_EigVals = -2.0428436203E+06 -2.0428309786E+06 -2.0428309661E+06
           HessRho_EigVec1 =  6.8514614991E-04 -4.6893838428E-05  9.9999976419E-01
           HessRho_EigVec2 =  7.6081478074E-01  6.4896889640E-01 -4.9083679099E-04
           HessRho_EigVec3 = -6.4896872035E-01  7.6081493762E-01  4.8031606618E-04
           DelSqRho = -6.1285055650E+06
           Bond Ellipticity = NA
           V = -1.5324353063E+06
           G =  1.5445753930E+02
           K =  1.5322808488E+06
           L =  1.5321263913E+06
           Vnuc =  1.2652285532E+07
           Ven = -5.4543913990E+09
           Vrep =  5.4528589637E+09
           DelSqV =  2.1792702305E+11
           DelSqVen =  7.7539603120E+13
           DelSqVrep = -7.7321671903E+13
           DelSqG =  7.2617795649E+09
           DelSqK = -2.2518880261E+11
           Stress_EigVals = -5.1081281040E+05 -5.1081280736E+05 -5.1080968858E+05
           Stress_EigVec1 = -6.4804721533E-01  7.6160001279E-01  4.7667115321E-04
           Stress_EigVec2 =  7.6159985429E-01  6.4804738919E-01 -4.9327087862E-04
           Stress_EigVec3 =  6.8458060381E-04 -4.3369861538E-05  9.9999976473E-01
           -DivStress = -8.4646677869E+01  6.0488040979E+01 -5.0707654676E+04
           ESP =  -2.6928506466E+01     ESP at Nucleus =  -2.6928506469E+01
           ESPe = -3.1275813547E+01     ESPe at Nucleus = -3.1275812984E+01
           ESPn =  4.3473070808E+00     ESPn at Nucleus =  4.3473065149E+00

CP# 7      Coords =  2.29821246810529E-04 -1.31315319825231E+00 -1.08203960917129E+00
           Type = (3,-1) BCP C1 H2
           Rho =  3.1745219837E-01
           GradRho = -2.9666464289E-17 -4.1734316592E-14  2.8683839517E-14
           HessRho_EigVals = -9.7054615670E-01 -9.2940948262E-01  5.1148309608E-01
           HessRho_EigVec1 =  2.4835074826E-04 -1.2926574386E-01  9.9160995648E-01
           HessRho_EigVec2 =  9.9999995224E-01 -1.5032961309E-04 -2.7004892792E-04
           HessRho_EigVec3 =  1.8397641663E-04  9.9160997618E-01  1.2926570035E-01
           DelSqRho = -1.3884725432E+00
           Bond Ellipticity =  4.4261087128E-02
           V = -4.3560879706E-01
           G =  4.4245330626E-02
           K =  3.9136346644E-01
           L =  3.4711813581E-01
           Vnuc =  1.2801711939E+01
           Ven = -4.0639315981E+00
           Vrep =  3.6283228011E+00
           DelSqV = -2.5133912022E+00
           DelSqVen =  1.7774825534E+01
           DelSqVrep = -2.0288216737E+01
           DelSqG =  1.9011637970E+00
           DelSqK =  6.1222740517E-01
           Stress_EigVals = -2.7419443463E-01 -2.6829836328E-01  1.0688400084E-01
           Stress_EigVec1 =  9.9999908513E-01 -1.1198506092E-04 -1.3480358719E-03
           Stress_EigVec2 =  1.3229894236E-03 -1.2667976964E-01  9.9194278346E-01
           Stress_EigVec3 =  2.8185164676E-04  9.9194365940E-01  1.2667950559E-01
           -DivStress = -5.2382382384E-05 -2.0508907640E-02 -1.2209066197E-02
           ESP =   7.5136964599E-01
           ESPe = -1.2050342294E+01
           ESPn =  1.2801711939E+01
           BPL =  1.9689653683E+00 =  1.3210593839E+00 +  6.4790598438E-01                
           GBL_I =  1.9685695866E+00                                                      
           GBL_II =  2.0026620567E+00                                                     
           GBL_III =  1.9687136570E+00 =  1.3208104105E+00 +  6.4790324645E-01            
           GBL_IV =  2.0028191702E+00 =  1.3208100466E+00 +  6.8200912365E-01             

CP# 8      Coords = -1.15131932839718E+00  6.58330056206199E-01 -1.08298372528387E+00
           Type = (3,-1) BCP C1 H3
           Rho =  3.1140004606E-01
           GradRho = -1.2806144221E-13  7.3216805330E-14  1.4506859872E-13
           HessRho_EigVals = -9.4513305995E-01 -9.0577519234E-01  5.1309389149E-01
           HessRho_EigVec1 = -1.1203689447E-01  6.3208300481E-02  9.9169170866E-01
           HessRho_EigVec2 =  4.9546706860E-01  8.6862650793E-01  6.1126492656E-04
           HessRho_EigVec3 =  8.6137106882E-01 -4.9141906807E-01  1.2863584776E-01
           DelSqRho = -1.3378143608E+00
           Bond Ellipticity =  4.3452136849E-02
           V = -4.2001915918E-01
           G =  4.2782784489E-02
           K =  3.7723637469E-01
           L =  3.3445359020E-01
           Vnuc =  1.2742754035E+01
           Ven = -3.9680941934E+00
           Vrep =  3.5480750342E+00
           DelSqV = -2.4972455984E+00
           DelSqVen =  1.7047439344E+01
           DelSqVrep = -1.9544684943E+01
           DelSqG =  1.8361239621E+00
           DelSqK =  6.6112163631E-01
           Stress_EigVals = -2.6650460185E-01 -2.6101675010E-01  1.0750219277E-01
           Stress_EigVec1 =  4.9530567259E-01  8.6871847788E-01  7.0490085275E-04
           Stress_EigVec2 = -1.0987183153E-01  6.1839211313E-02  9.9202020775E-01
           Stress_EigVec3 =  8.6174269439E-01 -4.9143068497E-01  1.2607700240E-01
           -DivStress = -1.9675003628E-02  1.0710602854E-02 -1.1982356246E-02
           ESP =   7.3287203950E-01
           ESPe = -1.2009881996E+01
           ESPn =  1.2742754035E+01
           BPL =  1.9856512281E+00 =  1.3343872215E+00 +  6.5126400656E-01                
           GBL_I =  1.9852528736E+00                                                      
           GBL_II =  2.0189395865E+00                                                     
           GBL_III =  1.9853963048E+00 =  1.3341351486E+00 +  6.5126115623E-01            
           GBL_IV =  2.0190959392E+00 =  1.3341349671E+00 +  6.8496097208E-01             

CP# 9      Coords =  1.01572729416698E-03 -1.32238116630590E-03 -2.75719271643924E+00
           Type = (3,-1) BCP C1 F6
           Rho =  4.6131064673E-02
           GradRho = -3.1683448767E-16  1.8378029283E-16  1.4441787864E-16
           HessRho_EigVals = -3.8459040516E-02 -3.8311302399E-02  2.3470334711E-01
           HessRho_EigVec1 =  7.5667250888E-01 -6.5379372441E-01 -6.9298555508E-04
           HessRho_EigVec2 =  6.5379339114E-01  7.5667282471E-01 -6.6185561750E-04
           HessRho_EigVec3 =  9.5708038663E-04  4.7738574546E-05  9.9999954086E-01
           DelSqRho =  1.5793300420E-01
           Bond Ellipticity =  3.8562540962E-03
           V = -4.4859714964E-02
           G =  4.2171483007E-02
           K =  2.6882319577E-03
           L = -3.9483251049E-02
           Vnuc =  1.1577534324E+01
           Ven = -5.3408398467E-01
           Vrep =  4.8922426971E-01
           DelSqV = -3.9574643075E-01
           DelSqVen = -1.8284747770E+00
           DelSqVrep =  1.4327283463E+00
           DelSqG =  2.8721320758E-01
           DelSqK =  1.0853322317E-01
           Stress_EigVals = -2.4687396601E-02 -2.4673511330E-02  4.5011929669E-03
           Stress_EigVec1 =  4.2966071626E-04  9.9999979566E-01 -4.7336411217E-04
           Stress_EigVec2 =  9.9999989392E-01 -4.2973923708E-04 -1.6578905084E-04
           Stress_EigVec3 =  1.6599244009E-04  4.7329282891E-04  9.9999987422E-01
           -DivStress = -4.6499943248E-06  8.5190895626E-06  2.0436900910E-02
           ESP =  -1.7885365901E-02
           ESPe = -1.1595419690E+01
           ESPn =  1.1577534324E+01
           BPL =  3.9604338167E+00 =  1.8166976183E+00 +  2.1437361984E+00                
           GBL_I =  3.9603980442E+00                                                      
           GBL_II =  3.9603959056E+00                                                     
           GBL_III =  3.9603987065E+00 =  1.8166625176E+00 +  2.1437361890E+00            
           GBL_IV =  3.9603965679E+00 =  1.8166596676E+00 +  2.1437369003E+00             

CP# 10     Coords =  7.57362155991488E-04  8.44753938257537E-04  7.24835049118254E-01
           Type = (3,-1) BCP Cl5 C1
           Rho =  8.0683295411E-02
           GradRho = -3.5513271399E-19 -3.0844267773E-18 -3.1788154674E-18
           HessRho_EigVals = -8.4589540105E-02 -8.4526473582E-02  2.0968331419E-01
           HessRho_EigVec1 =  8.4401964872E-01 -5.3631223513E-01  1.3795234251E-04
           HessRho_EigVec2 =  5.3631224884E-01  8.4401958292E-01 -3.3969664545E-04
           HessRho_EigVec3 =  6.5748988603E-05  3.6069617440E-04  9.9999993279E-01
           DelSqRho =  4.0567300502E-02
           Bond Ellipticity =  7.4611563147E-04
           V = -6.9092087912E-02
           G =  3.9616956519E-02
           K =  2.9475131393E-02
           L = -1.0141825125E-02
           Vnuc =  1.3425193170E+01
           Ven = -1.0831888265E+00
           Vrep =  1.0140967386E+00
           DelSqV = -4.3986425334E-01
           DelSqVen = -5.4462384561E-01
           DelSqVrep =  1.0475959227E-01
           DelSqG =  2.9741196343E-01
           DelSqK =  1.4245228991E-01
           Stress_EigVals = -4.1844506426E-02 -4.1828415103E-02  1.4580833617E-02
           Stress_EigVec1 =  1.0133814187E-01  9.9485194002E-01 -4.4547212831E-04
           Stress_EigVec2 =  9.9485201725E-01 -1.0133822467E-01 -1.6734035471E-04
           Stress_EigVec3 =  2.1162223115E-04  4.2622088487E-04  9.9999988678E-01
           -DivStress = -6.6978819004E-07 -2.8131826851E-05 -4.1221381682E-02
           ESP =   1.7968130768E-01
           ESPe = -1.3245511862E+01
           ESPn =  1.3425193170E+01
           BPL =  4.0485989395E+00 =  2.3832316837E+00 +  1.6653672558E+00                
           GBL_I =  4.0485978121E+00                                                      
           GBL_II =  4.0486007376E+00                                                     
           GBL_III =  4.0485978231E+00 =  2.3832316818E+00 +  1.6653661413E+00            
           GBL_IV =  4.0486007485E+00 =  2.3832317574E+00 +  1.6653689911E+00             

CP# 11     Coords =  1.13766576335615E+00  6.56818874579353E-01 -1.08317621725690E+00
           Type = (3,-1) BCP H4 C1
           Rho =  3.1742721384E-01
           GradRho =  9.0233400495E-16  4.8376433292E-16 -1.8657840479E-16
           HessRho_EigVals = -9.7059502450E-01 -9.2959851071E-01  5.1164178545E-01
           HessRho_EigVec1 =  1.1307555700E-01  6.4189682083E-02  9.9151076803E-01
           HessRho_EigVec2 = -4.9934873483E-01  8.6640066126E-01  8.5743226562E-04
           HessRho_EigVec3 =  8.5899054676E-01  4.9520660222E-01 -1.3002177389E-01
           DelSqRho = -1.3885517498E+00
           Bond Ellipticity =  4.4101311819E-02
           V = -4.3549443905E-01
           G =  4.4178250805E-02
           K =  3.9131618825E-01
           L =  3.4713793744E-01
           Vnuc =  1.2800306336E+01
           Ven = -4.0631655767E+00
           Vrep =  3.6276711376E+00
           DelSqV = -2.5179457873E+00
           DelSqVen =  1.7773887761E+01
           DelSqVrep = -2.0291833548E+01
           DelSqG =  1.9007031518E+00
           DelSqK =  6.1724263550E-01
           Stress_EigVals = -2.7416239516E-01 -2.6829180157E-01  1.0695975768E-01
           Stress_EigVec1 = -4.9915936984E-01  8.6650785741E-01  2.0140858449E-03
           Stress_EigVec2 =  1.1138110146E-01  6.1856620575E-02  9.9185079963E-01
           Stress_EigVec3 =  8.5932192672E-01  4.9531595122E-01 -1.2738891133E-01
           -DivStress =  1.9009574916E-02  1.0480131319E-02 -1.2310812711E-02
           ESP =   7.5165012575E-01
           ESPe = -1.2048656211E+01
           ESPn =  1.2800306336E+01
           BPL =  1.9689401006E+00 =  6.4762431672E-01 +  1.3213157839E+00                
           GBL_I =  1.9685457032E+00                                                      
           GBL_II =  2.0026594109E+00                                                     
           GBL_III =  1.9686885981E+00 =  6.4762161781E-01 +  1.3210669803E+00            
           GBL_IV =  2.0028152378E+00 =  6.8174862947E-01 +  1.3210666084E+00             

Number of NACPs  =      6
Number of NNACPs =      0
Number of BCPs   =      5
Number of RCPs   =      0
Number of CCPs   =      0
NumNACP + NumNNACP - NumBCP + NumRCP - NumCCP =      1
Poincare-Hopf Relationship is Satisfied

Bond Path Angles and Corresponding Geometric Bond Angles:
--------------------------------------------------------
  BPA     = A-B-C Bond Path Angle
  GBA_I   = A-B-C Geometric Bond Angle in Terms of Nuclear Attractors
  GBA_II  = A-B-C Geometric Bond Angle in Terms of Nuclei
  GBA_III = A-B-C Geometric Bond Angle in Terms of A|B and C|B BCPs and Nuclear Attractor B
  GBA_IV  = A-B-C Geometric Bond Angle in Terms of A|B and C|B BCPs and Nucleus B
-------------------------------------------------------------------------------------------------
Atom A    Atom B    Atom C        BPA          GBA_I         GBA_II       GBA_III       GBA_IV
-------------------------------------------------------------------------------------------------
H3        C1        H2        119.12244209  118.42230854  118.40953346  118.62429818  118.62433782
F6        C1        H2         85.09107984   83.33822128   83.30812132   83.80621524   83.80633967
F6        C1        H3         85.95790528   83.39396377   83.36437071   83.91084894   83.91096736
Cl5       C1        H2         94.64887711   96.66075668   96.69085831   96.17752675   96.17740609
Cl5       C1        H3         94.66448431   96.60680051   96.63639001   96.12872775   96.12860125
Cl5       C1        F6        179.37508218  179.99893584  179.99893831  179.96023220  179.96024027
H4        C1        H2        119.45209033  118.67388099  118.66181947  118.86728154  118.86733558
H4        C1        H3        119.48879198  118.94584718  118.93537828  119.10010988  119.10015049
H4        C1        F6         85.05146919   83.33964141   83.30967314   83.80427687   83.80440149
H4        C1        Cl5        94.58767759   96.66061289   96.69058303   96.17242906   96.17230875

Total time for electron density critical point search, analysis and connectivity = 113 sec (NProc = 12)            
 
Virial-Based Atomic Energy Components:
-------------------------------------
  Ee(A) = E(A) - W(A) = -T(A)
        = Contribution of Atom A to Electronic Energy of Molecule.
          Not additive to give molecular Ee unless molecular electronic virial theorem is satisfied.
  T(A) = Electronic Kinetic Energy of Atom A (Hamiltonian Form)
  Ven(A) = Ven(A,Mol) = VenT(A)
         = Attraction Energy Between Electron Density Distribution of Atom A and Nuclei of Molecule
  VenO(A) = Ven(A,A)
          = Attraction Energy Between Electron Density Distribution of Atom A and Nucleus of Atom A
  Vee(A) = Vee(A,A) + Vee(A,A')/2
         = Two-Electron Interaction Energy of Atom A with Itself Plus Half of Two-Electron Interaction Energy
           Between Atom A and Other Atoms of Molecule
  Vnn(A) - W(A) = Contribution of Atom A to the Nuclear Repulsion Energy of Molecule Minus
                  the Nuclear Virial of Energy-Gradient-Based Forces on Nuclei of Molecule.
                  Calculation of Vnn(A) - W(A) assumes satisfaction of the atomic virial theorem:
                       2T(A) + Ven(A) + Vee(A) + Vnn(A) - W(A) = 0
See "2EDM Note" and "DFT Note".
--------------------------------------------------------------------------------------------------------------------
Atom A         Ee(A)              T(A)             Ven(A)           VenO(A)            Vee(A)        Vnn(A) - W(A)
--------------------------------------------------------------------------------------------------------------------
C1       -3.7789986452E+01  3.7789986452E+01 -1.3440741633E+02 -8.8874467563E+01
H2       -6.1527213838E-01  6.1527213838E-01 -9.2911371095E+00 -1.2224603905E+00
H3       -6.0809834941E-01  6.0809834941E-01 -9.2138537065E+00 -1.2124577195E+00
H4       -6.1477447239E-01  6.1477447239E-01 -9.2818898929E+00 -1.2215873512E+00
Cl5      -4.5981456633E+02  4.5981456633E+02 -1.1562435906E+03 -1.0993388287E+03
F6       -9.9740083959E+01  9.9740083959E+01 -2.8566273833E+02 -2.4295973805E+02
--------------------------------------------------------------------------------------------------------------------
Total    -5.9918278170E+02  5.9918278170E+02 -1.6041006260E+03 -1.4348295398E+03
 
More Virial-Based Atomic Energy Components:
------------------------------------------
  E(A) = Ee(A) + W(A)
       = T(A) + Ven(A) + Vee(A) + Vnn(A) = Contribution of Atom A to Total Energy E of Molecule
         Not additive to give molecular E unless molecular virial theorem is satisfied.
  Ee(A) = E(A) - W(A) = Contribution of Atom A to Electronic Energy of Molecule
          Not additive to give molecular Ee unless molecular virial theorem is satisfied.
  W(A) = Contribution of Atom A to Nuclear Virial of Energy-Gradient-Based Forces on Nuclei of Molecule
  Vnn(A) = Contribution of Atom A to Nuclear Repulsion Energy of Molecule
           Calculation of Vnn(A) assumes satisfaction of the atomic virial theorem:
                2T(A) + Ven(A) + Vee(A) + Vnn(A) - W(A) = 0
  VeeC(A) = Coulomb Part of Vee(A)
  VeeX(A) = Exchange-Correlation Part of Vee(A)
See "2EDM Note" and "DFT Note".
--------------------------------------------------------------------------------------------------------------------
Atom A          E(A)             Ee(A)              W(A)             Vnn(A)           VeeC(A)           VeeX(A)
--------------------------------------------------------------------------------------------------------------------
C1                         -3.7789986452E+01
H2                         -6.1527213838E-01
H3                         -6.0809834941E-01
H4                         -6.1477447239E-01
Cl5                        -4.5981456633E+02
F6                         -9.9740083959E+01
--------------------------------------------------------------------------------------------------------------------
Total                      -5.9918278170E+02
 
IQA Atomic Energy Components:
----------------------------
  E_IQA(A) = Contribution of Atom A to Total Energy E of Molecule, Using IQA Additive Atomic Energy Definition
           = T(A) + Vne(A,Mol)/2 + Ven(A,Mol)/2 + Vee(A) + Vnn(A,Mol)/2
  T(A) = Electronic Kinetic Energy of Atom A (Hamiltonian Form)
  Vne(A,Mol)/2 = Half of Attraction Energy Between Nucleus of Atom A and Electron Density Distribution of Molecule
  Ven(A,Mol)/2 = Half of Attraction Energy Between Electron Density Distribution of Atom A and Nuclei of Molecule
  Vee(A) = Vee(A,A) + Vee(A,A')/2
         = Two-Electron Interaction Energy of Atom A with Itself Plus Half of Two-Electron Interaction Energy
           Between Atom A and Other Atoms of Molecule
  Vnn(A,Mol)/2 = Vnn(A,A')/2 = Half of Repulsion Energy Between Nucleus of Atom A and Other Nuclei of Molecule
  VeeC(A) = Coulomb Part of Vee(A)
  VeeX(A) = Exchange-Correlation Part of Vee(A)
See "2EDM Note" and "DFT Note".
--------------------------------------------------------------------------------------------------------------------------------------------------------
Atom A        E_IQA(A)            T(A)          Vne(A,Mol)/2      Ven(A,Mol)/2         Vee(A)         Vnn(A,Mol)/2        VeeC(A)           VeeX(A)
--------------------------------------------------------------------------------------------------------------------------------------------------------
C1                          3.7789986452E+01 -6.8500844534E+01 -6.7203708166E+01                    2.3896387794E+01
H2                          6.1527213838E-01 -5.2846829207E+00 -4.6455685547E+00                    4.6534064334E+00
H3                          6.0809834941E-01 -5.2666028634E+00 -4.6069268532E+00                    4.6359375330E+00
H4                          6.1477447239E-01 -5.2841048852E+00 -4.6409449465E+00                    4.6530064250E+00
Cl5                         4.5981456633E+02 -5.7697373511E+02 -5.7812179531E+02                    2.7547065536E+01
F6                          9.9740083959E+01 -1.4074115843E+02 -1.4283136917E+02                    1.9562879317E+01
--------------------------------------------------------------------------------------------------------------------------------------------------------
Total                       5.9918278170E+02 -8.0205112874E+02 -8.0205031300E+02                    8.4948683038E+01
 
More IQA Atomic Energy Components:
---------------------------------
  Vneen(A) = Vne(A,Mol)/2 + Ven(A,Mol)/2
  V_IQA(A) = Vne(A,Mol)/2 + Ven(A,Mol)/2 + Vee(A,A) + Vee(A,A')/2 + Vnn(A,A')/2
           = VC_IQA(A) + VX_IQA(A) = Potential Energy Contribution to E_IQA(A)
           = E_IQA(A) - T(A)
  VC_IQA(A) = Vne(A,Mol)/2 + Ven(A,Mol)/2 + VeeC(A,A) + VeeC(A,A')/2 + Vnn(A,A')/2
            = Coulomb Potential Energy Contribution to E_IQA(A)
            = E_IQA(A) - T(A) - VeeX(A)
  VX_IQA(A) = VeeX(A,A) + VeeX(A,A')/2
            = Exchange-Correlation Energy Contribution to E_IQA(A)
            = E_IQA(A) - T(A) - VC_IQA(A)
See "2EDM Note" and "DFT Note".
--------------------------------------------------------------------------------
Atom A        Vneen(A)          V_IQA(A)         VC_IQA(A)         VX_IQA(A)
--------------------------------------------------------------------------------
C1       -1.3570455270E+02
H2       -9.9302514754E+00
H3       -9.8735297166E+00
H4       -9.9250498317E+00
Cl5      -1.1550955304E+03
F6       -2.8357252760E+02
--------------------------------------------------------------------------------
Total    -1.6041014417E+03
 
IQA Intraatomic ("Self") Energy Components:
------------------------------------------
  E_IQA_Intra(A) = T(A) + Vne(A,A) + Vee(A,A)
                 = Intraatomic ("Self") Contribution to E_IQA(A)
  T(A) = Electronic Kinetic Energy of Atom A (Hamiltonian Form)
  Vne(A,A) = Attraction Energy Between Electron Density Distribution of Atom A and Nucleus of Atom A
  Vee(A,A) = Two-electron Interaction Energy of Atom A With Itself
  VeeC(A,A) = Coulomb Part of Vee(A,A)
  VeeX(A,A) = Exchange-Correlation Part of Vee(A,A)
